# elf_sha256 2D157417C157522967ADDC628E8AD81EF7650D8B4D09601CAD1479DA653A896F
# started 2026-09-23T23:44:44
BEMFRUN handoff_ehz=200 target_duty_tenths=450 advance_level=22 total_ms=45000 inject=0
PREFLIGHT moe=0 ccr1=0 ccr2=0 ccr3=0 gates_low=1 en=0 nfault=1 verdict=PASS
POSTSTOP
PREFLIGHT moe=0 ccr1=0 ccr2=0 ccr3=0 gates_low=1 en=0 nfault=1 verdict=PASS
BEMFDONE reason=2 accepted=390562 forced=0 zc_acc=390570 too_early=0 unstable=808704 ci_us=83 bus_ref=1210 bus_min=1127
BEMFSAG ref_bus=1210 ref_vref=1506 filt_bus=1201 filt_vref=1507 streak=0 tripped=0
BEMFGATE closed_ms=39776 hold_ms=22276 target_tenths=450 zc_per_s=9819 comm_per_s=9819 ehz_from_ci_last=2008 forced_pct=0
BEMFRATE hold_ms=22276 hold_accepted=262750 hold_forced=0 mean_ci_us=84 mean_sector_us=84 ehz_from_sector=1984 zc_per_s=11795 zc_expected_per_s=11904 zc_rate_permille_of_expected=990 hold_forced_pct=0
BEMFTAIL accepts=26848 span_us=2275392 start_before_stop_us=2275534 end_before_stop_us=142 window_us=2000000
BEMFRCOMP spent_max_us=11 late_arms=0 com_preempts=0 com_arm_preempts=0
BEMFSECTOR a1=65535 f1=0 a2=64186 f2=0 a3=64678 f3=0 a4=63885 f4=0 a5=65535 f5=0 a6=64708 f6=0
BEMFPHASE lt075=7564 to100=65535 to125=65535 to150=6965 gt150=583
BEMFREVISIT r1=8809 v1=4167 r2=9250 v2=8149 r3=10296 v3=9688 r4=16191 v4=8989 r5=6332 v5=6394 r6=12458 v6=11288
BEMFDRIVEN entered=1 epochs=21 accepts=13 early=17 unstable=293 defers=2 retries=0 late_max_us=23 qual_intervals=12 qual_reanchors=0 qual_fault=0 fail=0 seeded=1 seed_step=3 seed_us=757 commanded_us=833 irq_peak_per_ms=57 closed_irq_peak_per_ms=62 storm=0 storm_step=0 cap_armed=1 comp_call_max_us=15 overrun=0 blank_arms=390569 blank_latched=0 com_count=390571 com_late_max_us=8
BEMFGUARD reason=0 ticks=440458 gap_max_us=105 track_fault=0 track_max_us=240 fast_events=381835 fast_min_us=42 loop_iters_closed=1522521 loop_gap_max_us=138 acquire_us=16798
BEMFDRVROWS 9:3:7697:912 10:4:699:685 11:5:752:697 12:6:703:580 13:1:752:496 14:2:700:373 15:3:724:244 16:4:626:45
BEMFDRVROWS 17:5:811:15 18:6:886:84 19:1:785:13 20:2:815:22 21:3:833:14
BEMFCURRENT blocks=4404 mean_residual=7985 mean_ma=1002 hold_blocks=2205 hold_ma=1481 zero_blocks=50 zero_start=619269 zero_end=616352 zero_drift_ma=-366 ref_ma=326 duty_tenths=450
BEMFWITNESS samples=81985 bemf_min=0 bemf_max=0 mid=0 mid_fixed=0 alt=0 hyst_codes=12 driven_rotation=0
vsenc_min=0 vsenc_max=0 star_min=0 star_max=0 bus_ref=1210
BEMFCOAST reason=2 pp_first=0 pp_last=0 crossings=0 spun=1 comp_edges=1642 comp_hi=330500 comp_polls=510104
COASTTIMING trans=1346 offset_us=37 first_us=247 iv_us=253,259,251,259,253,260,257,258 ehz_first=1976
SAGSNAP len=512 total=440436 frozen=0 num=95 den=100 streak_to_latch=3
SAGROW 38454 1201 1506 1201 1507 0 6 450 81
SAGROW 38580 1201 1507 1201 1507 0 1 450 121
SAGROW 38667 1201 1506 1201 1507 0 3 450 40
SAGROW 38767 1200 1507 1201 1507 0 4 450 58
SAGROW 38849 1199 1507 1201 1507 0 5 450 56
SAGROW 38946 1199 1507 1201 1507 0 6 450 68
SAGROW 39080 1199 1507 1201 1507 0 1 450 117
SAGROW 39167 1199 1507 1201 1507 0 3 450 40
SAGROW 39271 1199 1507 1201 1507 0 4 450 46
SAGROW 39356 1197 1507 1201 1507 0 5 450 58
SAGROW 39457 1196 1507 1201 1507 0 6 450 68
SAGROW 39591 1194 1507 1201 1507 0 1 450 116
SAGROW 39673 1196 1507 1201 1507 0 2 450 113
SAGROW 39758 1196 1507 1201 1507 0 3 450 109
SAGROW 39865 1197 1507 1201 1507 0 5 450 52
SAGROW 39975 1196 1507 1201 1507 0 6 450 77
SAGROW 40092 1195 1507 1201 1507 0 1 450 111
SAGROW 40184 1195 1507 1201 1507 0 3 450 36
SAGROW 40275 1197 1507 1201 1507 0 4 450 46
SAGROW 40360 1199 1507 1201 1507 0 5 450 44
SAGROW 40477 1198 1507 1201 1507 0 6 450 79
SAGROW 40573 1197 1507 1201 1507 0 1 450 81
SAGROW 40700 1197 1507 1201 1507 0 3 450 121
SAGROW 40776 1198 1507 1201 1507 0 3 450 108
SAGROW 40894 1199 1507 1201 1507 0 4 450 148
SAGROW 40970 1200 1507 1201 1507 0 6 450 41
SAGROW 41075 1200 1507 1201 1507 0 1 450 76
SAGROW 41195 1200 1506 1201 1507 0 2 450 112
SAGROW 41280 1201 1507 1201 1507 0 3 450 112
SAGROW 41378 1201 1507 1201 1507 0 4 450 128
SAGROW 41475 1201 1507 1201 1507 0 6 450 56
SAGROW 41579 1201 1507 1201 1507 0 1 450 75
SAGROW 41699 1201 1507 1201 1507 0 2 450 114
SAGROW 41789 1202 1507 1201 1507 0 3 450 114
SAGROW 41905 1201 1507 1201 1507 0 4 450 138
SAGROW 41984 1200 1507 1201 1507 0 5 450 117
SAGROW 42115 1199 1506 1201 1507 0 1 450 99
SAGROW 42211 1199 1506 1201 1507 0 2 450 108
SAGROW 42296 1197 1506 1201 1507 0 3 450 107
SAGROW 42394 1198 1506 1201 1507 0 4 450 124
SAGROW 42491 1198 1506 1201 1507 0 6 450 52
SAGROW 42596 1195 1506 1201 1507 0 1 450 72
SAGROW 42685 1197 1506 1201 1507 0 2 450 79
SAGROW 42804 1198 1507 1201 1507 0 3 450 114
SAGROW 42901 1199 1507 1201 1507 0 4 450 108
SAGROW 42985 1200 1507 1201 1507 0 6 450 118
SAGROW 43102 1201 1507 1201 1507 0 1 450 67
SAGROW 43190 1202 1506 1201 1507 0 2 450 69
SAGROW 43285 1202 1506 1201 1507 0 3 450 70
SAGROW 43406 1204 1507 1201 1507 0 5 450 116
SAGROW 43493 1203 1506 1201 1507 0 6 450 120
SAGROW 43608 1202 1506 1201 1507 0 1 450 65
SAGROW 43691 1200 1506 1201 1507 0 2 450 65
SAGROW 43812 1200 1506 1201 1507 0 3 450 95
SAGROW 43915 1199 1506 1201 1507 0 5 450 36
SAGROW 43993 1199 1506 1201 1507 0 6 450 114
SAGROW 44108 1198 1506 1201 1507 0 1 450 62
SAGROW 44214 1198 1506 1201 1507 0 2 450 73
SAGROW 44332 1198 1506 1201 1507 0 3 450 102
SAGROW 44429 1199 1507 1201 1507 0 4 450 120
SAGROW 44515 1202 1506 1201 1507 0 6 450 38
SAGROW 44615 1201 1506 1201 1507 0 1 450 53
SAGROW 44722 1201 1506 1201 1507 0 2 450 77
SAGROW 44805 1201 1506 1201 1507 0 3 450 75
SAGROW 44933 1201 1507 1201 1507 0 4 450 121
SAGROW 45012 1200 1507 1201 1507 0 5 450 117
SAGROW 45122 1201 1507 1201 1507 0 1 450 56
SAGROW 45224 1200 1507 1201 1507 0 2 450 77
SAGROW 45308 1198 1507 1201 1507 0 3 450 68
SAGROW 45438 1199 1507 1201 1507 0 5 450 36
SAGROW 45538 1199 1507 1201 1507 0 5 450 137
SAGROW 45616 1200 1507 1201 1507 0 6 450 108
SAGROW 45727 1202 1507 1201 1507 0 2 450 64
SAGROW 45816 1203 1507 1201 1507 0 3 450 62
SAGROW 45943 1202 1507 1201 1507 0 4 450 112
SAGROW 46028 1203 1507 1201 1507 0 5 450 112
SAGROW 46126 1202 1507 1201 1507 0 1 450 125
SAGROW 46229 1202 1507 1201 1507 0 2 450 62
SAGROW 46342 1203 1507 1201 1507 0 3 450 81
SAGROW 46451 1202 1507 1201 1507 0 4 450 105
SAGROW 46536 1201 1507 1201 1507 0 5 450 115
SAGROW 46625 1201 1507 1201 1507 0 6 450 110
SAGROW 46725 1199 1507 1201 1507 0 2 450 42
SAGROW 46824 1200 1507 1201 1507 0 3 450 52
SAGROW 46963 1200 1507 1201 1507 0 4 450 113
SAGROW 47048 1200 1507 1201 1507 0 5 450 112
SAGROW 47144 1201 1507 1201 1507 0 1 450 123
SAGROW 47227 1200 1507 1201 1507 0 2 450 39
SAGROW 47336 1200 1507 1201 1507 0 3 450 60
SAGROW 47464 1201 1507 1201 1507 0 4 450 112
SAGROW 47549 1203 1507 1201 1507 0 5 450 111
SAGROW 47639 1202 1507 1201 1507 0 6 450 117
SAGROW 47737 1204 1507 1201 1507 0 2 450 128
SAGROW 47834 1205 1507 1201 1507 0 3 450 48
SAGROW 47961 1204 1507 1201 1507 0 4 450 91
SAGROW 48063 1207 1507 1201 1507 0 5 450 88
SAGROW 48139 1206 1507 1201 1507 0 6 450 101
SAGROW 48251 1206 1507 1201 1507 0 2 450 44
SAGROW 48343 1205 1507 1201 1507 0 3 450 52
SAGROW 48471 1207 1507 1201 1507 0 4 450 98
SAGROW 48563 1206 1507 1201 1507 0 5 450 98
SAGROW 48653 1205 1507 1201 1507 0 6 450 111
SAGROW 48744 1203 1507 1201 1507 0 2 450 117
SAGROW 48843 1201 1507 1201 1507 0 3 450 40
SAGROW 48961 1200 1508 1201 1507 0 4 450 74
SAGROW 49066 1200 1507 1201 1507 0 5 450 96
SAGROW 49184 1201 1507 1201 1507 0 1 450 45
SAGROW 49259 1199 1507 1201 1507 0 2 450 120
SAGROW 49351 1197 1507 1201 1507 0 3 450 41
SAGROW 49462 1197 1507 1201 1507 0 4 450 68
SAGROW 49573 1198 1508 1201 1507 0 5 450 97
SAGROW 49669 1199 1507 1201 1507 0 6 450 107
SAGROW 49769 1201 1507 1201 1507 0 1 450 124
SAGROW 49866 1201 1508 1201 1507 0 3 450 51
SAGROW 49964 1200 1508 1201 1507 0 4 450 59
SAGROW 50060 1200 1508 1201 1507 0 5 450 77
SAGROW 50181 1202 1508 1201 1507 0 6 450 116
SAGROW 50281 1203 1507 1201 1507 0 2 450 37
SAGROW 50375 1202 1507 1201 1507 0 3 450 39
SAGROW 50479 1202 1507 1201 1507 0 4 450 67
SAGROW 50591 1204 1507 1201 1507 0 5 450 78
SAGROW 50679 1204 1506 1201 1507 0 6 450 99
SAGROW 50784 1204 1506 1201 1507 0 1 450 118
SAGROW 50867 1205 1507 1201 1507 0 2 450 119
SAGROW 50996 1202 1506 1201 1507 0 4 450 82
SAGROW 51079 1202 1506 1201 1507 0 5 450 77
SAGROW 51193 1201 1506 1201 1507 0 6 450 110
SAGROW 51288 1202 1506 1201 1507 0 2 450 38
SAGROW 51368 1201 1506 1201 1507 0 2 450 118
SAGROW 51495 1200 1506 1201 1507 0 4 450 65
SAGROW 51580 1200 1507 1201 1507 0 5 450 66
SAGROW 51694 1200 1507 1201 1507 0 6 450 94
SAGROW 51803 1201 1507 1201 1507 0 1 450 96
SAGROW 51886 1202 1507 1201 1507 0 3 450 106
SAGROW 51984 1203 1507 1201 1507 0 4 450 47
SAGROW 52091 1201 1507 1201 1507 0 5 450 71
SAGROW 52188 1201 1507 1201 1507 0 6 450 83
SAGROW 52305 1201 1506 1201 1507 0 1 450 112
SAGROW 52392 1202 1506 1201 1507 0 3 450 39
SAGROW 52496 1202 1506 1201 1507 0 4 450 47
SAGROW 52581 1202 1506 1201 1507 0 5 450 56
SAGROW 52688 1200 1506 1201 1507 0 6 450 54
SAGROW 52814 1200 1506 1201 1507 0 1 450 112
SAGROW 52905 1199 1506 1201 1507 0 3 450 118
SAGROW 53004 1198 1506 1201 1507 0 4 450 49
SAGROW 53092 1199 1506 1201 1507 0 5 450 52
SAGROW 53192 1198 1506 1201 1507 0 6 450 67
SAGROW 53315 1198 1506 1201 1507 0 1 450 105
SAGROW 53405 1198 1506 1201 1507 0 3 450 115
SAGROW 53496 1198 1506 1201 1507 0 3 450 122
SAGROW 53598 1199 1506 1201 1507 0 5 450 50
SAGROW 53692 1199 1506 1201 1507 0 6 450 66
SAGROW 53831 1202 1506 1201 1507 0 1 450 112
SAGROW 53908 1203 1507 1201 1507 0 2 450 103
SAGROW 54002 1204 1507 1201 1507 0 3 450 89
SAGROW 54110 1204 1507 1201 1507 0 5 450 52
SAGROW 54220 1203 1507 1201 1507 0 6 450 76
SAGROW 54305 1203 1507 1201 1507 0 1 450 78
SAGROW 54425 1203 1507 1201 1507 0 2 450 115
SAGROW 54517 1202 1507 1201 1507 0 4 450 122
SAGROW 54614 1199 1507 1201 1507 0 5 450 52
SAGROW 54704 1197 1507 1201 1507 0 6 450 59
SAGROW 54839 1196 1507 1201 1507 0 1 450 108
SAGROW 54934 1197 1507 1201 1507 0 2 450 110
SAGROW 55032 1198 1507 1201 1507 0 4 450 125
SAGROW 55111 1199 1507 1201 1507 0 5 450 118
SAGROW 55205 1198 1507 1201 1507 0 6 450 43
SAGROW 55325 1199 1507 1201 1507 0 1 450 79
SAGROW 55426 1199 1507 1201 1507 0 2 450 95
SAGROW 55537 1200 1507 1201 1507 0 4 450 122
SAGROW 55616 1199 1507 1201 1507 0 5 450 119
SAGROW 55724 1197 1507 1201 1507 0 6 450 59
SAGROW 55828 1197 1507 1201 1507 0 1 450 77
SAGROW 55917 1198 1507 1201 1507 0 2 450 73
SAGROW 56044 1200 1507 1201 1507 0 3 450 107
SAGROW 56141 1200 1507 1201 1507 0 5 450 39
SAGROW 56217 1200 1507 1201 1507 0 5 450 114
SAGROW 56324 1199 1507 1201 1507 0 1 450 141
SAGROW 56432 1200 1507 1201 1507 0 2 450 81
SAGROW 56547 1201 1507 1201 1507 0 3 450 110
SAGROW 56639 1201 1506 1201 1507 0 5 450 37
SAGROW 56721 1200 1507 1201 1507 0 6 450 119
SAGROW 56833 1199 1507 1201 1507 0 1 450 60
SAGROW 56929 1200 1507 1201 1507 0 2 450 77
SAGROW 57056 1203 1507 1201 1507 0 3 450 109
SAGROW 57146 1202 1507 1201 1507 0 5 450 115
SAGROW 57236 1203 1507 1201 1507 0 6 450 121
SAGROW 57339 1204 1507 1201 1507 0 1 450 56
SAGROW 57433 1204 1507 1201 1507 0 2 450 65
SAGROW 57535 1204 1507 1201 1507 0 3 450 81
SAGROW 57658 1206 1507 1201 1507 0 4 450 118
SAGROW 57737 1207 1507 1201 1507 0 5 450 117
SAGROW 57851 1205 1507 1201 1507 0 1 450 60
SAGROW 57952 1208 1507 1201 1507 0 2 450 80
SAGROW 58035 1208 1508 1201 1507 0 3 450 78
SAGROW 58166 1208 1508 1201 1507 0 5 450 37
SAGROW 58246 1208 1508 1201 1507 0 5 450 118
SAGROW 58345 1208 1508 1201 1507 0 1 450 127
SAGROW 58453 1206 1507 1201 1507 0 2 450 66
SAGROW 58553 1205 1507 1201 1507 0 3 450 75
SAGROW 58680 1205 1507 1201 1507 0 5 450 122
SAGROW 58766 1203 1507 1201 1507 0 6 450 40
SAGROW 58866 1203 1507 1201 1507 0 1 450 55
SAGROW 58951 1201 1507 1201 1507 0 2 450 57
SAGROW 59053 1202 1507 1201 1507 0 3 450 77
SAGROW 59181 1202 1507 1201 1507 0 4 450 124
SAGROW 59255 1201 1507 1201 1507 0 5 450 110
SAGROW 59365 1201 1506 1201 1507 0 1 450 51
SAGROW 59468 1200 1506 1201 1507 0 2 450 75
SAGROW 59563 1200 1506 1201 1507 0 3 450 66
SAGROW 59690 1200 1506 1201 1507 0 4 450 102
SAGROW 59775 1200 1506 1201 1507 0 5 450 110
SAGROW 59873 1198 1506 1201 1507 0 1 450 128
SAGROW 59957 1198 1507 1201 1507 0 2 450 45
SAGROW 60068 1198 1507 1201 1507 0 3 450 72
SAGROW 60194 1200 1507 1201 1507 0 4 450 115
SAGROW 60278 1201 1507 1201 1507 0 6 450 115
SAGROW 60374 1201 1507 1201 1507 0 6 450 127
SAGROW 60469 1201 1507 1201 1507 0 2 450 55
SAGROW 60591 1199 1507 1201 1507 0 3 450 83
SAGROW 60706 1201 1507 1201 1507 0 4 450 113
SAGROW 60795 1201 1507 1201 1507 0 5 450 118
SAGROW 60892 1201 1507 1201 1507 0 6 450 127
SAGROW 60971 1200 1507 1201 1507 0 1 450 109
SAGROW 61072 1199 1507 1201 1507 0 3 450 55
SAGROW 61205 1201 1507 1201 1507 0 4 450 106
SAGROW 61290 1201 1507 1201 1507 0 5 450 106
SAGROW 61381 1202 1507 1201 1507 0 6 450 113
SAGROW 61475 1199 1507 1201 1507 0 2 450 41
SAGROW 61587 1200 1507 1201 1507 0 3 450 70
SAGROW 61709 1201 1507 1201 1507 0 4 450 109
SAGROW 61812 1200 1507 1201 1507 0 5 450 124
SAGROW 61911 1201 1507 1201 1507 0 1 450 45
SAGROW 61987 1200 1507 1201 1507 0 1 450 121
SAGROW 62078 1199 1507 1201 1507 0 3 450 126
SAGROW 62199 1198 1507 1201 1507 0 4 450 81
SAGROW 62281 1200 1507 1201 1507 0 5 450 78
SAGROW 62402 1200 1507 1201 1507 0 6 450 115
SAGROW 62497 1198 1506 1201 1507 0 2 450 42
SAGROW 62592 1197 1506 1201 1507 0 3 450 137
SAGROW 62694 1197 1506 1201 1507 0 4 450 50
SAGROW 62796 1196 1506 1201 1507 0 5 450 86
SAGROW 62920 1198 1506 1201 1507 0 1 450 44
SAGROW 63002 1200 1507 1201 1507 0 2 450 126
SAGROW 63094 1200 1506 1201 1507 0 3 450 43
SAGROW 63201 1200 1507 1201 1507 0 4 450 63
SAGROW 63292 1201 1507 1201 1507 0 5 450 53
SAGROW 63416 1203 1507 1201 1507 0 6 450 109
SAGROW 63507 1202 1507 1201 1507 0 1 450 117
SAGROW 63593 1205 1507 1201 1507 0 3 450 119
SAGROW 63708 1206 1507 1201 1507 0 4 450 68
SAGROW 63822 1206 1507 1201 1507 0 5 450 97
SAGROW 63910 1206 1508 1201 1507 0 6 450 101
SAGROW 64007 1207 1508 1201 1507 0 2 450 112
SAGROW 64105 1206 1508 1201 1507 0 3 450 41
SAGROW 64210 1207 1508 1201 1507 0 4 450 53
SAGROW 64298 1207 1508 1201 1507 0 5 450 58
SAGROW 64435 1204 1507 1201 1507 0 6 450 103
SAGROW 64533 1203 1507 1201 1507 0 1 450 119
SAGROW 64620 1202 1507 1201 1507 0 3 450 40
SAGROW 64719 1203 1507 1201 1507 0 4 450 58
SAGROW 64821 1203 1507 1201 1507 0 5 450 76
SAGROW 64909 1204 1506 1201 1507 0 6 450 79
SAGROW 65034 1201 1507 1201 1507 0 2 450 36
SAGROW 65115 1201 1507 1201 1507 0 2 450 117
SAGROW 65210 1201 1507 1201 1507 0 3 450 125
SAGROW 65313 1201 1507 1201 1507 0 5 450 63
SAGROW 65411 1201 1507 1201 1507 0 6 450 53
SAGROW 14 1199 1507 1201 1507 0 1 450 124
SAGROW 103 1199 1507 1201 1507 0 3 450 41
SAGROW 202 1199 1507 1201 1507 0 4 450 51
SAGROW 285 1199 1506 1201 1507 0 5 450 56
SAGROW 392 1198 1506 1201 1507 0 6 450 78
SAGROW 509 1200 1506 1201 1507 0 1 450 110
SAGROW 601 1199 1506 1201 1507 0 3 450 37
SAGROW 697 1198 1506 1201 1507 0 4 450 133
SAGROW 788 1199 1507 1201 1507 0 5 450 52
SAGROW 889 1196 1507 1201 1507 0 6 450 58
SAGROW 1024 1195 1507 1201 1507 0 1 450 114
SAGROW 1120 1196 1507 1201 1507 0 2 450 124
SAGROW 1205 1197 1507 1201 1507 0 4 450 116
SAGROW 1301 1196 1507 1201 1507 0 5 450 52
SAGROW 1411 1197 1507 1201 1507 0 6 450 77
SAGROW 1496 1197 1507 1201 1507 0 1 450 79
SAGROW 1614 1197 1507 1201 1507 0 2 450 113
SAGROW 1706 1199 1507 1201 1507 0 4 450 123
SAGROW 1803 1199 1507 1201 1507 0 5 450 49
SAGROW 1899 1199 1507 1201 1507 0 6 450 64
SAGROW 2008 1199 1507 1201 1507 0 1 450 87
SAGROW 2135 1199 1507 1201 1507 0 2 450 120
SAGROW 2212 1200 1507 1201 1507 0 3 450 106
SAGROW 2331 1200 1507 1201 1507 0 4 450 150
SAGROW 2403 1200 1507 1201 1507 0 6 450 52
SAGROW 2512 1200 1507 1201 1507 0 1 450 74
SAGROW 2632 1199 1507 1201 1507 0 2 450 113
SAGROW 2717 1199 1507 1201 1507 0 3 450 112
SAGROW 2808 1197 1508 1201 1507 0 5 450 121
SAGROW 2916 1197 1508 1201 1507 0 6 450 61
SAGROW 3020 1196 1508 1201 1507 0 1 450 79
SAGROW 3141 1194 1507 1201 1507 0 2 450 116
SAGROW 3231 1198 1507 1201 1507 0 3 450 114
SAGROW 3322 1199 1507 1201 1507 0 5 450 39
SAGROW 3413 1199 1507 1201 1507 0 6 450 40
SAGROW 3508 1199 1507 1201 1507 0 6 450 135
SAGROW 3622 1201 1507 1201 1507 0 2 450 81
SAGROW 3737 1202 1507 1201 1507 0 3 450 110
SAGROW 3829 1205 1507 1201 1507 0 5 450 37
SAGROW 3929 1206 1507 1201 1507 0 6 450 52
SAGROW 4035 1202 1507 1201 1507 0 1 450 73
SAGROW 4123 1201 1507 1201 1507 0 2 450 80
SAGROW 4249 1201 1507 1201 1507 0 3 450 112
SAGROW 4335 1201 1507 1201 1507 0 5 450 39
SAGROW 4445 1200 1507 1201 1507 0 6 450 39
SAGROW 4537 1201 1507 1201 1507 0 1 450 64
SAGROW 4631 1201 1507 1201 1507 0 2 450 72
SAGROW 4720 1202 1507 1201 1507 0 3 450 64
SAGROW 4848 1204 1507 1201 1507 0 4 450 121
SAGROW 4927 1204 1507 1201 1507 0 5 450 115
SAGROW 5041 1204 1507 1201 1507 0 1 450 60
SAGROW 5143 1204 1507 1201 1507 0 2 450 80
SAGROW 5225 1205 1507 1201 1507 0 3 450 77
SAGROW 5355 1203 1507 1201 1507 0 5 450 38
SAGROW 5432 1202 1507 1201 1507 0 5 450 114
SAGROW 5543 1202 1507 1201 1507 0 1 450 50
SAGROW 5645 1203 1507 1201 1507 0 2 450 66
SAGROW 5736 1202 1506 1201 1507 0 3 450 53
SAGROW 5861 1203 1506 1201 1507 0 4 450 114
SAGROW 5946 1204 1506 1201 1507 0 5 450 114
SAGROW 6042 1202 1506 1201 1507 0 1 450 125
SAGROW 6145 1201 1506 1201 1507 0 2 450 62
SAGROW 6246 1201 1506 1201 1507 0 3 450 80
SAGROW 6369 1201 1506 1201 1507 0 4 450 118
SAGROW 6448 1199 1506 1201 1507 0 5 450 113
SAGROW 6559 1199 1506 1201 1507 0 1 450 55
SAGROW 6651 1197 1507 1201 1507 0 2 450 66
SAGROW 6764 1196 1507 1201 1507 0 3 450 83
SAGROW 6886 1196 1507 1201 1507 0 4 450 117
SAGROW 6971 1197 1507 1201 1507 0 6 450 34
SAGROW 7059 1196 1506 1201 1507 0 1 450 123
SAGROW 7149 1196 1506 1201 1507 0 2 450 45
SAGROW 7253 1197 1506 1201 1507 0 3 450 66
SAGROW 7380 1197 1507 1201 1507 0 4 450 112
SAGROW 7475 1199 1506 1201 1507 0 6 450 37
SAGROW 7564 1200 1506 1201 1507 0 6 450 126
SAGROW 7659 1201 1506 1201 1507 0 2 450 55
SAGROW 7766 1201 1506 1201 1507 0 3 450 74
SAGROW 7892 1203 1507 1201 1507 0 4 450 99
SAGROW 7980 1203 1507 1201 1507 0 5 450 110
SAGROW 8078 1203 1507 1201 1507 0 1 450 124
SAGROW 8167 1201 1506 1201 1507 0 2 450 45
SAGROW 8260 1197 1506 1201 1507 0 3 450 52
SAGROW 8387 1196 1506 1201 1507 0 4 450 98
SAGROW 8470 1194 1506 1201 1507 0 5 450 96
SAGROW 8585 1195 1506 1201 1507 0 1 450 127
SAGROW 8668 1195 1506 1201 1507 0 2 450 43
SAGROW 8773 1195 1506 1201 1507 0 3 450 54
SAGROW 8912 1194 1506 1201 1507 0 4 450 110
SAGROW 9003 1197 1506 1201 1507 0 5 450 114
SAGROW 9099 1201 1507 1201 1507 0 6 450 125
SAGROW 9178 1203 1506 1201 1507 0 2 450 109
SAGROW 9280 1204 1506 1201 1507 0 3 450 54
SAGROW 9407 1203 1506 1201 1507 0 4 450 97
SAGROW 9490 1203 1507 1201 1507 0 5 450 96
SAGROW 9607 1205 1507 1201 1507 0 1 450 43
SAGROW 9686 1205 1507 1201 1507 0 2 450 41
SAGROW 9779 1205 1507 1201 1507 0 3 450 49
SAGROW 9879 1204 1507 1201 1507 0 4 450 47
SAGROW 9989 1204 1507 1201 1507 0 5 450 71
SAGROW 10120 1203 1507 1201 1507 0 1 450 44
SAGROW 10198 1205 1507 1201 1507 0 2 450 36
SAGROW 10288 1203 1507 1201 1507 0 3 450 41
SAGROW 10399 1202 1507 1201 1507 0 4 450 69
SAGROW 10488 1203 1507 1201 1507 0 5 450 74
SAGROW 10606 1202 1507 1201 1507 0 6 450 101
SAGROW 10698 1202 1507 1201 1507 0 2 450 115
SAGROW 10798 1202 1507 1201 1507 0 3 450 45
SAGROW 10909 1202 1507 1201 1507 0 4 450 64
SAGROW 10986 1200 1507 1201 1507 0 5 450 66
SAGROW 11094 1203 1507 1201 1507 0 6 450 83
SAGROW 11217 1204 1506 1201 1507 0 2 450 35
SAGROW 11309 1204 1506 1201 1507 0 3 450 127
SAGROW 11411 1205 1507 1201 1507 0 4 450 61
SAGROW 11493 1206 1507 1201 1507 0 5 450 59
SAGROW 11595 1205 1507 1201 1507 0 6 450 70
SAGROW 11718 1209 1507 1201 1507 0 2 450 114
SAGROW 11810 1209 1507 1201 1507 0 3 450 38
SAGROW 11910 1206 1507 1201 1507 0 4 450 47
SAGROW 12007 1204 1507 1201 1507 0 5 450 67
SAGROW 12127 1204 1507 1201 1507 0 6 450 95
SAGROW 12236 1202 1507 1201 1507 0 1 450 120
SAGROW 12302 1201 1507 1201 1507 0 2 450 100
SAGROW 12418 1201 1507 1201 1507 0 4 450 47
SAGROW 12505 1197 1507 1201 1507 0 5 450 51
SAGROW 12606 1197 1507 1201 1507 0 6 450 67
SAGROW 12720 1199 1507 1201 1507 0 1 450 98
SAGROW 12802 1199 1507 1201 1507 0 2 450 95
SAGROW 12926 1199 1507 1201 1507 0 4 450 43
SAGROW 13014 1203 1507 1201 1507 0 5 450 53
SAGROW 13118 1202 1507 1201 1507 0 6 450 77
SAGROW 13220 1203 1507 1201 1507 0 1 450 92
SAGROW 13348 1205 1507 1201 1507 0 3 450 36
SAGROW 13421 1204 1507 1201 1507 0 3 450 109
SAGROW 13517 1203 1507 1201 1507 0 5 450 126
SAGROW 13625 1201 1507 1201 1507 0 6 450 66
SAGROW 13749 1202 1507 1201 1507 0 1 450 105
SAGROW 13840 1199 1507 1201 1507 0 2 450 113
SAGROW 13932 1200 1507 1201 1507 0 4 450 122
SAGROW 14029 1198 1506 1201 1507 0 5 450 52
SAGROW 14124 1197 1506 1201 1507 0 6 450 64
SAGROW 14234 1196 1506 1201 1507 0 1 450 86
SAGROW 14323 1197 1506 1201 1507 0 2 450 81
SAGROW 14444 1198 1507 1201 1507 0 3 450 116
SAGROW 14536 1198 1506 1201 1507 0 5 450 42
SAGROW 14621 1198 1507 1201 1507 0 6 450 42
SAGROW 14732 1198 1507 1201 1507 0 1 450 68
SAGROW 14852 1201 1507 1201 1507 0 2 450 104
SAGROW 14961 1202 1507 1201 1507 0 4 450 49
SAGROW 15032 1203 1507 1201 1507 0 5 450 119
SAGROW 15135 1204 1507 1201 1507 0 6 450 53
SAGROW 15238 1205 1507 1201 1507 0 1 450 70
SAGROW 15363 1205 1507 1201 1507 0 2 450 102
SAGROW 15458 1206 1507 1201 1507 0 3 450 106
SAGROW 15550 1206 1507 1201 1507 0 5 450 37
SAGROW 15641 1204 1507 1201 1507 0 6 450 41
SAGROW 15741 1203 1506 1201 1507 0 1 450 57
SAGROW 15848 1204 1507 1201 1507 0 2 450 82
SAGROW 15964 1205 1507 1201 1507 0 3 450 110
SAGROW 16056 1204 1507 1201 1507 0 5 450 38
SAGROW 16157 1204 1507 1201 1507 0 6 450 55
SAGROW 16250 1204 1507 1201 1507 0 1 450 61
SAGROW 16346 1203 1507 1201 1507 0 2 450 77
SAGROW 16479 1202 1507 1201 1507 0 3 450 107
SAGROW 16577 1203 1507 1201 1507 0 5 450 37
SAGROW 16659 1203 1507 1201 1507 0 6 450 38
SAGROW 16754 1201 1507 1201 1507 0 6 450 133
SAGROW 16854 1201 1507 1201 1507 0 2 450 67
SAGROW 16968 1201 1507 1201 1507 0 3 450 95
SAGROW 17073 1203 1507 1201 1507 0 4 450 120
SAGROW 17153 1203 1507 1201 1507 0 5 450 115
SAGROW 17264 1203 1507 1201 1507 0 1 450 54
SAGROW 17356 1201 1507 1201 1507 0 2 450 65
SAGROW 17481 1201 1507 1201 1507 0 3 450 84
SAGROW 17583 1202 1507 1201 1507 0 4 450 113
SAGROW 17668 1203 1508 1201 1507 0 5 450 114
SAGROW 17766 1204 1508 1201 1507 0 1 450 126
SAGROW 17863 1202 1508 1201 1507 0 2 450 55
SAGROW 17965 1204 1508 1201 1507 0 3 450 72
SAGROW 18094 1206 1508 1201 1507 0 4 450 120
SAGROW 18173 1207 1507 1201 1507 0 6 450 115
SAGROW 18271 1205 1507 1201 1507 0 1 450 128
SAGROW 18374 1205 1508 1201 1507 0 2 450 64
SAGROW 18487 1205 1507 1201 1507 0 3 450 90
SAGROW 18602 1203 1507 1201 1507 0 4 450 110
SAGROW 18694 1204 1507 1201 1507 0 6 450 34
SAGROW 18787 1202 1507 1201 1507 0 6 450 127
SAGROW 18874 1201 1508 1201 1507 0 2 450 46
SAGROW 18978 1201 1508 1201 1507 0 3 450 60
SAGROW 19106 1200 1507 1201 1507 0 4 450 111
SAGROW 19191 1199 1507 1201 1507 0 5 450 111
SAGROW 19276 1197 1507 1201 1507 0 6 450 112
SAGROW 19371 1197 1508 1201 1507 0 2 450 40
SAGROW 19480 1195 1508 1201 1507 0 3 450 62
SAGROW 19615 1196 1508 1201 1507 0 4 450 106
SAGROW 19705 1195 1507 1201 1507 0 5 450 120
SAGROW 19800 1196 1507 1201 1507 0 6 450 120
SAGROW 19892 1197 1507 1201 1507 0 2 450 45
SAGROW 19986 1197 1507 1201 1507 0 3 450 53
SAGROW 20113 1199 1507 1201 1507 0 4 450 97
SAGROW 20196 1200 1507 1201 1507 0 5 450 96
SAGROW 20314 1201 1507 1201 1507 0 1 450 43
SAGROW 20393 1201 1507 1201 1507 0 2 450 42
SAGROW 20486 1202 1507 1201 1507 0 3 450 52
SAGROW 20595 1200 1508 1201 1507 0 4 450 66
SAGROW 20695 1201 1507 1201 1507 0 5 450 90
SAGROW 20825 1203 1507 1201 1507 0 1 450 42
SAGROW 20901 1202 1507 1201 1507 0 1 450 118
SAGROW 21000 1202 1507 1201 1507 0 3 450 133
SAGROW 21113 1200 1507 1201 1507 0 4 450 78
SAGROW 21196 1199 1507 1201 1507 0 5 450 76
SAGROW 21317 1199 1506 1201 1507 0 6 450 113
SAGROW 21411 1200 1506 1201 1507 0 2 450 41
SAGROW 21504 1199 1506 1201 1507 0 3 450 50
SAGROW 21602 1197 1506 1201 1507 0 4 450 56
SAGROW 21698 1197 1506 1201 1507 0 5 450 73
SAGROW 21826 1198 1507 1201 1507 0 6 450 108
SAGROW 21905 1199 1507 1201 1507 0 2 450 103
SAGROW 22012 1201 1507 1201 1507 0 3 450 43
SAGROW 22104 1201 1507 1201 1507 0 4 450 48
SAGROW 22203 1201 1507 1201 1507 0 5 450 63
SAGROW 22322 1203 1507 1201 1507 0 6 450 98
SAGROW 22427 1205 1507 1201 1507 0 1 450 119
SAGROW 22506 1205 1507 1201 1507 0 2 450 114
SAGROW 22621 1205 1508 1201 1507 0 4 450 64
SAGROW 22704 1206 1508 1201 1507 0 5 450 63
SAGROW 22838 1203 1507 1201 1507 0 6 450 112
SAGROW 22943 1205 1507 1201 1507 0 1 450 129
SAGROW 23027 1205 1507 1201 1507 0 3 450 121
SAGROW 23133 1204 1507 1201 1507 0 4 450 53
SAGROW 23216 1206 1507 1201 1507 0 5 450 56
SAGROW 23310 1206 1507 1201 1507 0 6 450 66
SAGROW 23447 1205 1506 1201 1507 0 1 450 118
SAGROW 23534 1205 1507 1201 1507 0 3 450 39
SAGROW 23633 1206 1507 1201 1507 0 4 450 51
SAGROW 23719 1203 1507 1201 1507 0 5 450 53
SAGROW 23822 1203 1507 1201 1507 0 6 450 77
SAGROW 23938 1203 1507 1201 1507 0 1 450 106
SAGROW 24033 1200 1507 1201 1507 0 2 450 107
SAGROW 24123 1200 1507 1201 1507 0 3 450 114
SAGROW 24233 1199 1507 1201 1507 0 5 450 137
SAGROW 24342 1196 1506 1201 1507 0 6 450 77
SAGROW 24427 1196 1507 1201 1507 0 1 450 80
SAGROW 24547 1198 1507 1201 1507 0 2 450 115
SAGEND
