# elf_sha256 2D157417C157522967ADDC628E8AD81EF7650D8B4D09601CAD1479DA653A896F
# started 2026-09-23T23:48:14
BEMFRUN handoff_ehz=200 target_duty_tenths=250 advance_level=20 total_ms=80000 inject=0
PREFLIGHT moe=0 ccr1=0 ccr2=0 ccr3=0 gates_low=1 en=0 nfault=1 verdict=PASS
POSTSTOP
PREFLIGHT moe=0 ccr1=0 ccr2=0 ccr3=0 gates_low=1 en=0 nfault=1 verdict=PASS
BEMFDONE reason=2 accepted=517434 forced=0 zc_acc=517435 too_early=0 unstable=1684990 ci_us=139 bus_ref=1214 bus_min=1126
BEMFSAG ref_bus=1214 ref_vref=1506 filt_bus=1211 filt_vref=1507 streak=0 tripped=0
BEMFGATE closed_ms=74776 hold_ms=67276 target_tenths=250 zc_per_s=6919 comm_per_s=6919 ehz_from_ci_last=1199 forced_pct=0
BEMFRATE hold_ms=67276 hold_accepted=481900 hold_forced=0 mean_ci_us=139 mean_sector_us=139 ehz_from_sector=1199 zc_per_s=7163 zc_expected_per_s=7194 zc_rate_permille_of_expected=995 hold_forced_pct=0
BEMFTAIL accepts=23447 span_us=3273854 start_before_stop_us=3273999 end_before_stop_us=145 window_us=2000000
BEMFRCOMP spent_max_us=11 late_arms=0 com_preempts=0 com_arm_preempts=0
BEMFSECTOR a1=65535 f1=0 a2=65535 f2=0 a3=65535 f3=0 a4=65535 f4=0 a5=65535 f5=0 a6=65535 f6=0
BEMFPHASE lt075=2009 to100=65535 to125=65535 to150=1713 gt150=0
BEMFREVISIT r1=6869 v1=6869 r2=10299 v2=10299 r3=15050 v3=15050 r4=10803 v4=10803 r5=11646 v5=11646 r6=15565 v6=15565
BEMFDRIVEN entered=1 epochs=21 accepts=13 early=13 unstable=288 defers=4 retries=0 late_max_us=19 qual_intervals=12 qual_reanchors=0 qual_fault=0 fail=0 seeded=1 seed_step=3 seed_us=761 commanded_us=833 irq_peak_per_ms=55 closed_irq_peak_per_ms=64 storm=0 storm_step=0 cap_armed=1 comp_call_max_us=15 overrun=0 blank_arms=517435 blank_latched=0 com_count=517435 com_late_max_us=8
BEMFGUARD reason=0 ticks=786939 gap_max_us=107 track_fault=0 track_max_us=378 fast_events=508682 fast_min_us=83 loop_iters_closed=3177677 loop_gap_max_us=142 acquire_us=16801
BEMFDRVROWS 9:3:7651:873 10:4:704:687 11:5:841:740 12:6:658:581 13:1:762:502 14:2:709:392 15:3:717:258 16:4:613:46
BEMFDRVROWS 17:5:815:17 18:6:881:79 19:1:781:12 20:2:820:21 21:3:834:14
BEMFCURRENT blocks=7869 mean_residual=2152 mean_ma=270 hold_blocks=6660 hold_ma=297 zero_blocks=50 zero_start=617813 zero_end=616762 zero_drift_ma=-131 ref_ma=326 duty_tenths=250
BEMFWITNESS samples=178377 bemf_min=0 bemf_max=0 mid=0 mid_fixed=0 alt=0 hyst_codes=12 driven_rotation=0
vsenc_min=0 vsenc_max=0 star_min=0 star_max=0 bus_ref=1214
BEMFCOAST reason=2 pp_first=0 pp_last=0 crossings=0 spun=1 comp_edges=1258 comp_hi=355510 comp_polls=509582
COASTTIMING trans=926 offset_us=37 first_us=372 iv_us=409,426,413,432,413,431,413,429 ehz_first=1222
SAGSNAP len=512 total=786918 frozen=0 num=95 den=100 streak_to_latch=3
SAGROW 13093 1214 1507 1211 1507 0 6 250 129
SAGROW 13214 1213 1507 1211 1507 0 1 250 110
SAGROW 13296 1212 1507 1211 1507 0 2 250 59
SAGROW 13415 1212 1507 1211 1507 0 2 250 179
SAGROW 13498 1213 1507 1211 1507 0 3 250 108
SAGROW 13599 1213 1507 1211 1507 0 4 250 65
SAGROW 13702 1212 1507 1211 1507 0 5 250 48
SAGROW 13813 1212 1507 1211 1507 0 5 250 159
SAGROW 13916 1212 1507 1211 1507 0 6 250 116
SAGROW 14012 1213 1507 1211 1507 0 1 250 64
SAGROW 14131 1214 1507 1211 1507 0 1 250 171
SAGROW 14207 1214 1507 1211 1507 0 2 250 87
SAGROW 14301 1214 1507 1211 1507 0 3 250 74
SAGROW 14407 1214 1507 1211 1507 0 3 250 45
SAGROW 14538 1213 1507 1211 1507 0 4 250 176
SAGROW 14622 1214 1507 1211 1507 0 5 250 121
SAGROW 14715 1214 1506 1211 1507 0 6 250 53
SAGROW 14814 1214 1507 1211 1507 0 6 250 153
SAGROW 14937 1214 1507 1211 1507 0 1 250 146
SAGROW 15020 1214 1507 1211 1507 0 2 250 98
SAGROW 15115 1212 1507 1211 1507 0 3 250 45
SAGROW 15228 1212 1507 1211 1507 0 3 250 157
SAGROW 15330 1212 1507 1211 1507 0 4 250 120
SAGROW 15418 1213 1507 1211 1507 0 5 250 78
SAGROW 15527 1214 1507 1211 1507 0 6 250 45
SAGROW 15638 1213 1507 1211 1507 0 6 250 156
SAGROW 15729 1213 1507 1211 1507 0 1 250 107
SAGROW 15822 1212 1507 1211 1507 0 2 250 64
SAGROW 15921 1212 1508 1211 1507 0 2 250 163
SAGROW 16039 1212 1507 1211 1507 0 3 250 113
SAGROW 16135 1213 1507 1211 1507 0 4 250 91
SAGROW 16224 1211 1507 1211 1507 0 5 250 49
SAGROW 16336 1210 1506 1211 1507 0 5 250 161
SAGROW 16436 1209 1506 1211 1507 0 6 250 116
SAGROW 16532 1209 1505 1211 1507 0 1 250 64
SAGROW 16641 1209 1505 1211 1507 0 1 250 174
SAGROW 16752 1210 1505 1211 1507 0 2 250 149
SAGROW 16832 1210 1505 1211 1507 0 3 250 94
SAGROW 16941 1209 1506 1211 1507 0 4 250 59
SAGROW 17055 1211 1506 1211 1507 0 4 250 173
SAGROW 17131 1211 1506 1211 1507 0 5 250 111
SAGROW 17233 1211 1507 1211 1507 0 6 250 51
SAGROW 17331 1211 1507 1211 1507 0 6 250 149
SAGROW 17478 1210 1507 1211 1507 0 1 250 171
SAGROW 17543 1210 1507 1211 1507 0 2 250 102
SAGROW 17636 1210 1507 1211 1507 0 3 250 52
SAGROW 17753 1210 1507 1211 1507 0 3 250 38
SAGROW 17876 1208 1507 1211 1507 0 4 250 162
SAGROW 17940 1208 1507 1211 1507 0 5 250 77
SAGROW 18054 1210 1507 1211 1507 0 5 250 40
SAGROW 18165 1210 1508 1211 1507 0 6 250 150
SAGROW 18255 1212 1508 1211 1507 0 1 250 113
SAGROW 18337 1211 1508 1211 1507 0 2 250 60
SAGROW 18466 1210 1507 1211 1507 0 2 250 40
SAGROW 18544 1207 1508 1211 1507 0 3 250 118
SAGROW 18650 1209 1508 1211 1507 0 4 250 88
SAGROW 18752 1209 1507 1211 1507 0 5 250 57
SAGROW 18872 1208 1507 1211 1507 0 5 250 177
SAGROW 18960 1208 1506 1211 1507 0 6 250 112
SAGROW 19064 1207 1506 1211 1507 0 1 250 84
SAGROW 19160 1208 1506 1211 1507 0 1 250 49
SAGROW 19273 1209 1506 1211 1507 0 2 250 162
SAGROW 19356 1211 1507 1211 1507 0 3 250 98
SAGROW 19465 1210 1507 1211 1507 0 4 250 64
SAGROW 19575 1210 1508 1211 1507 0 4 250 45
SAGROW 19660 1211 1507 1211 1507 0 5 250 130
SAGROW 19755 1211 1508 1211 1507 0 6 250 73
SAGROW 19871 1213 1508 1211 1507 0 6 250 43
SAGROW 19997 1211 1507 1211 1507 0 1 250 162
SAGROW 20078 1211 1508 1211 1507 0 2 250 111
SAGROW 20169 1211 1507 1211 1507 0 3 250 77
SAGROW 20283 1211 1507 1211 1507 0 3 250 39
SAGROW 20373 1209 1507 1211 1507 0 4 250 129
SAGROW 20468 1209 1507 1211 1507 0 5 250 75
SAGROW 20566 1208 1507 1211 1507 0 5 250 44
SAGROW 20701 1207 1507 1211 1507 0 6 250 39
SAGROW 20787 1208 1507 1211 1507 0 1 250 124
SAGROW 20875 1208 1507 1211 1507 0 2 250 77
SAGROW 20983 1208 1507 1211 1507 0 2 250 40
SAGROW 21100 1209 1507 1211 1507 0 3 250 156
SAGROW 21190 1210 1507 1211 1507 0 4 250 106
SAGROW 21272 1211 1507 1211 1507 0 5 250 57
SAGROW 21406 1212 1506 1211 1507 0 5 250 36
SAGROW 21478 1213 1506 1211 1507 0 6 250 108
SAGROW 21582 1212 1506 1211 1507 0 1 250 83
SAGROW 21680 1212 1506 1211 1507 0 2 250 49
SAGROW 21791 1213 1506 1211 1507 0 2 250 161
SAGROW 21873 1212 1507 1211 1507 0 3 250 95
SAGROW 21982 1213 1507 1211 1507 0 4 250 61
SAGROW 22097 1211 1507 1211 1507 0 4 250 176
SAGROW 22214 1212 1507 1211 1507 0 5 250 156
SAGROW 22295 1211 1507 1211 1507 0 6 250 93
SAGROW 22398 1212 1508 1211 1507 0 1 250 56
SAGROW 22517 1213 1508 1211 1507 0 1 250 175
SAGROW 22593 1213 1507 1211 1507 0 2 250 113
SAGROW 22688 1213 1508 1211 1507 0 3 250 77
SAGROW 22803 1212 1508 1211 1507 0 3 250 39
SAGROW 22920 1213 1507 1211 1507 0 4 250 157
SAGROW 22984 1212 1507 1211 1507 0 5 250 89
SAGROW 23086 1211 1507 1211 1507 0 5 250 44
SAGROW 23221 1211 1507 1211 1507 0 6 250 37
SAGROW 23306 1209 1507 1211 1507 0 1 250 122
SAGROW 23389 1208 1507 1211 1507 0 2 250 62
SAGROW 23498 1208 1507 1211 1507 0 2 250 41
SAGROW 23604 1210 1507 1211 1507 0 3 250 147
SAGROW 23711 1210 1507 1211 1507 0 4 250 123
SAGROW 23793 1210 1507 1211 1507 0 5 250 57
SAGROW 23916 1211 1507 1211 1507 0 5 250 37
SAGROW 24007 1211 1507 1211 1507 0 6 250 128
SAGROW 24108 1211 1507 1211 1507 0 1 250 90
SAGROW 24198 1212 1507 1211 1507 0 2 250 47
SAGROW 24310 1213 1507 1211 1507 0 2 250 146
SAGROW 24410 1211 1506 1211 1507 0 3 250 112
SAGROW 24510 1209 1506 1211 1507 0 4 250 71
SAGROW 24616 1208 1506 1211 1507 0 5 250 47
SAGROW 24734 1209 1506 1211 1507 0 5 250 166
SAGROW 24815 1210 1506 1211 1507 0 6 250 94
SAGROW 24918 1212 1506 1211 1507 0 1 250 57
SAGROW 25037 1211 1506 1211 1507 0 1 250 176
SAGROW 25119 1211 1506 1211 1507 0 2 250 114
SAGROW 25209 1212 1506 1211 1507 0 3 250 78
SAGROW 25318 1214 1505 1211 1507 0 3 250 42
SAGROW 25437 1215 1506 1211 1507 0 4 250 161
SAGROW 25520 1215 1506 1211 1507 0 5 250 103
SAGROW 25614 1214 1506 1211 1507 0 6 250 53
SAGROW 25727 1213 1505 1211 1507 0 6 250 153
SAGROW 25835 1215 1506 1211 1507 0 1 250 120
SAGROW 25915 1212 1506 1211 1507 0 2 250 68
SAGROW 26027 1212 1506 1211 1507 0 3 250 49
SAGROW 26140 1211 1506 1211 1507 0 3 250 162
SAGROW 26236 1211 1506 1211 1507 0 4 250 118
SAGROW 26317 1211 1506 1211 1507 0 5 250 63
SAGROW 26440 1212 1507 1211 1507 0 5 250 41
SAGROW 26549 1212 1507 1211 1507 0 6 250 137
SAGROW 26637 1212 1506 1211 1507 0 1 250 100
SAGROW 26733 1215 1506 1211 1507 0 2 250 61
SAGROW 26855 1215 1506 1211 1507 0 2 250 38
SAGROW 26933 1215 1506 1211 1507 0 3 250 116
SAGROW 27042 1215 1506 1211 1507 0 4 250 84
SAGROW 27138 1213 1506 1211 1507 0 4 250 49
SAGROW 27257 1214 1506 1211 1507 0 5 250 168
SAGROW 27337 1215 1505 1211 1507 0 6 250 95
SAGROW 27446 1213 1506 1211 1507 0 1 250 72
SAGROW 27554 1212 1506 1211 1507 0 1 250 180
SAGROW 27630 1213 1506 1211 1507 0 2 250 112
SAGROW 27743 1213 1506 1211 1507 0 3 250 92
SAGROW 27854 1212 1507 1211 1507 0 4 250 58
SAGROW 27963 1213 1507 1211 1507 0 4 250 167
SAGROW 28052 1211 1507 1211 1507 0 5 250 124
SAGROW 28140 1210 1507 1211 1507 0 6 250 59
SAGROW 28264 1209 1507 1211 1507 0 6 250 41
SAGROW 28376 1210 1507 1211 1507 0 1 250 154
SAGROW 28459 1209 1507 1211 1507 0 2 250 104
SAGROW 28546 1210 1507 1211 1507 0 3 250 54
SAGROW 28680 1211 1507 1211 1507 0 3 250 39
SAGROW 28765 1211 1507 1211 1507 0 4 250 124
SAGROW 28847 1211 1507 1211 1507 0 5 250 64
SAGROW 28949 1211 1507 1211 1507 0 5 250 165
SAGROW 29068 1213 1507 1211 1507 0 6 250 139
SAGROW 29170 1214 1507 1211 1507 0 1 250 114
SAGROW 29252 1213 1507 1211 1507 0 2 250 60
SAGROW 29384 1212 1507 1211 1507 0 2 250 193
SAGROW 29491 1211 1507 1211 1507 0 3 250 131
SAGROW 29562 1210 1506 1211 1507 0 4 250 86
SAGROW 29659 1209 1506 1211 1507 0 4 250 50
SAGROW 29773 1210 1506 1211 1507 0 5 250 164
SAGROW 29875 1210 1506 1211 1507 0 6 250 121
SAGROW 29965 1208 1506 1211 1507 0 1 250 70
SAGROW 30078 1207 1506 1211 1507 0 1 250 53
SAGROW 30165 1207 1506 1211 1507 0 2 250 141
SAGROW 30272 1206 1506 1211 1507 0 3 250 102
SAGROW 30367 1207 1507 1211 1507 0 3 250 46
SAGROW 30489 1208 1507 1211 1507 0 4 250 46
SAGROW 30574 1207 1507 1211 1507 0 5 250 131
SAGROW 30669 1207 1507 1211 1507 0 6 250 73
SAGROW 30762 1207 1507 1211 1507 0 6 250 167
SAGROW 30897 1209 1507 1211 1507 0 1 250 154
SAGROW 30980 1210 1507 1211 1507 0 2 250 105
SAGROW 31074 1211 1507 1211 1507 0 3 250 69
SAGROW 31174 1211 1507 1211 1507 0 3 250 169
SAGROW 31289 1211 1507 1211 1507 0 4 250 139
SAGROW 31371 1212 1507 1211 1507 0 5 250 64
SAGROW 31486 1211 1507 1211 1507 0 6 250 52
SAGROW 31599 1211 1506 1211 1507 0 6 250 164
SAGROW 31689 1211 1506 1211 1507 0 1 250 114
SAGROW 31783 1210 1506 1211 1507 0 2 250 71
SAGROW 31899 1212 1506 1211 1507 0 2 250 39
SAGROW 31978 1212 1506 1211 1507 0 3 250 118
SAGROW 32086 1212 1507 1211 1507 0 4 250 89
SAGROW 32187 1211 1507 1211 1507 0 5 250 58
SAGROW 32293 1211 1507 1211 1507 0 5 250 164
SAGROW 32395 1211 1507 1211 1507 0 6 250 123
SAGROW 32497 1211 1507 1211 1507 0 1 250 87
SAGROW 32597 1213 1507 1211 1507 0 2 250 53
SAGROW 32711 1210 1507 1211 1507 0 2 250 167
SAGROW 32799 1210 1507 1211 1507 0 3 250 103
SAGROW 32894 1210 1507 1211 1507 0 4 250 61
SAGROW 33009 1211 1507 1211 1507 0 4 250 176
SAGROW 33094 1211 1507 1211 1507 0 5 250 123
SAGROW 33187 1211 1507 1211 1507 0 6 250 71
SAGROW 33304 1210 1507 1211 1507 0 6 250 41
SAGROW 33428 1207 1507 1211 1507 0 1 250 158
SAGROW 33504 1208 1507 1211 1507 0 2 250 111
SAGROW 33600 1208 1507 1211 1507 0 3 250 75
SAGROW 33705 1209 1507 1211 1507 0 3 250 180
SAGROW 33819 1209 1507 1211 1507 0 4 250 126
SAGROW 33894 1208 1507 1211 1507 0 5 250 87
SAGROW 34007 1208 1507 1211 1507 0 6 250 52
SAGROW 34107 1208 1507 1211 1507 0 6 250 152
SAGROW 34221 1211 1507 1211 1507 0 1 250 109
SAGROW 34307 1211 1507 1211 1507 0 2 250 75
SAGROW 34416 1211 1507 1211 1507 0 2 250 184
SAGROW 34500 1210 1507 1211 1507 0 3 250 110
SAGROW 34625 1211 1506 1211 1507 0 4 250 113
SAGROW 34713 1212 1506 1211 1507 0 5 250 55
SAGROW 34830 1211 1506 1211 1507 0 5 250 41
SAGROW 34909 1211 1506 1211 1507 0 6 250 115
SAGROW 35030 1209 1506 1211 1507 0 1 250 95
SAGROW 35114 1210 1506 1211 1507 0 2 250 49
SAGROW 35231 1210 1506 1211 1507 0 2 250 166
SAGROW 35319 1211 1506 1211 1507 0 3 250 101
SAGROW 35425 1209 1507 1211 1507 0 4 250 73
SAGROW 35529 1208 1507 1211 1507 0 4 250 177
SAGROW 35624 1210 1507 1211 1507 0 5 250 132
SAGROW 35724 1211 1507 1211 1507 0 6 250 88
SAGROW 35819 1211 1507 1211 1507 0 6 250 45
SAGROW 35951 1211 1507 1211 1507 0 1 250 176
SAGROW 36026 1213 1507 1211 1507 0 2 250 112
SAGROW 36122 1212 1507 1211 1507 0 3 250 76
SAGROW 36237 1214 1507 1211 1507 0 3 250 39
SAGROW 36368 1216 1507 1211 1507 0 4 250 169
SAGROW 36432 1215 1507 1211 1507 0 5 250 102
SAGROW 36536 1214 1508 1211 1507 0 5 250 46
SAGROW 36642 1215 1508 1211 1507 0 6 250 152
SAGROW 36738 1215 1508 1211 1507 0 1 250 88
SAGROW 36824 1215 1507 1211 1507 0 2 250 75
SAGROW 36934 1215 1507 1211 1507 0 3 250 47
SAGROW 37046 1215 1507 1211 1507 0 3 250 158
SAGROW 37142 1213 1507 1211 1507 0 4 250 119
SAGROW 37235 1213 1507 1211 1507 0 5 250 67
SAGROW 37337 1214 1506 1211 1507 0 5 250 169
SAGROW 37439 1213 1506 1211 1507 0 6 250 128
SAGROW 37542 1213 1506 1211 1507 0 1 250 90
SAGROW 37631 1213 1507 1211 1507 0 2 250 46
SAGROW 37764 1213 1507 1211 1507 0 2 250 178
SAGROW 37847 1214 1507 1211 1507 0 3 250 108
SAGROW 37943 1213 1507 1211 1507 0 4 250 71
SAGROW 38048 1214 1508 1211 1507 0 5 250 45
SAGROW 38160 1212 1508 1211 1507 0 5 250 157
SAGROW 38254 1213 1508 1211 1507 0 6 250 107
SAGROW 38356 1212 1508 1211 1507 0 1 250 60
SAGROW 38478 1213 1507 1211 1507 0 1 250 182
SAGROW 38542 1212 1507 1211 1507 0 2 250 103
SAGROW 38655 1210 1507 1211 1507 0 3 250 90
SAGROW 38765 1211 1507 1211 1507 0 4 250 55
SAGROW 38874 1209 1506 1211 1507 0 4 250 164
SAGROW 38958 1209 1506 1211 1507 0 5 250 120
SAGROW 39046 1208 1506 1211 1507 0 6 250 56
SAGROW 39168 1209 1506 1211 1507 0 6 250 41
SAGROW 39286 1208 1506 1211 1507 0 1 250 160
SAGROW 39370 1208 1506 1211 1507 0 2 250 101
SAGROW 39452 1207 1507 1211 1507 0 3 250 53
SAGROW 39572 1207 1507 1211 1507 0 3 250 173
SAGROW 39668 1209 1507 1211 1507 0 4 250 116
SAGROW 39754 1209 1506 1211 1507 0 5 250 64
SAGROW 39855 1210 1507 1211 1507 0 5 250 164
SAGROW 39990 1211 1507 1211 1507 0 6 250 160
SAGROW 40080 1210 1507 1211 1507 0 1 250 110
SAGROW 40162 1211 1507 1211 1507 0 2 250 56
SAGROW 40285 1211 1507 1211 1507 0 2 250 39
SAGROW 40381 1211 1507 1211 1507 0 3 250 136
SAGROW 40483 1211 1507 1211 1507 0 4 250 96
SAGROW 40572 1212 1507 1211 1507 0 5 250 49
SAGROW 40684 1212 1507 1211 1507 0 5 250 161
SAGROW 40786 1211 1507 1211 1507 0 6 250 120
SAGROW 40875 1211 1507 1211 1507 0 1 250 69
SAGROW 40998 1212 1507 1211 1507 0 1 250 193
SAGROW 41081 1211 1507 1211 1507 0 2 250 121
SAGROW 41174 1212 1507 1211 1507 0 3 250 89
SAGROW 41285 1212 1507 1211 1507 0 4 250 58
SAGROW 41394 1210 1507 1211 1507 0 4 250 167
SAGROW 41478 1210 1506 1211 1507 0 5 250 122
SAGROW 41578 1209 1506 1211 1507 0 6 250 68
SAGROW 41693 1210 1507 1211 1507 0 6 250 42
SAGROW 41811 1209 1507 1211 1507 0 1 250 159
SAGROW 41874 1209 1506 1211 1507 0 2 250 88
SAGROW 41976 1208 1505 1211 1507 0 3 250 57
SAGROW 42100 1207 1505 1211 1507 0 3 250 37
SAGROW 42225 1208 1505 1211 1507 0 4 250 162
SAGROW 42289 1208 1506 1211 1507 0 5 250 78
SAGROW 42390 1210 1506 1211 1507 0 5 250 42
SAGROW 42489 1210 1506 1211 1507 0 6 250 133
SAGROW 42604 1211 1506 1211 1507 0 1 250 110
SAGROW 42686 1212 1506 1211 1507 0 2 250 60
SAGROW 42793 1213 1507 1211 1507 0 2 250 167
SAGROW 42909 1214 1507 1211 1507 0 3 250 136
SAGROW 43017 1213 1506 1211 1507 0 4 250 120
SAGROW 43103 1213 1506 1211 1507 0 5 250 52
SAGROW 43210 1212 1506 1211 1507 0 5 250 158
SAGROW 43292 1212 1506 1211 1507 0 6 250 107
SAGROW 43401 1212 1506 1211 1507 0 1 250 78
SAGROW 43505 1211 1506 1211 1507 0 2 250 46
SAGROW 43610 1212 1506 1211 1507 0 2 250 151
SAGROW 43698 1212 1507 1211 1507 0 3 250 83
SAGROW 43808 1212 1507 1211 1507 0 4 250 63
SAGROW 43917 1212 1507 1211 1507 0 4 250 172
SAGROW 44006 1211 1508 1211 1507 0 5 250 124
SAGROW 44101 1210 1507 1211 1507 0 6 250 71
SAGROW 44219 1209 1508 1211 1507 0 1 250 58
SAGROW 44328 1209 1507 1211 1507 0 1 250 167
SAGROW 44411 1209 1508 1211 1507 0 2 250 120
SAGROW 44505 1209 1507 1211 1507 0 3 250 66
SAGROW 44607 1209 1507 1211 1507 0 3 250 169
SAGROW 44741 1209 1507 1211 1507 0 4 250 146
SAGROW 44822 1210 1507 1211 1507 0 5 250 92
SAGROW 44912 1211 1507 1211 1507 0 6 250 49
SAGROW 45024 1211 1507 1211 1507 0 6 250 161
SAGROW 45120 1210 1507 1211 1507 0 1 250 119
SAGROW 45219 1209 1506 1211 1507 0 2 250 75
SAGROW 45328 1208 1506 1211 1507 0 3 250 48
SAGROW 45434 1209 1506 1211 1507 0 3 250 154
SAGROW 45525 1209 1506 1211 1507 0 4 250 108
SAGROW 45617 1210 1506 1211 1507 0 5 250 51
SAGROW 45743 1211 1506 1211 1507 0 5 250 41
SAGROW 45816 1213 1506 1211 1507 0 6 250 113
SAGROW 45924 1214 1507 1211 1507 0 1 250 80
SAGROW 46027 1215 1507 1211 1507 0 2 250 49
SAGROW 46139 1216 1507 1211 1507 0 2 250 161
SAGROW 46222 1215 1507 1211 1507 0 3 250 103
SAGROW 46337 1214 1506 1211 1507 0 4 250 87
SAGROW 46438 1215 1507 1211 1507 0 4 250 188
SAGROW 46528 1214 1506 1211 1507 0 5 250 132
SAGROW 46629 1212 1507 1211 1507 0 6 250 88
SAGROW 46725 1212 1507 1211 1507 0 6 250 45
SAGROW 46860 1212 1507 1211 1507 0 1 250 180
SAGROW 46949 1212 1507 1211 1507 0 2 250 128
SAGROW 47037 1212 1507 1211 1507 0 3 250 79
SAGROW 47152 1212 1507 1211 1507 0 4 250 52
SAGROW 47253 1210 1507 1211 1507 0 4 250 152
SAGROW 47342 1210 1507 1211 1507 0 5 250 112
SAGROW 47432 1211 1507 1211 1507 0 6 250 49
SAGROW 47559 1210 1507 1211 1507 0 6 250 37
SAGROW 47656 1209 1506 1211 1507 0 1 250 133
SAGROW 47744 1211 1506 1211 1507 0 2 250 83
SAGROW 47834 1211 1506 1211 1507 0 2 250 42
SAGROW 47960 1211 1506 1211 1507 0 3 250 168
SAGROW 48055 1212 1507 1211 1507 0 4 250 118
SAGROW 48140 1210 1507 1211 1507 0 5 250 64
SAGROW 48243 1210 1507 1211 1507 0 5 250 167
SAGROW 48351 1209 1507 1211 1507 0 6 250 133
SAGROW 48471 1210 1507 1211 1507 0 1 250 115
SAGROW 48548 1209 1507 1211 1507 0 1 250 51
SAGROW 48660 1208 1506 1211 1507 0 2 250 163
SAGROW 48743 1209 1506 1211 1507 0 3 250 107
SAGROW 48858 1209 1506 1211 1507 0 4 250 88
SAGROW 48967 1211 1506 1211 1507 0 5 250 51
SAGROW 49053 1211 1506 1211 1507 0 5 250 137
SAGROW 49164 1211 1506 1211 1507 0 6 250 94
SAGROW 49258 1211 1506 1211 1507 0 1 250 61
SAGROW 49360 1210 1506 1211 1507 0 1 250 163
SAGROW 49468 1211 1506 1211 1507 0 2 250 135
SAGROW 49567 1212 1506 1211 1507 0 3 250 87
SAGROW 49662 1212 1506 1211 1507 0 3 250 44
SAGROW 49774 1213 1506 1211 1507 0 4 250 156
SAGROW 49863 1212 1507 1211 1507 0 5 250 113
SAGROW 49965 1213 1507 1211 1507 0 6 250 62
SAGROW 50080 1211 1507 1211 1507 0 6 250 37
SAGROW 50191 1214 1507 1211 1507 0 1 250 148
SAGROW 50279 1213 1508 1211 1507 0 2 250 108
SAGROW 50363 1213 1508 1211 1507 0 3 250 51
SAGROW 50487 1214 1508 1211 1507 0 3 250 174
SAGROW 50596 1213 1508 1211 1507 0 4 250 133
SAGROW 50677 1214 1507 1211 1507 0 5 250 94
SAGROW 50764 1215 1507 1211 1507 0 5 250 181
SAGROW 50890 1216 1507 1211 1507 0 6 250 153
SAGROW 50984 1213 1507 1211 1507 0 1 250 104
SAGROW 51071 1214 1507 1211 1507 0 2 250 58
SAGROW 51195 1214 1507 1211 1507 0 2 250 40
SAGROW 51287 1213 1507 1211 1507 0 3 250 132
SAGROW 51394 1212 1507 1211 1507 0 4 250 95
SAGROW 51481 1212 1507 1211 1507 0 5 250 52
SAGROW 51599 1210 1507 1211 1507 0 5 250 171
SAGROW 51682 1212 1507 1211 1507 0 6 250 106
SAGROW 51781 1214 1507 1211 1507 0 1 250 59
SAGROW 51897 1214 1507 1211 1507 0 1 250 175
SAGROW 51984 1214 1507 1211 1507 0 2 250 123
SAGROW 52092 1214 1507 1211 1507 0 3 250 103
SAGROW 52193 1213 1507 1211 1507 0 4 250 69
SAGROW 52321 1213 1507 1211 1507 0 4 250 198
SAGROW 52386 1213 1508 1211 1507 0 5 250 103
SAGROW 52486 1212 1507 1211 1507 0 6 250 63
SAGROW 52603 1211 1507 1211 1507 0 1 250 52
SAGROW 52703 1210 1507 1211 1507 0 1 250 152
SAGROW 52805 1209 1507 1211 1507 0 2 250 119
SAGROW 52893 1209 1506 1211 1507 0 3 250 60
SAGROW 53004 1209 1507 1211 1507 0 3 250 171
SAGROW 53124 1209 1507 1211 1507 0 4 250 139
SAGROW 53206 1210 1506 1211 1507 0 5 250 104
SAGROW 53296 1206 1507 1211 1507 0 6 250 48
SAGROW 53408 1206 1507 1211 1507 0 6 250 160
SAGROW 53530 1207 1507 1211 1507 0 1 250 131
SAGROW 53592 1208 1507 1211 1507 0 2 250 73
SAGROW 53723 1207 1507 1211 1507 0 2 250 36
SAGROW 53801 1207 1507 1211 1507 0 3 250 114
SAGROW 53914 1208 1507 1211 1507 0 4 250 106
SAGROW 53995 1209 1507 1211 1507 0 5 250 59
SAGROW 54115 1212 1507 1211 1507 0 5 250 178
SAGROW 54204 1213 1507 1211 1507 0 6 250 113
SAGROW 54318 1212 1507 1211 1507 0 1 250 89
SAGROW 54413 1213 1507 1211 1507 0 2 250 47
SAGROW 54520 1213 1508 1211 1507 0 2 250 153
SAGROW 54609 1216 1508 1211 1507 0 3 250 110
SAGROW 54711 1216 1508 1211 1507 0 4 250 67
SAGROW 54819 1215 1507 1211 1507 0 4 250 175
SAGROW 54921 1216 1508 1211 1507 0 5 250 138
SAGROW 55010 1216 1507 1211 1507 0 6 250 83
SAGROW 55121 1218 1507 1211 1507 0 1 250 58
SAGROW 55240 1217 1507 1211 1507 0 1 250 178
SAGROW 55325 1218 1507 1211 1507 0 2 250 122
SAGROW 55420 1216 1507 1211 1507 0 3 250 46
SAGROW 55513 1215 1507 1211 1507 0 3 250 139
SAGROW 55641 1215 1507 1211 1507 0 4 250 155
SAGROW 55724 1214 1506 1211 1507 0 5 250 102
SAGROW 55820 1214 1506 1211 1507 0 5 250 43
SAGROW 55940 1211 1507 1211 1507 0 6 250 38
SAGROW 56052 1212 1507 1211 1507 0 1 250 149
SAGROW 56135 1212 1506 1211 1507 0 2 250 96
SAGROW 56230 1212 1506 1211 1507 0 2 250 43
SAGROW 56346 1212 1506 1211 1507 0 3 250 159
SAGROW 56436 1212 1506 1211 1507 0 4 250 112
SAGROW 56532 1211 1506 1211 1507 0 5 250 73
SAGROW 56647 1211 1507 1211 1507 0 5 250 38
SAGROW 56725 1211 1507 1211 1507 0 6 250 115
SAGROW 56837 1211 1507 1211 1507 0 1 250 96
SAGROW 56933 1210 1508 1211 1507 0 2 250 61
SAGROW 57044 1210 1508 1211 1507 0 2 250 173
SAGROW 57133 1209 1508 1211 1507 0 3 250 113
SAGROW 57248 1210 1508 1211 1507 0 4 250 87
SAGROW 57337 1208 1508 1211 1507 0 5 250 48
SAGROW 57456 1209 1507 1211 1507 0 5 250 166
SAGROW 57536 1209 1507 1211 1507 0 6 250 94
SAGROW 57650 1208 1506 1211 1507 0 1 250 68
SAGROW 57758 1210 1506 1211 1507 0 1 250 175
SAGROW 57842 1212 1506 1211 1507 0 2 250 122
SAGROW 57949 1213 1506 1211 1507 0 3 250 98
SAGROW 58058 1211 1506 1211 1507 0 4 250 61
SAGROW 58180 1212 1506 1211 1507 0 4 250 43
SAGROW 58260 1214 1506 1211 1507 0 5 250 123
SAGROW 58349 1212 1507 1211 1507 0 6 250 63
SAGROW 58449 1213 1507 1211 1507 0 6 250 163
SAGROW 58572 1212 1507 1211 1507 0 1 250 148
SAGROW 58653 1211 1507 1211 1507 0 2 250 90
SAGROW 58748 1210 1507 1211 1507 0 3 250 62
SAGROW 58850 1210 1507 1211 1507 0 3 250 165
SAGROW 58965 1210 1507 1211 1507 0 4 250 135
SAGROW 59048 1208 1508 1211 1507 0 5 250 63
SAGROW 59150 1209 1507 1211 1507 0 5 250 165
SAGROW 59269 1209 1507 1211 1507 0 6 250 120
SAGROW 59371 1209 1507 1211 1507 0 1 250 114
SAGROW 59453 1210 1507 1211 1507 0 2 250 60
SAGROW 59581 1212 1506 1211 1507 0 2 250 41
SAGROW 59660 1213 1506 1211 1507 0 3 250 121
SAGROW 59762 1213 1506 1211 1507 0 4 250 70
SAGROW 59865 1213 1507 1211 1507 0 5 250 57
SAGROW 59979 1212 1507 1211 1507 0 5 250 171
SAGROW 60062 1212 1507 1211 1507 0 6 250 106
SAGROW 60170 1212 1508 1211 1507 0 1 250 79
SAGROW 60273 1210 1508 1211 1507 0 2 250 47
SAGROW 60378 1208 1508 1211 1507 0 2 250 152
SAGROW 60466 1210 1508 1211 1507 0 3 250 82
SAGROW 60568 1210 1508 1211 1507 0 3 250 45
SAGROW 60689 1211 1507 1211 1507 0 4 250 46
SAGROW 60775 1211 1507 1211 1507 0 5 250 132
SAGROW 60869 1212 1507 1211 1507 0 6 250 72
SAGROW 60986 1212 1507 1211 1507 0 1 250 58
SAGROW 61099 1213 1507 1211 1507 0 1 250 171
SAGROW 61182 1214 1507 1211 1507 0 2 250 108
SAGROW 61275 1212 1507 1211 1507 0 3 250 69
SAGROW 61377 1213 1507 1211 1507 0 3 250 171
SAGROW 61511 1213 1507 1211 1507 0 4 250 161
SAGROW 61574 1212 1507 1211 1507 0 5 250 85
SAGROW 61682 1212 1507 1211 1507 0 6 250 52
SAGROW 61793 1212 1507 1211 1507 0 6 250 164
SAGROW 61922 1214 1507 1211 1507 0 1 250 152
SAGROW 61985 1214 1507 1211 1507 0 2 250 77
SAGROW 62088 1215 1507 1211 1507 0 3 250 49
SAGROW 62200 1214 1507 1211 1507 0 3 250 161
SAGROW 62292 1213 1507 1211 1507 0 4 250 108
SAGROW 62385 1214 1507 1211 1507 0 5 250 53
SAGROW 62511 1213 1507 1211 1507 0 5 250 42
SAGROW 62583 1213 1507 1211 1507 0 6 250 114
SAGROW 62693 1212 1507 1211 1507 0 1 250 71
SAGROW 62797 1210 1507 1211 1507 0 2 250 52
SAGROW 62907 1209 1507 1211 1507 0 2 250 162
SAGROW 62990 1212 1507 1211 1507 0 3 250 105
SAGROW 63104 1213 1506 1211 1507 0 4 250 87
SAGROW 63205 1213 1506 1211 1507 0 4 250 188
SAGROW 63313 1213 1506 1211 1507 0 5 250 151
SAGROW 63406 1213 1506 1211 1507 0 6 250 88
SAGROW 63502 1212 1506 1211 1507 0 1 250 58
SAGROW 63626 1212 1506 1211 1507 0 1 250 47
SAGROW 63705 1211 1506 1211 1507 0 2 250 127
SAGROW 63805 1210 1507 1211 1507 0 3 250 78
SAGROW 63905 1211 1506 1211 1507 0 3 250 42
SAGROW 64020 1212 1506 1211 1507 0 4 250 156
SAGROW 64108 1212 1507 1211 1507 0 5 250 112
SAGROW 64204 1213 1507 1211 1507 0 6 250 62
SAGROW 64304 1214 1507 1211 1507 0 6 250 162
SAGROW 64426 1215 1507 1211 1507 0 1 250 147
SAGROW 64507 1216 1507 1211 1507 0 2 250 95
SAGROW 64610 1216 1507 1211 1507 0 3 250 50
SAGROW 64734 1214 1507 1211 1507 0 3 250 174
SAGEND
