# elf_sha256 73E1CBBCCEAF874F5F5623833C195833630AF42845BFBE80D42801A2A1AA7EB7
# started 2026-09-24T00:02:25
BEMFRUN handoff_ehz=200 target_duty_tenths=475 advance_level=22 total_ms=45000 inject=0
PREFLIGHT moe=0 ccr1=0 ccr2=0 ccr3=0 gates_low=1 en=0 nfault=1 verdict=PASS
POSTSTOP
PREFLIGHT moe=0 ccr1=0 ccr2=0 ccr3=0 gates_low=1 en=0 nfault=1 verdict=PASS
BEMFDONE reason=2 accepted=402831 forced=0 zc_acc=402952 too_early=0 unstable=805257 ci_us=75 bus_ref=1217 bus_min=1127
BEMFSAG ref_bus=1217 ref_vref=1504 filt_bus=1198 filt_vref=1505 streak=0 tripped=0
BEMFGATE closed_ms=39776 hold_ms=20776 target_tenths=475 zc_per_s=10127 comm_per_s=10127 ehz_from_ci_last=2222 forced_pct=0
BEMFRATE hold_ms=20776 hold_accepted=257425 hold_forced=0 mean_ci_us=80 mean_sector_us=80 ehz_from_sector=2083 zc_per_s=12390 zc_expected_per_s=12500 zc_rate_permille_of_expected=991 hold_forced_pct=0
BEMFTAIL accepts=34438 span_us=2775789 start_before_stop_us=2775855 end_before_stop_us=66 window_us=2000000
BEMFRCOMP spent_max_us=11 late_arms=0 com_preempts=0 com_arm_preempts=0
BEMFSECTOR a1=65535 f1=0 a2=65535 f2=0 a3=65535 f3=0 a4=65535 f4=0 a5=65535 f5=0 a6=65535 f6=0
BEMFPHASE lt075=10241 to100=65535 to125=65535 to150=7289 gt150=661
BEMFREVISIT r1=9824 v1=4834 r2=10903 v2=8014 r3=9846 v3=8948 r4=17485 v4=9450 r5=6717 v5=6190 r6=13999 v6=11260
BEMFDRIVEN entered=1 epochs=21 accepts=13 early=16 unstable=273 defers=2 retries=0 late_max_us=15 qual_intervals=12 qual_reanchors=0 qual_fault=0 fail=0 seeded=1 seed_step=3 seed_us=761 commanded_us=833 irq_peak_per_ms=46 closed_irq_peak_per_ms=65 storm=0 storm_step=0 cap_armed=1 comp_call_max_us=16 overrun=0 blank_arms=402952 blank_latched=0 com_count=402953 com_late_max_us=9
BEMFGUARD reason=0 ticks=440458 gap_max_us=106 track_fault=0 track_max_us=240 fast_events=394135 fast_min_us=45 loop_iters_closed=1489744 loop_gap_max_us=151 acquire_us=16801
BEMFDRVROWS 9:3:7652:868 10:4:704:673 11:5:796:699 12:6:703:581 13:1:697:443 14:2:767:389 15:3:718:254 16:4:674:99
BEMFDRVROWS 17:5:755:15 18:6:887:77 19:1:783:13 20:2:817:20 21:3:834:14
BEMFCURRENT blocks=4404 mean_residual=8117 mean_ma=1019 hold_blocks=2057 hold_ma=1599 zero_blocks=50 zero_start=618351 zero_end=617074 zero_drift_ma=-160 ref_ma=326 duty_tenths=475
BEMFWITNESS samples=80611 bemf_min=0 bemf_max=0 mid=0 mid_fixed=0 alt=0 hyst_codes=12 driven_rotation=0
vsenc_min=0 vsenc_max=0 star_min=0 star_max=0 bus_ref=1217
BEMFCOAST reason=2 pp_first=0 pp_last=0 crossings=0 spun=1 comp_edges=1875 comp_hi=361525 comp_polls=557108
COASTTIMING trans=1363 offset_us=40 first_us=141 iv_us=247,238,247,240,247,240,248,240 ehz_first=2024
SAGSNAP judged=440437 fast_len=512 slow_len=1024 slow_every=32 frozen=0 num=95 den=100 streak_to_latch=3 adc_rail=4095
SAGROW 40285 1204 1505 1198 1505 0 3 475 116
SAGROW 40383 1204 1505 1198 1505 0 4 475 50
SAGROW 40477 1202 1505 1198 1505 0 5 475 57
SAGROW 40598 1202 1505 1198 1505 0 6 475 101
SAGROW 40685 1203 1505 1198 1505 0 1 475 116
SAGROW 40773 1202 1505 1198 1505 0 3 475 42
SAGROW 40923 1199 1505 1198 1505 0 4 475 111
SAGROW 41000 1197 1505 1198 1505 0 5 475 104
SAGROW 41078 1193 1505 1198 1505 0 6 475 101
SAGROW 41196 1194 1505 1198 1505 0 1 475 104
SAGROW 41287 1194 1505 1198 1505 0 3 475 71
SAGROW 41415 1195 1505 1198 1505 0 4 475 122
SAGROW 41490 1195 1505 1198 1505 0 5 475 112
SAGROW 41594 1197 1505 1198 1505 0 1 475 54
SAGROW 41703 1197 1505 1198 1505 0 2 475 80
SAGROW 41816 1197 1505 1198 1505 0 3 475 106
SAGROW 41904 1198 1505 1198 1505 0 5 475 46
SAGROW 42001 1198 1506 1198 1505 0 6 475 62
SAGROW 42117 1200 1505 1198 1505 0 1 475 93
SAGROW 42202 1200 1505 1198 1505 0 2 475 98
SAGROW 42298 1200 1505 1198 1505 0 3 475 89
SAGROW 42400 1199 1505 1198 1505 0 5 475 61
SAGROW 42515 1200 1505 1198 1505 0 6 475 83
SAGROW 42620 1201 1505 1198 1505 0 1 475 116
SAGROW 42707 1200 1505 1198 1505 0 3 475 40
SAGROW 42807 1200 1504 1198 1505 0 4 475 58
SAGROW 42896 1200 1504 1198 1505 0 5 475 60
SAGROW 43033 1199 1504 1198 1505 0 1 475 48
SAGROW 43118 1197 1505 1198 1505 0 2 475 49
SAGROW 43201 1196 1505 1198 1505 0 3 475 55
SAGROW 43335 1196 1505 1198 1505 0 4 475 107
SAGROW 43425 1195 1505 1198 1505 0 5 475 112
SAGROW 43527 1196 1505 1198 1505 0 1 475 51
SAGROW 43612 1196 1505 1198 1505 0 2 475 54
SAGROW 43739 1197 1505 1198 1505 0 3 475 108
SAGROW 43831 1197 1505 1198 1505 0 4 475 113
SAGROW 43911 1197 1505 1198 1505 0 6 475 116
SAGROW 44016 1198 1505 1198 1505 0 1 475 57
SAGROW 44148 1198 1505 1198 1505 0 2 475 108
SAGROW 44250 1199 1504 1198 1505 0 4 475 49
SAGROW 44322 1198 1504 1198 1505 0 5 475 44
SAGROW 44418 1198 1504 1198 1505 0 6 475 63
SAGROW 44534 1198 1505 1198 1505 0 1 475 94
SAGROW 44631 1199 1504 1198 1505 0 2 475 111
SAGROW 44736 1199 1505 1198 1505 0 4 475 131
SAGROW 44826 1200 1504 1198 1505 0 5 475 61
SAGROW 44931 1199 1504 1198 1505 0 6 475 72
SAGROW 45036 1200 1504 1198 1505 0 1 475 116
SAGROW 45124 1201 1504 1198 1505 0 3 475 41
SAGROW 45236 1200 1504 1198 1505 0 4 475 71
SAGROW 45342 1200 1504 1198 1505 0 5 475 94
SAGROW 45438 1199 1504 1198 1505 0 6 475 107
SAGROW 45533 1197 1504 1198 1505 0 2 475 52
SAGROW 45637 1196 1505 1198 1505 0 3 475 69
SAGROW 45766 1194 1505 1198 1505 0 4 475 121
SAGROW 45845 1192 1504 1198 1505 0 6 475 116
SAGROW 45947 1193 1505 1198 1505 0 1 475 54
SAGROW 46044 1194 1505 1198 1505 0 2 475 68
SAGROW 46164 1194 1505 1198 1505 0 3 475 101
SAGROW 46251 1194 1506 1198 1505 0 5 475 39
SAGROW 46329 1196 1506 1198 1505 0 6 475 117
SAGROW 46444 1196 1505 1198 1505 0 1 475 66
SAGROW 46565 1199 1505 1198 1505 0 2 475 107
SAGROW 46663 1201 1506 1198 1505 0 3 475 121
SAGROW 46735 1201 1506 1198 1505 0 5 475 103
SAGROW 46838 1201 1505 1198 1505 0 6 475 54
SAGROW 46960 1201 1505 1198 1505 0 1 475 102
SAGROW 47050 1200 1504 1198 1505 0 2 475 112
SAGROW 47162 1201 1505 1198 1505 0 4 475 60
SAGROW 47245 1201 1505 1198 1505 0 5 475 58
SAGROW 47376 1200 1504 1198 1505 0 6 475 108
SAGROW 47468 1199 1504 1198 1505 0 1 475 119
SAGROW 47544 1199 1504 1198 1505 0 3 475 40
SAGROW 47661 1199 1504 1198 1505 0 4 475 69
SAGROW 47744 1197 1504 1198 1505 0 5 475 75
SAGROW 47873 1198 1504 1198 1505 0 1 475 124
SAGROW 47956 1197 1504 1198 1505 0 1 475 122
SAGROW 48051 1197 1503 1198 1505 0 3 475 52
SAGROW 48186 1196 1504 1198 1505 0 4 475 108
SAGROW 48260 1198 1504 1198 1505 0 6 475 110
SAGROW 48364 1197 1504 1198 1505 0 1 475 50
SAGROW 48460 1195 1504 1198 1505 0 2 475 64
SAGROW 48586 1197 1504 1198 1505 0 3 475 106
SAGROW 48678 1196 1504 1198 1505 0 5 475 39
SAGROW 48754 1197 1504 1198 1505 0 5 475 114
SAGROW 48870 1197 1504 1198 1505 0 1 475 74
SAGROW 48978 1198 1504 1198 1505 0 2 475 95
SAGROW 49087 1195 1504 1198 1505 0 4 475 48
SAGROW 49159 1194 1503 1198 1505 0 5 475 120
SAGROW 49275 1195 1503 1198 1505 0 6 475 71
SAGROW 49398 1193 1503 1198 1505 0 1 475 98
SAGROW 49470 1194 1503 1198 1505 0 2 475 103
SAGROW 49585 1194 1503 1198 1505 0 4 475 66
SAGROW 49676 1195 1504 1198 1505 0 5 475 70
SAGROW 49798 1195 1504 1198 1505 0 6 475 111
SAGROW 49884 1198 1504 1198 1505 0 1 475 114
SAGROW 49990 1198 1505 1198 1505 0 2 475 140
SAGROW 50085 1197 1505 1198 1505 0 4 475 72
SAGROW 50187 1198 1505 1198 1505 0 5 475 78
SAGROW 50302 1198 1505 1198 1505 0 1 475 50
SAGROW 50381 1196 1505 1198 1505 0 2 475 48
SAGROW 50488 1196 1505 1198 1505 0 3 475 73
SAGROW 50590 1196 1505 1198 1505 0 4 475 93
SAGROW 50686 1193 1505 1198 1505 0 5 475 82
SAGROW 50783 1192 1505 1198 1505 0 1 475 50
SAGROW 50887 1193 1505 1198 1505 0 2 475 69
SAGROW 51002 1194 1504 1198 1505 0 3 475 108
SAGROW 51093 1194 1504 1198 1505 0 5 475 116
SAGROW 51180 1195 1505 1198 1505 0 6 475 119
SAGROW 51289 1193 1505 1198 1505 0 1 475 60
SAGROW 51422 1194 1505 1198 1505 0 2 475 115
SAGROW 51488 1195 1505 1198 1505 0 3 475 93
SAGROW 51583 1197 1505 1198 1505 0 5 475 43
SAGROW 51687 1197 1505 1198 1505 0 6 475 63
SAGROW 51815 1195 1505 1198 1505 0 1 475 108
SAGROW 51913 1194 1505 1198 1505 0 2 475 125
SAGROW 52004 1195 1505 1198 1505 0 4 475 123
SAGROW 52090 1197 1505 1198 1505 0 5 475 64
SAGROW 52214 1196 1505 1198 1505 0 6 475 110
SAGROW 52309 1197 1504 1198 1505 0 2 475 39
SAGROW 52402 1197 1504 1198 1505 0 3 475 49
SAGROW 52525 1198 1505 1198 1505 0 4 475 91
SAGROW 52620 1199 1504 1198 1505 0 5 475 82
SAGROW 52717 1201 1504 1198 1505 0 1 475 119
SAGROW 52803 1199 1505 1198 1505 0 2 475 52
SAGROW 52907 1199 1504 1198 1505 0 3 475 70
SAGROW 53028 1200 1504 1198 1505 0 5 475 114
SAGROW 53117 1199 1504 1198 1505 0 6 475 37
SAGROW 53211 1199 1504 1198 1505 0 1 475 49
SAGROW 53315 1197 1504 1198 1505 0 2 475 70
SAGROW 53434 1196 1505 1198 1505 0 3 475 102
SAGROW 53521 1196 1504 1198 1505 0 5 475 40
SAGROW 53606 1199 1504 1198 1505 0 6 475 45
SAGROW 53711 1198 1504 1198 1505 0 1 475 66
SAGROW 53833 1197 1504 1198 1505 0 2 475 107
SAGROW 53932 1196 1504 1198 1505 0 4 475 123
SAGROW 54008 1198 1504 1198 1505 0 5 475 45
SAGROW 54137 1198 1504 1198 1505 0 6 475 72
SAGROW 54243 1200 1504 1198 1505 0 1 475 116
SAGROW 54330 1199 1504 1198 1505 0 3 475 41
SAGROW 54431 1198 1504 1198 1505 0 4 475 59
SAGROW 54515 1198 1504 1198 1505 0 5 475 61
SAGROW 54614 1196 1505 1198 1505 0 6 475 43
SAGROW 54734 1195 1505 1198 1505 0 2 475 37
SAGROW 54822 1196 1505 1198 1505 0 3 475 52
SAGROW 54948 1196 1505 1198 1505 0 4 475 98
SAGROW 55040 1194 1505 1198 1505 0 5 475 99
SAGROW 55139 1195 1505 1198 1505 0 1 475 121
SAGROW 55231 1197 1505 1198 1505 0 2 475 49
SAGROW 55325 1196 1505 1198 1505 0 3 475 57
SAGROW 55450 1199 1505 1198 1505 0 5 475 103
SAGROW 55531 1201 1505 1198 1505 0 6 475 113
SAGROW 55635 1199 1505 1198 1505 0 1 475 51
SAGROW 55731 1200 1505 1198 1505 0 2 475 67
SAGROW 55856 1201 1505 1198 1505 0 3 475 108
SAGROW 55948 1200 1505 1198 1505 0 5 475 39
SAGROW 56041 1198 1505 1198 1505 0 6 475 49
SAGROW 56164 1199 1505 1198 1505 0 1 475 99
SAGROW 56254 1198 1505 1198 1505 0 2 475 110
SAGROW 56339 1197 1505 1198 1505 0 3 475 112
SAGROW 56432 1196 1505 1198 1505 0 5 475 40
SAGROW 56544 1196 1505 1198 1505 0 6 475 71
SAGROW 56668 1198 1505 1198 1505 0 1 475 98
SAGROW 56745 1197 1505 1198 1505 0 2 475 109
SAGROW 56847 1198 1505 1198 1505 0 4 475 50
SAGROW 56949 1197 1505 1198 1505 0 5 475 78
SAGROW 57078 1198 1504 1198 1505 0 1 475 122
SAGROW 57152 1198 1504 1198 1505 0 2 475 114
SAGROW 57252 1200 1504 1198 1505 0 2 475 132
SAGROW 57352 1199 1505 1198 1505 0 4 475 70
SAGROW 57466 1197 1504 1198 1505 0 6 475 101
SAGROW 57570 1197 1504 1198 1505 0 1 475 49
SAGROW 57648 1195 1504 1198 1505 0 2 475 46
SAGROW 57754 1195 1504 1198 1505 0 3 475 70
SAGROW 57868 1194 1504 1198 1505 0 4 475 103
SAGROW 57966 1194 1504 1198 1505 0 6 475 38
SAGROW 58061 1194 1505 1198 1505 0 1 475 59
SAGROW 58175 1193 1504 1198 1505 0 2 475 94
SAGROW 58288 1193 1505 1198 1505 0 4 475 42
SAGROW 58363 1195 1505 1198 1505 0 5 475 117
SAGROW 58452 1196 1504 1198 1505 0 6 475 40
SAGROW 58562 1198 1504 1198 1505 0 1 475 69
SAGROW 58692 1192 1504 1198 1505 0 3 475 36
SAGROW 58767 1191 1504 1198 1505 0 3 475 111
SAGROW 58854 1190 1504 1198 1505 0 5 475 43
SAGROW 58958 1192 1504 1198 1505 0 6 475 65
SAGROW 59083 1193 1504 1198 1505 0 1 475 107
SAGROW 59173 1193 1504 1198 1505 0 3 475 116
SAGROW 59283 1193 1505 1198 1505 0 4 475 63
SAGROW 59360 1193 1505 1198 1505 0 5 475 67
SAGROW 59483 1198 1505 1198 1505 0 6 475 109
SAGROW 59574 1199 1505 1198 1505 0 2 475 116
SAGROW 59663 1200 1505 1198 1505 0 3 475 42
SAGROW 59813 1199 1505 1198 1505 0 4 475 110
SAGROW 59890 1198 1505 1198 1505 0 5 475 104
SAGROW 59987 1196 1505 1198 1505 0 1 475 119
SAGROW 60079 1196 1504 1198 1505 0 2 475 46
SAGROW 60193 1196 1504 1198 1505 0 3 475 68
SAGROW 60295 1197 1504 1198 1505 0 4 475 113
SAGROW 60380 1197 1504 1198 1505 0 5 475 114
SAGROW 60482 1196 1504 1198 1505 0 1 475 49
SAGROW 60577 1196 1504 1198 1505 0 2 475 64
SAGROW 60718 1196 1503 1198 1505 0 4 475 42
SAGROW 60789 1198 1504 1198 1505 0 5 475 40
SAGROW 60877 1197 1504 1198 1505 0 6 475 48
SAGROW 60990 1194 1504 1198 1505 0 1 475 74
SAGROW 61111 1192 1504 1198 1505 0 2 475 115
SAGROW 61188 1190 1504 1198 1505 0 3 475 107
SAGROW 61289 1191 1504 1198 1505 0 5 475 57
SAGROW 61393 1190 1505 1198 1505 0 6 475 71
SAGROW 61514 1191 1505 1198 1505 0 2 475 38
SAGROW 61589 1189 1505 1198 1505 0 2 475 114
SAGROW 61705 1191 1505 1198 1505 0 4 475 65
SAGROW 61802 1192 1505 1198 1505 0 5 475 77
SAGROW 61910 1194 1505 1198 1505 0 6 475 102
SAGROW 61996 1196 1505 1198 1505 0 1 475 111
SAGROW 62094 1196 1505 1198 1505 0 3 475 51
SAGROW 62227 1195 1505 1198 1505 0 4 475 108
SAGROW 62312 1196 1505 1198 1505 0 5 475 109
SAGROW 62411 1197 1505 1198 1505 0 1 475 123
SAGROW 62500 1198 1505 1198 1505 0 2 475 48
SAGROW 62635 1199 1505 1198 1505 0 3 475 90
SAGROW 62718 1200 1505 1198 1505 0 5 475 104
SAGROW 62799 1199 1505 1198 1505 0 5 475 112
SAGROW 62915 1201 1505 1198 1505 0 1 475 63
SAGROW 62998 1200 1505 1198 1505 0 2 475 65
SAGROW 63131 1200 1505 1198 1505 0 3 475 113
SAGROW 63223 1200 1505 1198 1505 0 5 475 39
SAGROW 63310 1199 1505 1198 1505 0 6 475 52
SAGROW 63433 1198 1505 1198 1505 0 1 475 100
SAGROW 63524 1196 1505 1198 1505 0 2 475 111
SAGROW 63609 1197 1505 1198 1505 0 3 475 113
SAGROW 63715 1197 1505 1198 1505 0 5 475 55
SAGROW 63809 1197 1505 1198 1505 0 6 475 66
SAGROW 63924 1198 1505 1198 1505 0 2 475 102
SAGROW 64026 1196 1505 1198 1505 0 3 475 39
SAGROW 64127 1196 1505 1198 1505 0 4 475 60
SAGROW 64215 1196 1505 1198 1505 0 5 475 74
SAGROW 64336 1198 1505 1198 1505 0 6 475 111
SAGROW 64428 1197 1505 1198 1505 0 1 475 121
SAGROW 64524 1198 1504 1198 1505 0 3 475 46
SAGROW 64648 1199 1505 1198 1505 0 4 475 97
SAGROW 64742 1198 1505 1198 1505 0 6 475 38
SAGROW 64841 1199 1505 1198 1505 0 1 475 52
SAGROW 64926 1200 1505 1198 1505 0 2 475 57
SAGROW 65053 1201 1505 1198 1505 0 3 475 93
SAGROW 65150 1201 1504 1198 1505 0 4 475 118
SAGROW 65230 1202 1504 1198 1505 0 6 475 116
SAGROW 65329 1199 1505 1198 1505 0 1 475 59
SAGROW 65443 1197 1504 1198 1505 0 2 475 81
SAGROW 10 1197 1504 1198 1505 0 3 475 114
SAGROW 103 1197 1504 1198 1505 0 5 475 42
SAGROW 202 1198 1504 1198 1505 0 6 475 53
SAGROW 324 1197 1504 1198 1505 0 1 475 101
SAGROW 410 1197 1505 1198 1505 0 2 475 116
SAGROW 516 1197 1505 1198 1505 0 4 475 45
SAGROW 604 1200 1505 1198 1505 0 5 475 62
SAGROW 693 1203 1504 1198 1505 0 6 475 67
SAGROW 827 1203 1505 1198 1505 0 1 475 119
SAGROW 899 1204 1505 1198 1505 0 2 475 110
SAGROW 1018 1202 1505 1198 1505 0 4 475 67
SAGROW 1128 1203 1505 1198 1505 0 5 475 103
SAGROW 1218 1203 1505 1198 1505 0 6 475 113
SAGROW 1313 1202 1505 1198 1505 0 2 475 41
SAGROW 1406 1200 1505 1198 1505 0 3 475 51
SAGROW 1545 1198 1505 1198 1505 0 4 475 111
SAGROW 1632 1199 1505 1198 1505 0 6 475 36
SAGROW 1702 1200 1505 1198 1505 0 6 475 105
SAGROW 1812 1202 1505 1198 1505 0 2 475 62
SAGROW 1926 1200 1504 1198 1505 0 3 475 80
SAGROW 2037 1200 1504 1198 1505 0 5 475 38
SAGROW 2113 1199 1504 1198 1505 0 5 475 114
SAGROW 2218 1199 1504 1198 1505 0 1 475 57
SAGROW 2332 1199 1504 1198 1505 0 2 475 100
SAGROW 2424 1198 1504 1198 1505 0 3 475 105
SAGROW 2514 1197 1505 1198 1505 0 5 475 120
SAGROW 2623 1196 1505 1198 1505 0 6 475 60
SAGROW 2752 1196 1506 1198 1505 0 1 475 107
SAGROW 2850 1196 1506 1198 1505 0 3 475 36
SAGROW 2954 1197 1506 1198 1505 0 4 475 47
SAGROW 3018 1199 1506 1198 1505 0 5 475 55
SAGROW 3152 1199 1506 1198 1505 0 6 475 110
SAGROW 3247 1198 1506 1198 1505 0 2 475 38
SAGROW 3322 1198 1505 1198 1505 0 2 475 113
SAGROW 3442 1196 1505 1198 1505 0 4 475 69
SAGROW 3556 1198 1504 1198 1505 0 5 475 99
SAGROW 3648 1197 1505 1198 1505 0 1 475 114
SAGROW 3734 1197 1505 1198 1505 0 2 475 44
SAGROW 3843 1197 1505 1198 1505 0 3 475 71
SAGROW 3958 1197 1505 1198 1505 0 4 475 99
SAGROW 4058 1196 1504 1198 1505 0 6 475 40
SAGROW 4134 1197 1504 1198 1505 0 6 475 116
SAGROW 4252 1201 1505 1198 1505 0 1 475 103
SAGROW 4337 1201 1505 1198 1505 0 3 475 98
SAGROW 4448 1201 1504 1198 1505 0 5 475 91
SAGROW 4534 1199 1504 1198 1505 0 6 475 118
SAGROW 4651 1199 1504 1198 1505 0 1 475 69
SAGROW 4764 1199 1504 1198 1505 0 2 475 100
SAGROW 4870 1199 1504 1198 1505 0 4 475 119
SAGROW 4948 1199 1504 1198 1505 0 5 475 49
SAGROW 5058 1196 1504 1198 1505 0 6 475 77
SAGROW 5174 1195 1505 1198 1505 0 1 475 112
SAGROW 5267 1194 1505 1198 1505 0 3 475 38
SAGROW 5350 1196 1505 1198 1505 0 4 475 121
SAGROW 5452 1195 1505 1198 1505 0 5 475 72
SAGROW 5556 1197 1505 1198 1505 0 6 475 84
SAGROW 5661 1197 1505 1198 1505 0 1 475 116
SAGROW 5749 1197 1505 1198 1505 0 3 475 41
SAGROW 5859 1195 1505 1198 1505 0 4 475 70
SAGROW 5986 1196 1505 1198 1505 0 5 475 114
SAGROW 6063 1197 1504 1198 1505 0 6 475 108
SAGROW 6164 1196 1504 1198 1505 0 2 475 60
SAGROW 6255 1189 1504 1198 1505 0 3 475 68
SAGROW 6382 1188 1504 1198 1505 0 4 475 114
SAGROW 6467 1187 1504 1198 1505 0 6 475 114
SAGROW 6571 1188 1504 1198 1505 0 1 475 135
SAGROW 6690 1187 1504 1198 1505 0 2 475 81
SAGROW 6803 1187 1504 1198 1505 0 4 475 42
SAGROW 6874 1188 1504 1198 1505 0 5 475 39
SAGROW 6959 1190 1504 1198 1505 0 6 475 44
SAGROW 7072 1199 1504 1198 1505 0 1 475 72
SAGROW 7180 1198 1504 1198 1505 0 2 475 99
SAGROW 7286 1199 1504 1198 1505 0 4 475 44
SAGROW 7371 1199 1504 1198 1505 0 5 475 54
SAGROW 7473 1199 1504 1198 1505 0 6 475 77
SAGROW 7590 1200 1504 1198 1505 0 1 475 110
SAGROW 7683 1200 1504 1198 1505 0 3 475 38
SAGROW 7777 1199 1505 1198 1505 0 4 475 51
SAGROW 7875 1197 1505 1198 1505 0 5 475 51
SAGROW 8004 1196 1505 1198 1505 0 1 475 42
SAGROW 8083 1197 1505 1198 1505 0 2 475 42
SAGROW 8176 1196 1505 1198 1505 0 3 475 52
SAGROW 8311 1201 1505 1198 1505 0 4 475 105
SAGROW 8402 1202 1505 1198 1505 0 5 475 113
SAGROW 8479 1201 1505 1198 1505 0 6 475 107
SAGROW 8579 1201 1505 1198 1505 0 2 475 58
SAGROW 8693 1200 1505 1198 1505 0 3 475 78
SAGROW 8802 1201 1505 1198 1505 0 4 475 103
SAGROW 8881 1200 1505 1198 1505 0 5 475 113
SAGROW 8986 1197 1505 1198 1505 0 1 475 131
SAGROW 9124 1192 1505 1198 1505 0 2 475 102
SAGROW 9202 1191 1505 1198 1505 0 3 475 99
SAGROW 9286 1190 1505 1198 1505 0 5 475 109
SAGROW 9395 1190 1505 1198 1505 0 6 475 63
SAGROW 9525 1191 1505 1198 1505 0 1 475 110
SAGROW 9589 1191 1505 1198 1505 0 2 475 93
SAGROW 9709 1191 1505 1198 1505 0 4 475 46
SAGROW 9788 1194 1505 1198 1505 0 5 475 56
SAGROW 9890 1195 1505 1198 1505 0 6 475 78
SAGROW 10015 1195 1504 1198 1505 0 2 475 37
SAGROW 10091 1195 1504 1198 1505 0 2 475 113
SAGROW 10207 1197 1504 1198 1505 0 4 475 64
SAGROW 10313 1196 1504 1198 1505 0 5 475 84
SAGROW 10409 1197 1504 1198 1505 0 6 475 88
SAGROW 10511 1196 1504 1198 1505 0 2 475 49
SAGROW 10594 1196 1504 1198 1505 0 3 475 55
SAGROW 10729 1195 1505 1198 1505 0 4 475 107
SAGROW 10814 1195 1505 1198 1505 0 5 475 108
SAGROW 10916 1196 1505 1198 1505 0 1 475 49
SAGROW 11001 1197 1505 1198 1505 0 2 475 53
SAGROW 11098 1197 1505 1198 1505 0 3 475 59
SAGROW 11218 1196 1505 1198 1505 0 5 475 114
SAGROW 11305 1198 1505 1198 1505 0 6 475 118
SAGROW 11409 1198 1504 1198 1505 0 1 475 60
SAGROW 11510 1199 1504 1198 1505 0 2 475 78
SAGROW 11640 1200 1504 1198 1505 0 4 475 124
SAGROW 11718 1201 1504 1198 1505 0 5 475 49
SAGROW 11811 1200 1504 1198 1505 0 6 475 62
SAGROW 11928 1201 1504 1198 1505 0 1 475 96
SAGROW 12025 1203 1504 1198 1505 0 2 475 111
SAGROW 12128 1204 1504 1198 1505 0 4 475 52
SAGROW 12219 1205 1504 1198 1505 0 5 475 63
SAGROW 12340 1206 1503 1198 1505 0 6 475 100
SAGROW 12434 1204 1504 1198 1505 0 2 475 40
SAGROW 12527 1201 1504 1198 1505 0 3 475 50
SAGROW 12664 1200 1504 1198 1505 0 4 475 104
SAGROW 12754 1201 1504 1198 1505 0 5 475 113
SAGROW 12833 1199 1504 1198 1505 0 1 475 110
SAGROW 12917 1198 1504 1198 1505 0 2 475 43
SAGROW 13034 1197 1504 1198 1505 0 3 475 78
SAGROW 13149 1198 1505 1198 1505 0 4 475 109
SAGROW 13234 1199 1504 1198 1505 0 5 475 112
SAGROW 13336 1200 1504 1198 1505 0 1 475 49
SAGROW 13430 1199 1504 1198 1505 0 2 475 62
SAGROW 13553 1198 1504 1198 1505 0 3 475 96
SAGROW 13638 1198 1504 1198 1505 0 5 475 108
SAGROW 13727 1197 1504 1198 1505 0 6 475 43
SAGROW 13847 1196 1504 1198 1505 0 1 475 77
SAGROW 13955 1194 1504 1198 1505 0 2 475 102
SAGROW 14052 1194 1504 1198 1505 0 3 475 119
SAGROW 14133 1195 1504 1198 1505 0 5 475 46
SAGROW 14233 1196 1504 1198 1505 0 6 475 68
SAGROW 14357 1198 1504 1198 1505 0 1 475 107
SAGROW 14447 1198 1504 1198 1505 0 3 475 116
SAGROW 14545 1198 1504 1198 1505 0 4 475 49
SAGROW 14648 1198 1504 1198 1505 0 5 475 53
SAGROW 14774 1198 1504 1198 1505 0 1 475 43
SAGROW 14853 1197 1505 1198 1505 0 2 475 42
SAGROW 14946 1198 1505 1198 1505 0 3 475 52
SAGROW 15080 1198 1505 1198 1505 0 4 475 106
SAGROW 15171 1197 1505 1198 1505 0 5 475 112
SAGROW 15254 1197 1505 1198 1505 0 6 475 113
SAGROW 15356 1197 1505 1198 1505 0 2 475 52
SAGROW 15450 1198 1505 1198 1505 0 3 475 72
SAGROW 15573 1198 1505 1198 1505 0 5 475 35
SAGROW 15656 1197 1505 1198 1505 0 6 475 117
SAGROW 15759 1196 1505 1198 1505 0 1 475 55
SAGROW 15856 1196 1505 1198 1505 0 2 475 70
SAGROW 15977 1195 1506 1198 1505 0 3 475 96
SAGROW 16070 1196 1505 1198 1505 0 5 475 39
SAGROW 16157 1196 1505 1198 1505 0 6 475 49
SAGROW 16261 1198 1505 1198 1505 0 1 475 74
SAGROW 16382 1199 1505 1198 1505 0 2 475 114
SAGROW 16476 1201 1505 1198 1505 0 4 475 45
SAGROW 16559 1201 1505 1198 1505 0 5 475 128
SAGROW 16659 1200 1505 1198 1505 0 6 475 66
SAGROW 16784 1200 1505 1198 1505 0 2 475 36
SAGROW 16860 1198 1505 1198 1505 0 2 475 112
SAGROW 16971 1197 1505 1198 1505 0 4 475 59
SAGROW 17098 1196 1505 1198 1505 0 5 475 95
SAGROW 17175 1195 1505 1198 1505 0 6 475 99
SAGROW 17277 1194 1505 1198 1505 0 1 475 92
SAGROW 17380 1194 1505 1198 1505 0 3 475 65
SAGROW 17490 1194 1505 1198 1505 0 4 475 66
SAGROW 17595 1196 1505 1198 1505 0 6 475 36
SAGROW 17669 1197 1505 1198 1505 0 6 475 110
SAGROW 17773 1196 1505 1198 1505 0 2 475 48
SAGROW 17867 1195 1505 1198 1505 0 3 475 57
SAGROW 17996 1196 1505 1198 1505 0 4 475 122
SAGROW 18070 1197 1505 1198 1505 0 6 475 111
SAGROW 18186 1198 1505 1198 1505 0 1 475 63
SAGROW 18269 1198 1505 1198 1505 0 2 475 64
SAGROW 18402 1200 1505 1198 1505 0 3 475 114
SAGROW 18489 1201 1505 1198 1505 0 5 475 38
SAGROW 18574 1200 1505 1198 1505 0 6 475 44
SAGROW 18681 1200 1505 1198 1505 0 1 475 76
SAGROW 18804 1200 1505 1198 1505 0 3 475 36
SAGROW 18898 1200 1505 1198 1505 0 4 475 49
SAGROW 18986 1200 1505 1198 1505 0 5 475 55
SAGROW 19118 1200 1505 1198 1505 0 6 475 105
SAGROW 19210 1199 1505 1198 1505 0 1 475 114
SAGROW 19284 1197 1505 1198 1505 0 3 475 106
SAGROW 19399 1199 1505 1198 1505 0 4 475 71
SAGROW 19488 1199 1505 1198 1505 0 5 475 75
SAGROW 19618 1199 1505 1198 1505 0 1 475 122
SAGROW 19699 1198 1505 1198 1505 0 1 475 120
SAGROW 19787 1199 1506 1198 1505 0 3 475 42
SAGROW 19923 1198 1505 1198 1505 0 4 475 101
SAGROW 20008 1199 1505 1198 1505 0 6 475 112
SAGROW 20111 1198 1505 1198 1505 0 1 475 51
SAGROW 20190 1198 1505 1198 1505 0 2 475 48
SAGROW 20298 1199 1505 1198 1505 0 3 475 73
SAGROW 20425 1200 1505 1198 1505 0 4 475 119
SAGROW 20511 1199 1505 1198 1505 0 6 475 43
SAGROW 20602 1199 1505 1198 1505 0 1 475 61
SAGROW 20717 1199 1504 1198 1505 0 2 475 95
SAGROW 20834 1198 1505 1198 1505 0 4 475 48
SAGROW 20909 1198 1505 1198 1505 0 5 475 40
SAGROW 21002 1198 1505 1198 1505 0 6 475 51
SAGROW 21137 1197 1504 1198 1505 0 1 475 90
SAGROW 21230 1196 1504 1198 1505 0 3 475 41
SAGROW 21304 1196 1504 1198 1505 0 3 475 115
SAGROW 21405 1195 1504 1198 1505 0 5 475 55
SAGROW 21513 1195 1504 1198 1505 0 6 475 80
SAGROW 21630 1195 1504 1198 1505 0 1 475 111
SAGROW 21710 1197 1504 1198 1505 0 2 475 112
SAGROW 21829 1198 1504 1198 1505 0 4 475 69
SAGROW 21907 1199 1504 1198 1505 0 5 475 72
SAGROW 22037 1199 1504 1198 1505 0 1 475 124
SAGROW 22120 1198 1504 1198 1505 0 2 475 41
SAGROW 22213 1199 1504 1198 1505 0 3 475 51
SAGROW 22334 1198 1504 1198 1505 0 4 475 90
SAGROW 22432 1197 1504 1198 1505 0 5 475 84
SAGROW 22521 1197 1504 1198 1505 0 1 475 117
SAGROW 22626 1196 1504 1198 1505 0 2 475 67
SAGROW 22715 1193 1505 1198 1505 0 3 475 74
SAGROW 22843 1193 1505 1198 1505 0 4 475 120
SAGROW 22931 1194 1505 1198 1505 0 6 475 42
SAGROW 23032 1194 1505 1198 1505 0 1 475 60
SAGROW 23153 1195 1505 1198 1505 0 2 475 100
SAGROW 23259 1196 1504 1198 1505 0 4 475 43
SAGROW 23331 1196 1505 1198 1505 0 5 475 42
SAGROW 23435 1196 1505 1198 1505 0 6 475 65
SAGROW 23560 1197 1504 1198 1505 0 1 475 106
SAGROW 23657 1199 1504 1198 1505 0 2 475 123
SAGROW 23747 1200 1504 1198 1505 0 4 475 47
SAGROW 23829 1201 1504 1198 1505 0 5 475 59
SAGROW 23931 1202 1505 1198 1505 0 6 475 82
SAGROW 24056 1201 1505 1198 1505 0 2 475 40
SAGROW 24132 1201 1504 1198 1505 0 2 475 116
SAGROW 24267 1202 1504 1198 1505 0 4 475 87
SAGROW 24340 1201 1505 1198 1505 0 5 475 53
SAGROW 24466 1200 1505 1198 1505 0 1 475 50
SAGROW 24551 1199 1505 1198 1505 0 2 475 55
SAGROW 24636 1199 1505 1198 1505 0 3 475 53
SAGROW 24770 1200 1505 1198 1505 0 4 475 110
SAGROW 24855 1200 1505 1198 1505 0 5 475 111
SAGROW 24959 1201 1505 1198 1505 0 1 475 133
SAGROW 25054 1200 1505 1198 1505 0 2 475 65
SAGROW 25175 1200 1505 1198 1505 0 3 475 112
SAGROW 25262 1201 1506 1198 1505 0 5 475 38
SAGROW 25347 1200 1506 1198 1505 0 6 475 40
SAGROW 25466 1202 1506 1198 1505 0 1 475 70
SAGROW 25560 1201 1505 1198 1505 0 2 475 88
SAGROW 25643 1202 1505 1198 1505 0 3 475 46
SAGROW 25760 1201 1505 1198 1505 0 5 475 45
SAGROW 25863 1202 1505 1198 1505 0 6 475 77
SAGROW 25980 1202 1504 1198 1505 0 1 475 108
SAGROW 26073 1200 1504 1198 1505 0 3 475 37
SAGROW 26167 1200 1504 1198 1505 0 4 475 49
SAGROW 26276 1197 1504 1198 1505 0 5 475 53
SAGROW 26378 1198 1504 1198 1505 0 6 475 96
SAGSLOW 1198 1504 1197 1505
SAGSLOW 1203 1504 1197 1505
SAGSLOW 1198 1505 1197 1505
SAGSLOW 1196 1504 1197 1505
SAGSLOW 1198 1505 1197 1505
SAGSLOW 1196 1504 1197 1505
SAGSLOW 1198 1504 1197 1505
SAGSLOW 1197 1504 1197 1505
SAGSLOW 1195 1505 1197 1505
SAGSLOW 1196 1505 1197 1505
SAGSLOW 1190 1505 1197 1505
SAGSLOW 1200 1505 1197 1505
SAGSLOW 1200 1504 1198 1505
SAGSLOW 1198 1505 1198 1505
SAGSLOW 1203 1505 1198 1505
SAGSLOW 1204 1505 1198 1505
SAGSLOW 1198 1505 1198 1505
SAGSLOW 1196 1504 1198 1505
SAGSLOW 1199 1504 1198 1505
SAGSLOW 1197 1505 1198 1505
SAGSLOW 1195 1504 1198 1505
SAGSLOW 1196 1506 1198 1505
SAGSLOW 1197 1505 1198 1505
SAGSLOW 1199 1505 1197 1505
SAGSLOW 1195 1506 1197 1505
SAGSLOW 1199 1506 1197 1505
SAGSLOW 1197 1504 1197 1505
SAGSLOW 1198 1504 1197 1505
SAGSLOW 1194 1504 1197 1505
SAGSLOW 1199 1504 1197 1505
SAGSLOW 1198 1505 1197 1505
SAGSLOW 1196 1504 1197 1505
SAGSLOW 1193 1505 1197 1505
SAGSLOW 1198 1505 1197 1505
SAGSLOW 1200 1504 1197 1505
SAGSLOW 1197 1505 1197 1505
SAGSLOW 1196 1504 1197 1505
SAGSLOW 1195 1504 1197 1505
SAGSLOW 1199 1506 1197 1505
SAGSLOW 1202 1504 1197 1505
SAGSLOW 1207 1504 1197 1505
SAGSLOW 1200 1506 1197 1505
SAGSLOW 1197 1505 1197 1505
SAGSLOW 1197 1506 1197 1505
SAGSLOW 1197 1504 1197 1505
SAGSLOW 1196 1506 1197 1505
SAGSLOW 1194 1506 1197 1505
SAGSLOW 1198 1504 1197 1505
SAGSLOW 1200 1505 1197 1505
SAGSLOW 1198 1505 1197 1505
SAGSLOW 1198 1505 1197 1505
SAGSLOW 1196 1505 1197 1505
SAGSLOW 1200 1505 1197 1505
SAGSLOW 1195 1505 1197 1505
SAGSLOW 1194 1505 1197 1505
SAGSLOW 1196 1504 1197 1505
SAGSLOW 1199 1505 1197 1505
SAGSLOW 1196 1506 1197 1505
SAGSLOW 1201 1504 1197 1505
SAGSLOW 1193 1505 1197 1505
SAGSLOW 1200 1505 1197 1505
SAGSLOW 1198 1505 1197 1505
SAGSLOW 1200 1504 1197 1505
SAGSLOW 1199 1504 1197 1505
SAGSLOW 1193 1505 1197 1505
SAGSLOW 1200 1504 1197 1505
SAGSLOW 1197 1504 1197 1505
SAGSLOW 1193 1505 1197 1505
SAGSLOW 1194 1505 1197 1505
SAGSLOW 1194 1504 1197 1505
SAGSLOW 1198 1504 1197 1505
SAGSLOW 1197 1504 1197 1505
SAGSLOW 1197 1504 1197 1505
SAGSLOW 1198 1505 1197 1505
SAGSLOW 1191 1504 1197 1505
SAGSLOW 1196 1504 1197 1505
SAGSLOW 1198 1504 1197 1505
SAGSLOW 1197 1505 1197 1505
SAGSLOW 1199 1505 1197 1505
SAGSLOW 1194 1505 1197 1505
SAGSLOW 1199 1505 1197 1505
SAGSLOW 1201 1506 1197 1505
SAGSLOW 1199 1504 1197 1505
SAGSLOW 1197 1505 1198 1505
SAGSLOW 1198 1503 1197 1505
SAGSLOW 1203 1504 1198 1505
SAGSLOW 1198 1505 1198 1505
SAGSLOW 1199 1504 1198 1505
SAGSLOW 1195 1505 1198 1505
SAGSLOW 1199 1505 1198 1505
SAGSLOW 1195 1505 1198 1505
SAGSLOW 1194 1505 1197 1505
SAGSLOW 1199 1505 1197 1505
SAGSLOW 1194 1505 1197 1505
SAGSLOW 1194 1503 1197 1505
SAGSLOW 1202 1504 1197 1505
SAGSLOW 1198 1504 1197 1505
SAGSLOW 1194 1505 1197 1505
SAGSLOW 1198 1505 1197 1505
SAGSLOW 1195 1505 1197 1505
SAGSLOW 1197 1504 1197 1505
SAGSLOW 1194 1505 1197 1505
SAGSLOW 1198 1505 1197 1505
SAGSLOW 1200 1505 1197 1505
SAGSLOW 1197 1504 1198 1505
SAGSLOW 1198 1505 1197 1505
SAGSLOW 1197 1504 1197 1505
SAGSLOW 1198 1504 1197 1505
SAGSLOW 1197 1504 1197 1505
SAGSLOW 1195 1505 1197 1505
SAGSLOW 1197 1505 1197 1505
SAGSLOW 1193 1504 1197 1505
SAGSLOW 1194 1505 1197 1505
SAGSLOW 1197 1504 1197 1505
SAGSLOW 1195 1504 1197 1505
SAGSLOW 1199 1506 1197 1505
SAGSLOW 1200 1504 1197 1505
SAGSLOW 1195 1504 1197 1505
SAGSLOW 1198 1506 1197 1505
SAGSLOW 1198 1505 1197 1505
SAGSLOW 1195 1504 1198 1505
SAGSLOW 1194 1505 1197 1505
SAGSLOW 1202 1505 1197 1505
SAGSLOW 1197 1504 1197 1505
SAGSLOW 1194 1505 1197 1505
SAGSLOW 1195 1504 1197 1505
SAGSLOW 1192 1504 1197 1505
SAGSLOW 1198 1504 1197 1505
SAGSLOW 1193 1503 1197 1505
SAGSLOW 1198 1504 1197 1505
SAGSLOW 1196 1504 1197 1505
SAGSLOW 1196 1505 1197 1505
SAGSLOW 1198 1505 1197 1505
SAGSLOW 1200 1504 1197 1505
SAGSLOW 1201 1505 1197 1505
SAGSLOW 1200 1504 1197 1505
SAGSLOW 1198 1504 1197 1505
SAGSLOW 1198 1504 1197 1505
SAGSLOW 1202 1504 1197 1505
SAGSLOW 1196 1505 1197 1505
SAGSLOW 1200 1505 1197 1505
SAGSLOW 1201 1505 1197 1505
SAGSLOW 1199 1505 1197 1505
SAGSLOW 1200 1504 1197 1505
SAGSLOW 1202 1504 1197 1505
SAGSLOW 1198 1505 1197 1505
SAGSLOW 1193 1504 1197 1505
SAGSLOW 1200 1504 1197 1505
SAGSLOW 1200 1504 1198 1505
SAGSLOW 1194 1505 1197 1505
SAGSLOW 1197 1504 1197 1505
SAGSLOW 1199 1504 1197 1505
SAGSLOW 1200 1505 1197 1505
SAGSLOW 1200 1505 1197 1505
SAGSLOW 1196 1505 1197 1505
SAGSLOW 1195 1505 1197 1505
SAGSLOW 1196 1505 1197 1505
SAGSLOW 1201 1505 1197 1505
SAGSLOW 1193 1505 1197 1505
SAGSLOW 1205 1505 1197 1505
SAGSLOW 1200 1505 1197 1505
SAGSLOW 1197 1504 1197 1505
SAGSLOW 1194 1504 1197 1505
SAGSLOW 1197 1504 1197 1505
SAGSLOW 1197 1505 1197 1505
SAGSLOW 1195 1505 1197 1505
SAGSLOW 1198 1504 1197 1505
SAGSLOW 1196 1506 1197 1505
SAGSLOW 1194 1504 1197 1505
SAGSLOW 1198 1505 1197 1505
SAGSLOW 1198 1504 1197 1505
SAGSLOW 1194 1505 1197 1505
SAGSLOW 1194 1505 1197 1505
SAGSLOW 1198 1505 1197 1505
SAGSLOW 1200 1505 1197 1505
SAGSLOW 1198 1505 1197 1505
SAGSLOW 1199 1505 1197 1505
SAGSLOW 1198 1505 1197 1505
SAGSLOW 1195 1505 1197 1505
SAGSLOW 1196 1505 1197 1505
SAGSLOW 1200 1505 1197 1505
SAGSLOW 1202 1505 1197 1505
SAGSLOW 1195 1504 1197 1505
SAGSLOW 1196 1505 1197 1505
SAGSLOW 1197 1505 1197 1505
SAGSLOW 1201 1505 1197 1505
SAGSLOW 1198 1505 1197 1505
SAGSLOW 1198 1504 1197 1505
SAGSLOW 1198 1504 1197 1505
SAGSLOW 1201 1505 1197 1505
SAGSLOW 1199 1505 1197 1505
SAGSLOW 1200 1506 1197 1505
SAGSLOW 1197 1504 1197 1505
SAGSLOW 1197 1504 1197 1505
SAGSLOW 1194 1505 1197 1505
SAGSLOW 1200 1505 1197 1505
SAGSLOW 1200 1505 1197 1505
SAGSLOW 1198 1505 1197 1505
SAGSLOW 1198 1505 1197 1505
SAGSLOW 1198 1505 1197 1505
SAGSLOW 1194 1505 1197 1505
SAGSLOW 1192 1505 1197 1505
SAGSLOW 1191 1505 1197 1505
SAGSLOW 1197 1505 1197 1505
SAGSLOW 1195 1504 1197 1505
SAGSLOW 1197 1505 1197 1505
SAGSLOW 1196 1504 1197 1505
SAGSLOW 1193 1504 1197 1505
SAGSLOW 1195 1505 1197 1505
SAGSLOW 1193 1504 1197 1505
SAGSLOW 1194 1504 1197 1505
SAGSLOW 1198 1504 1197 1505
SAGSLOW 1197 1504 1197 1505
SAGSLOW 1199 1504 1197 1505
SAGSLOW 1199 1504 1197 1505
SAGSLOW 1201 1504 1197 1505
SAGSLOW 1201 1505 1197 1505
SAGSLOW 1197 1505 1197 1505
SAGSLOW 1200 1505 1197 1505
SAGSLOW 1197 1504 1197 1505
SAGSLOW 1206 1505 1197 1505
SAGSLOW 1198 1505 1197 1505
SAGSLOW 1194 1505 1197 1505
SAGSLOW 1195 1505 1197 1505
SAGSLOW 1195 1504 1197 1505
SAGSLOW 1190 1504 1197 1505
SAGSLOW 1197 1505 1197 1505
SAGSLOW 1197 1505 1197 1505
SAGSLOW 1199 1505 1197 1505
SAGSLOW 1196 1505 1197 1505
SAGSLOW 1193 1504 1197 1505
SAGSLOW 1200 1504 1197 1505
SAGSLOW 1198 1504 1197 1505
SAGSLOW 1194 1504 1197 1505
SAGSLOW 1194 1505 1197 1505
SAGSLOW 1200 1504 1197 1505
SAGSLOW 1196 1505 1197 1505
SAGSLOW 1197 1504 1197 1505
SAGSLOW 1202 1504 1197 1505
SAGSLOW 1199 1505 1197 1505
SAGSLOW 1198 1505 1197 1505
SAGSLOW 1198 1506 1197 1505
SAGSLOW 1195 1505 1197 1505
SAGSLOW 1194 1505 1197 1505
SAGSLOW 1197 1504 1197 1505
SAGSLOW 1200 1504 1197 1505
SAGSLOW 1198 1505 1197 1505
SAGSLOW 1201 1505 1197 1505
SAGSLOW 1199 1504 1197 1505
SAGSLOW 1198 1506 1197 1505
SAGSLOW 1198 1505 1197 1505
SAGSLOW 1197 1505 1197 1505
SAGSLOW 1200 1504 1197 1505
SAGSLOW 1203 1504 1197 1505
SAGSLOW 1201 1504 1197 1505
SAGSLOW 1196 1504 1197 1505
SAGSLOW 1199 1505 1197 1505
SAGSLOW 1200 1505 1197 1505
SAGSLOW 1201 1505 1197 1505
SAGSLOW 1199 1505 1197 1505
SAGSLOW 1196 1504 1197 1505
SAGSLOW 1196 1506 1197 1505
SAGSLOW 1197 1504 1197 1505
SAGSLOW 1203 1505 1197 1505
SAGSLOW 1200 1504 1197 1505
SAGSLOW 1202 1506 1197 1505
SAGSLOW 1194 1506 1197 1505
SAGSLOW 1203 1504 1197 1505
SAGSLOW 1204 1505 1197 1505
SAGSLOW 1200 1505 1197 1505
SAGSLOW 1200 1504 1197 1505
SAGSLOW 1197 1505 1197 1505
SAGSLOW 1194 1505 1197 1505
SAGSLOW 1200 1505 1197 1505
SAGSLOW 1200 1504 1197 1505
SAGSLOW 1202 1505 1197 1505
SAGSLOW 1200 1505 1197 1505
SAGSLOW 1199 1505 1197 1505
SAGSLOW 1197 1505 1197 1505
SAGSLOW 1197 1504 1197 1505
SAGSLOW 1197 1504 1197 1505
SAGSLOW 1196 1504 1197 1505
SAGSLOW 1195 1505 1197 1505
SAGSLOW 1198 1505 1197 1505
SAGSLOW 1197 1504 1197 1505
SAGSLOW 1202 1504 1197 1505
SAGSLOW 1198 1505 1197 1505
SAGSLOW 1196 1505 1197 1505
SAGSLOW 1199 1505 1197 1505
SAGSLOW 1199 1504 1197 1505
SAGSLOW 1207 1505 1197 1505
SAGSLOW 1200 1504 1197 1505
SAGSLOW 1199 1505 1197 1505
SAGSLOW 1202 1505 1197 1505
SAGSLOW 1198 1505 1197 1505
SAGSLOW 1195 1505 1197 1505
SAGSLOW 1194 1505 1197 1505
SAGSLOW 1197 1505 1197 1505
SAGSLOW 1195 1505 1197 1505
SAGSLOW 1203 1506 1197 1505
SAGSLOW 1199 1505 1197 1505
SAGSLOW 1195 1505 1197 1505
SAGSLOW 1201 1504 1197 1505
SAGSLOW 1201 1504 1197 1505
SAGSLOW 1194 1505 1197 1505
SAGSLOW 1196 1506 1197 1505
SAGSLOW 1196 1504 1197 1505
SAGSLOW 1200 1505 1197 1505
SAGSLOW 1197 1504 1197 1505
SAGSLOW 1197 1505 1197 1505
SAGSLOW 1203 1505 1197 1505
SAGSLOW 1195 1506 1197 1505
SAGSLOW 1198 1505 1197 1505
SAGSLOW 1201 1505 1197 1505
SAGSLOW 1199 1505 1197 1505
SAGSLOW 1197 1505 1197 1505
SAGSLOW 1197 1505 1197 1505
SAGSLOW 1200 1505 1197 1505
SAGSLOW 1197 1505 1197 1505
SAGSLOW 1203 1504 1197 1505
SAGSLOW 1194 1504 1197 1505
SAGSLOW 1198 1505 1197 1505
SAGSLOW 1193 1503 1197 1505
SAGSLOW 1199 1505 1197 1505
SAGSLOW 1201 1505 1197 1505
SAGSLOW 1192 1505 1197 1505
SAGSLOW 1199 1506 1197 1505
SAGSLOW 1198 1504 1197 1505
SAGSLOW 1191 1504 1197 1505
SAGSLOW 1200 1504 1197 1505
SAGSLOW 1193 1504 1197 1505
SAGSLOW 1201 1504 1198 1505
SAGSLOW 1197 1505 1198 1505
SAGSLOW 1193 1505 1198 1505
SAGSLOW 1200 1505 1197 1505
SAGSLOW 1198 1505 1198 1505
SAGSLOW 1200 1505 1197 1505
SAGSLOW 1196 1506 1198 1505
SAGSLOW 1200 1505 1198 1505
SAGSLOW 1198 1504 1197 1505
SAGSLOW 1195 1505 1197 1505
SAGSLOW 1197 1504 1197 1505
SAGSLOW 1201 1506 1197 1505
SAGSLOW 1198 1505 1197 1505
SAGSLOW 1196 1505 1197 1505
SAGSLOW 1197 1505 1197 1505
SAGSLOW 1198 1506 1197 1505
SAGSLOW 1192 1505 1197 1505
SAGSLOW 1198 1505 1197 1505
SAGSLOW 1197 1505 1197 1505
SAGSLOW 1199 1505 1197 1505
SAGSLOW 1193 1504 1197 1505
SAGSLOW 1195 1504 1197 1505
SAGSLOW 1194 1506 1197 1505
SAGSLOW 1197 1504 1197 1505
SAGSLOW 1197 1504 1197 1505
SAGSLOW 1199 1504 1197 1505
SAGSLOW 1198 1505 1197 1505
SAGSLOW 1195 1505 1197 1505
SAGSLOW 1204 1505 1197 1505
SAGSLOW 1197 1504 1197 1505
SAGSLOW 1202 1504 1197 1505
SAGSLOW 1200 1505 1197 1505
SAGSLOW 1197 1504 1197 1505
SAGSLOW 1198 1505 1197 1505
SAGSLOW 1196 1506 1197 1505
SAGSLOW 1198 1505 1197 1505
SAGSLOW 1198 1505 1197 1505
SAGSLOW 1195 1505 1197 1505
SAGSLOW 1198 1505 1197 1505
SAGSLOW 1200 1505 1197 1505
SAGSLOW 1204 1504 1197 1505
SAGSLOW 1195 1504 1197 1505
SAGSLOW 1196 1505 1197 1505
SAGSLOW 1194 1505 1197 1505
SAGSLOW 1198 1504 1197 1505
SAGSLOW 1196 1505 1197 1505
SAGSLOW 1203 1505 1197 1505
SAGSLOW 1198 1504 1197 1505
SAGSLOW 1200 1505 1197 1505
SAGSLOW 1198 1505 1197 1505
SAGSLOW 1198 1505 1197 1505
SAGSLOW 1197 1505 1197 1505
SAGSLOW 1201 1504 1197 1505
SAGSLOW 1200 1505 1197 1505
SAGSLOW 1197 1505 1197 1505
SAGSLOW 1203 1504 1197 1505
SAGSLOW 1197 1505 1197 1505
SAGSLOW 1200 1505 1197 1505
SAGSLOW 1199 1504 1197 1505
SAGSLOW 1202 1504 1197 1505
SAGSLOW 1197 1504 1197 1505
SAGSLOW 1200 1505 1197 1505
SAGSLOW 1194 1506 1197 1505
SAGSLOW 1196 1504 1197 1505
SAGSLOW 1199 1505 1197 1505
SAGSLOW 1196 1505 1197 1505
SAGSLOW 1200 1503 1197 1505
SAGSLOW 1202 1505 1197 1505
SAGSLOW 1196 1505 1198 1505
SAGSLOW 1196 1504 1197 1505
SAGSLOW 1201 1505 1197 1505
SAGSLOW 1197 1504 1197 1505
SAGSLOW 1192 1505 1197 1505
SAGSLOW 1202 1505 1197 1505
SAGSLOW 1196 1505 1197 1505
SAGSLOW 1199 1504 1197 1505
SAGSLOW 1191 1505 1197 1505
SAGSLOW 1196 1505 1197 1505
SAGSLOW 1202 1505 1197 1505
SAGSLOW 1196 1505 1197 1505
SAGSLOW 1200 1505 1197 1505
SAGSLOW 1199 1505 1198 1505
SAGSLOW 1197 1506 1197 1505
SAGSLOW 1203 1505 1197 1505
SAGSLOW 1192 1504 1198 1505
SAGSLOW 1195 1504 1197 1505
SAGSLOW 1201 1504 1197 1505
SAGSLOW 1204 1505 1197 1505
SAGSLOW 1195 1504 1197 1505
SAGSLOW 1196 1505 1197 1505
SAGSLOW 1199 1506 1197 1505
SAGSLOW 1196 1504 1197 1505
SAGSLOW 1198 1506 1197 1505
SAGSLOW 1197 1504 1197 1505
SAGSLOW 1199 1505 1197 1505
SAGSLOW 1194 1504 1197 1505
SAGSLOW 1198 1505 1197 1505
SAGSLOW 1193 1505 1197 1505
SAGSLOW 1196 1504 1197 1505
SAGSLOW 1199 1504 1197 1505
SAGSLOW 1198 1504 1197 1505
SAGSLOW 1198 1504 1197 1505
SAGSLOW 1198 1505 1197 1505
SAGSLOW 1200 1505 1197 1505
SAGSLOW 1196 1504 1197 1505
SAGSLOW 1195 1505 1197 1505
SAGSLOW 1200 1504 1197 1505
SAGSLOW 1197 1505 1197 1505
SAGSLOW 1203 1503 1197 1505
SAGSLOW 1197 1504 1197 1505
SAGSLOW 1193 1504 1197 1505
SAGSLOW 1199 1505 1197 1505
SAGSLOW 1198 1505 1197 1505
SAGSLOW 1196 1505 1197 1505
SAGSLOW 1193 1505 1197 1505
SAGSLOW 1199 1505 1197 1505
SAGSLOW 1200 1504 1197 1505
SAGSLOW 1197 1505 1197 1505
SAGSLOW 1197 1504 1197 1505
SAGSLOW 1197 1505 1197 1505
SAGSLOW 1202 1504 1197 1505
SAGSLOW 1194 1505 1197 1505
SAGSLOW 1202 1505 1197 1505
SAGSLOW 1196 1505 1197 1505
SAGSLOW 1194 1504 1197 1505
SAGSLOW 1194 1504 1197 1505
SAGSLOW 1200 1504 1197 1505
SAGSLOW 1198 1505 1197 1505
SAGSLOW 1194 1505 1197 1505
SAGSLOW 1198 1504 1197 1505
SAGSLOW 1196 1504 1197 1505
SAGSLOW 1202 1505 1197 1505
SAGSLOW 1200 1505 1197 1505
SAGSLOW 1202 1505 1197 1505
SAGSLOW 1198 1504 1197 1505
SAGSLOW 1196 1505 1197 1505
SAGSLOW 1197 1505 1197 1505
SAGSLOW 1198 1505 1197 1505
SAGSLOW 1195 1505 1197 1505
SAGSLOW 1196 1505 1197 1505
SAGSLOW 1197 1506 1197 1505
SAGSLOW 1193 1505 1197 1505
SAGSLOW 1195 1505 1197 1505
SAGSLOW 1199 1505 1197 1505
SAGSLOW 1197 1505 1197 1505
SAGSLOW 1185 1505 1197 1505
SAGSLOW 1201 1504 1197 1505
SAGSLOW 1201 1505 1197 1505
SAGSLOW 1199 1504 1197 1505
SAGSLOW 1197 1504 1197 1505
SAGSLOW 1198 1505 1197 1505
SAGSLOW 1197 1505 1197 1505
SAGSLOW 1198 1505 1197 1505
SAGSLOW 1200 1505 1197 1505
SAGSLOW 1200 1505 1197 1505
SAGSLOW 1197 1505 1197 1505
SAGSLOW 1199 1504 1197 1505
SAGSLOW 1197 1505 1197 1505
SAGSLOW 1194 1504 1197 1505
SAGSLOW 1190 1505 1197 1505
SAGSLOW 1200 1505 1197 1505
SAGSLOW 1197 1505 1197 1505
SAGSLOW 1197 1505 1197 1505
SAGSLOW 1199 1505 1197 1505
SAGSLOW 1200 1505 1197 1505
SAGSLOW 1199 1505 1197 1505
SAGSLOW 1198 1504 1197 1505
SAGSLOW 1196 1505 1197 1505
SAGSLOW 1197 1505 1197 1505
SAGSLOW 1203 1505 1197 1505
SAGSLOW 1199 1506 1197 1505
SAGSLOW 1193 1505 1197 1505
SAGSLOW 1197 1505 1197 1505
SAGSLOW 1198 1505 1197 1505
SAGSLOW 1197 1504 1197 1505
SAGSLOW 1195 1505 1197 1505
SAGSLOW 1201 1505 1197 1505
SAGSLOW 1200 1505 1197 1505
SAGSLOW 1198 1505 1197 1505
SAGSLOW 1195 1504 1197 1505
SAGSLOW 1195 1505 1197 1505
SAGSLOW 1199 1505 1197 1505
SAGSLOW 1204 1506 1197 1505
SAGSLOW 1199 1505 1197 1505
SAGSLOW 1197 1505 1197 1505
SAGSLOW 1200 1504 1197 1505
SAGSLOW 1198 1505 1197 1505
SAGSLOW 1198 1505 1197 1505
SAGSLOW 1198 1504 1197 1505
SAGSLOW 1195 1504 1197 1505
SAGSLOW 1198 1503 1197 1505
SAGSLOW 1198 1504 1197 1505
SAGSLOW 1193 1504 1197 1505
SAGSLOW 1198 1505 1197 1505
SAGSLOW 1202 1505 1197 1505
SAGSLOW 1193 1505 1197 1505
SAGSLOW 1196 1504 1197 1505
SAGSLOW 1193 1505 1197 1505
SAGSLOW 1200 1505 1197 1505
SAGSLOW 1201 1504 1197 1505
SAGSLOW 1195 1505 1197 1505
SAGSLOW 1194 1504 1197 1505
SAGSLOW 1196 1504 1197 1505
SAGSLOW 1201 1505 1197 1505
SAGSLOW 1197 1505 1197 1505
SAGSLOW 1195 1505 1197 1505
SAGSLOW 1196 1505 1197 1505
SAGSLOW 1198 1504 1197 1505
SAGSLOW 1201 1505 1197 1505
SAGSLOW 1197 1505 1197 1505
SAGSLOW 1195 1505 1197 1505
SAGSLOW 1200 1503 1197 1505
SAGSLOW 1199 1505 1197 1505
SAGSLOW 1195 1504 1197 1505
SAGSLOW 1195 1504 1197 1505
SAGSLOW 1196 1504 1197 1505
SAGSLOW 1197 1504 1197 1505
SAGSLOW 1194 1505 1197 1505
SAGSLOW 1196 1505 1197 1505
SAGSLOW 1197 1506 1197 1505
SAGSLOW 1198 1505 1197 1505
SAGSLOW 1196 1505 1197 1505
SAGSLOW 1198 1504 1197 1505
SAGSLOW 1193 1503 1197 1505
SAGSLOW 1201 1504 1197 1505
SAGSLOW 1198 1505 1197 1505
SAGSLOW 1199 1505 1197 1505
SAGSLOW 1192 1505 1197 1505
SAGSLOW 1195 1504 1197 1505
SAGSLOW 1201 1504 1197 1505
SAGSLOW 1192 1504 1197 1505
SAGSLOW 1200 1505 1197 1505
SAGSLOW 1193 1506 1197 1505
SAGSLOW 1197 1504 1197 1505
SAGSLOW 1194 1504 1197 1505
SAGSLOW 1199 1505 1197 1505
SAGSLOW 1196 1505 1197 1505
SAGSLOW 1197 1505 1197 1505
SAGSLOW 1197 1505 1197 1505
SAGSLOW 1197 1506 1197 1505
SAGSLOW 1193 1505 1197 1505
SAGSLOW 1194 1504 1197 1505
SAGSLOW 1197 1505 1197 1505
SAGSLOW 1196 1505 1197 1505
SAGSLOW 1195 1504 1197 1505
SAGSLOW 1201 1504 1197 1505
SAGSLOW 1198 1505 1197 1505
SAGSLOW 1200 1505 1197 1505
SAGSLOW 1193 1505 1197 1505
SAGSLOW 1188 1505 1197 1505
SAGSLOW 1193 1504 1197 1505
SAGSLOW 1198 1505 1197 1505
SAGSLOW 1200 1505 1197 1505
SAGSLOW 1200 1505 1197 1505
SAGSLOW 1197 1505 1197 1505
SAGSLOW 1198 1505 1197 1505
SAGSLOW 1199 1504 1197 1505
SAGSLOW 1196 1504 1197 1505
SAGSLOW 1198 1505 1197 1505
SAGSLOW 1192 1504 1197 1505
SAGSLOW 1195 1504 1197 1505
SAGSLOW 1197 1505 1197 1505
SAGSLOW 1195 1505 1197 1505
SAGSLOW 1198 1505 1197 1505
SAGSLOW 1200 1504 1197 1505
SAGSLOW 1201 1505 1197 1505
SAGSLOW 1198 1505 1197 1505
SAGSLOW 1200 1505 1197 1505
SAGSLOW 1200 1505 1197 1505
SAGSLOW 1196 1505 1197 1505
SAGSLOW 1197 1505 1197 1505
SAGSLOW 1193 1504 1197 1505
SAGSLOW 1198 1506 1197 1505
SAGSLOW 1198 1505 1197 1505
SAGSLOW 1199 1505 1197 1505
SAGSLOW 1194 1504 1197 1505
SAGSLOW 1197 1504 1197 1505
SAGSLOW 1195 1505 1197 1505
SAGSLOW 1195 1506 1197 1505
SAGSLOW 1200 1503 1197 1505
SAGSLOW 1199 1505 1197 1505
SAGSLOW 1195 1505 1197 1505
SAGSLOW 1196 1505 1197 1505
SAGSLOW 1195 1505 1197 1505
SAGSLOW 1201 1505 1197 1505
SAGSLOW 1198 1504 1197 1505
SAGSLOW 1203 1505 1197 1505
SAGSLOW 1193 1505 1197 1505
SAGSLOW 1200 1503 1197 1505
SAGSLOW 1199 1505 1197 1505
SAGSLOW 1198 1504 1197 1505
SAGSLOW 1194 1504 1197 1505
SAGSLOW 1201 1505 1197 1505
SAGSLOW 1194 1504 1197 1505
SAGSLOW 1202 1504 1197 1505
SAGSLOW 1200 1504 1197 1505
SAGSLOW 1199 1504 1197 1505
SAGSLOW 1195 1505 1197 1505
SAGSLOW 1192 1506 1197 1505
SAGSLOW 1198 1504 1197 1505
SAGSLOW 1200 1505 1197 1505
SAGSLOW 1201 1505 1197 1505
SAGSLOW 1200 1504 1197 1505
SAGSLOW 1195 1505 1197 1505
SAGSLOW 1201 1505 1197 1505
SAGSLOW 1193 1506 1197 1505
SAGSLOW 1201 1504 1197 1505
SAGSLOW 1201 1505 1197 1505
SAGSLOW 1195 1505 1197 1505
SAGSLOW 1200 1505 1197 1505
SAGSLOW 1196 1504 1197 1505
SAGSLOW 1205 1506 1197 1505
SAGSLOW 1198 1505 1197 1505
SAGSLOW 1199 1505 1197 1505
SAGSLOW 1197 1504 1197 1505
SAGSLOW 1192 1505 1197 1505
SAGSLOW 1194 1504 1197 1505
SAGSLOW 1195 1505 1197 1505
SAGSLOW 1197 1503 1197 1505
SAGSLOW 1202 1505 1197 1505
SAGSLOW 1199 1504 1197 1505
SAGSLOW 1199 1503 1197 1505
SAGSLOW 1194 1503 1197 1505
SAGSLOW 1194 1505 1197 1505
SAGSLOW 1197 1505 1197 1505
SAGSLOW 1195 1504 1197 1505
SAGSLOW 1196 1504 1197 1505
SAGSLOW 1196 1504 1197 1505
SAGSLOW 1203 1505 1197 1505
SAGSLOW 1201 1504 1197 1505
SAGSLOW 1199 1504 1197 1505
SAGSLOW 1196 1506 1197 1505
SAGSLOW 1196 1504 1197 1505
SAGSLOW 1198 1504 1197 1505
SAGSLOW 1199 1505 1197 1505
SAGSLOW 1196 1504 1197 1505
SAGSLOW 1196 1504 1197 1505
SAGSLOW 1196 1505 1197 1505
SAGSLOW 1199 1504 1197 1505
SAGSLOW 1202 1504 1197 1505
SAGSLOW 1193 1504 1197 1505
SAGSLOW 1198 1504 1197 1505
SAGSLOW 1195 1504 1197 1505
SAGSLOW 1199 1504 1197 1504
SAGSLOW 1199 1505 1197 1505
SAGSLOW 1198 1505 1197 1505
SAGSLOW 1194 1503 1197 1505
SAGSLOW 1193 1505 1197 1505
SAGSLOW 1194 1505 1197 1504
SAGSLOW 1202 1505 1197 1505
SAGSLOW 1199 1505 1197 1505
SAGSLOW 1195 1504 1197 1504
SAGSLOW 1194 1504 1197 1504
SAGSLOW 1193 1504 1197 1504
SAGSLOW 1199 1506 1197 1505
SAGSLOW 1199 1505 1197 1505
SAGSLOW 1196 1505 1197 1505
SAGSLOW 1200 1505 1197 1505
SAGSLOW 1201 1504 1197 1505
SAGSLOW 1196 1504 1197 1505
SAGSLOW 1200 1504 1197 1505
SAGSLOW 1199 1505 1197 1505
SAGSLOW 1194 1505 1197 1505
SAGSLOW 1199 1504 1197 1505
SAGSLOW 1196 1504 1197 1505
SAGSLOW 1201 1504 1197 1505
SAGSLOW 1201 1505 1197 1505
SAGSLOW 1201 1505 1197 1505
SAGSLOW 1195 1505 1197 1505
SAGSLOW 1194 1505 1197 1505
SAGSLOW 1198 1504 1197 1505
SAGSLOW 1198 1504 1197 1505
SAGSLOW 1200 1505 1197 1505
SAGSLOW 1200 1505 1197 1505
SAGSLOW 1195 1505 1197 1505
SAGSLOW 1198 1505 1197 1505
SAGSLOW 1199 1504 1197 1505
SAGSLOW 1196 1504 1197 1505
SAGSLOW 1194 1504 1197 1505
SAGSLOW 1199 1504 1197 1505
SAGSLOW 1204 1505 1197 1505
SAGSLOW 1198 1505 1197 1505
SAGSLOW 1201 1505 1197 1505
SAGSLOW 1196 1503 1197 1505
SAGSLOW 1203 1504 1197 1505
SAGSLOW 1196 1505 1197 1505
SAGSLOW 1200 1505 1197 1505
SAGSLOW 1190 1504 1197 1505
SAGSLOW 1196 1505 1197 1505
SAGSLOW 1203 1505 1197 1505
SAGSLOW 1204 1505 1197 1505
SAGSLOW 1196 1505 1197 1505
SAGSLOW 1200 1506 1197 1505
SAGSLOW 1199 1505 1197 1505
SAGSLOW 1193 1505 1197 1505
SAGSLOW 1195 1505 1197 1505
SAGSLOW 1196 1505 1197 1505
SAGSLOW 1200 1504 1197 1505
SAGSLOW 1196 1504 1197 1505
SAGSLOW 1196 1504 1197 1505
SAGSLOW 1198 1505 1197 1505
SAGSLOW 1199 1504 1197 1505
SAGSLOW 1194 1504 1197 1505
SAGSLOW 1195 1504 1197 1505
SAGSLOW 1197 1505 1197 1505
SAGSLOW 1193 1504 1197 1505
SAGSLOW 1199 1504 1197 1505
SAGSLOW 1196 1504 1197 1505
SAGSLOW 1194 1505 1197 1505
SAGSLOW 1197 1504 1197 1505
SAGSLOW 1198 1505 1197 1505
SAGSLOW 1197 1505 1197 1505
SAGSLOW 1196 1504 1197 1505
SAGSLOW 1198 1505 1197 1505
SAGSLOW 1198 1504 1197 1505
SAGSLOW 1201 1505 1197 1505
SAGSLOW 1201 1505 1197 1505
SAGSLOW 1195 1504 1197 1505
SAGSLOW 1199 1504 1197 1505
SAGSLOW 1197 1504 1197 1505
SAGSLOW 1198 1504 1197 1505
SAGSLOW 1200 1504 1197 1505
SAGSLOW 1197 1504 1197 1505
SAGSLOW 1197 1504 1197 1505
SAGSLOW 1196 1505 1197 1505
SAGSLOW 1199 1504 1197 1505
SAGSLOW 1201 1505 1197 1505
SAGSLOW 1198 1505 1197 1505
SAGSLOW 1201 1504 1197 1505
SAGSLOW 1198 1505 1197 1505
SAGSLOW 1197 1505 1197 1505
SAGSLOW 1193 1505 1197 1505
SAGSLOW 1204 1504 1197 1505
SAGSLOW 1196 1505 1197 1505
SAGSLOW 1202 1505 1198 1505
SAGSLOW 1201 1505 1198 1505
SAGSLOW 1201 1505 1198 1505
SAGSLOW 1198 1505 1198 1505
SAGSLOW 1198 1504 1198 1505
SAGSLOW 1199 1505 1198 1505
SAGSLOW 1198 1504 1198 1505
SAGSLOW 1198 1504 1198 1505
SAGSLOW 1195 1505 1198 1505
SAGSLOW 1202 1504 1198 1505
SAGSLOW 1195 1504 1198 1505
SAGSLOW 1201 1505 1198 1505
SAGSLOW 1201 1505 1198 1505
SAGSLOW 1196 1504 1198 1505
SAGSLOW 1201 1506 1198 1505
SAGSLOW 1199 1505 1198 1505
SAGSLOW 1196 1505 1198 1505
SAGSLOW 1197 1504 1198 1505
SAGSLOW 1199 1505 1198 1505
SAGSLOW 1195 1506 1198 1505
SAGSLOW 1197 1505 1198 1505
SAGSLOW 1199 1504 1198 1505
SAGSLOW 1193 1504 1198 1505
SAGSLOW 1196 1504 1198 1505
SAGSLOW 1197 1505 1198 1505
SAGSLOW 1195 1505 1198 1505
SAGSLOW 1196 1505 1198 1505
SAGSLOW 1199 1505 1198 1505
SAGSLOW 1198 1504 1198 1505
SAGSLOW 1200 1505 1198 1505
SAGSLOW 1193 1505 1197 1505
SAGSLOW 1198 1505 1197 1505
SAGSLOW 1202 1505 1197 1505
SAGSLOW 1197 1505 1197 1505
SAGSLOW 1200 1504 1197 1505
SAGSLOW 1196 1505 1197 1505
SAGSLOW 1199 1504 1197 1505
SAGSLOW 1199 1505 1197 1505
SAGSLOW 1199 1504 1198 1505
SAGSLOW 1194 1506 1198 1505
SAGSLOW 1195 1504 1198 1505
SAGSLOW 1198 1505 1198 1505
SAGSLOW 1199 1504 1198 1505
SAGSLOW 1194 1504 1198 1505
SAGSLOW 1195 1504 1198 1505
SAGSLOW 1198 1504 1198 1505
SAGSLOW 1197 1504 1198 1505
SAGSLOW 1201 1506 1198 1505
SAGSLOW 1198 1505 1198 1505
SAGSLOW 1192 1505 1198 1505
SAGSLOW 1195 1505 1198 1505
SAGSLOW 1201 1505 1198 1505
SAGSLOW 1200 1505 1198 1505
SAGSLOW 1194 1505 1198 1505
SAGSLOW 1199 1506 1198 1505
SAGSLOW 1199 1504 1198 1505
SAGSLOW 1197 1506 1198 1505
SAGSLOW 1195 1505 1198 1505
SAGSLOW 1198 1506 1198 1505
SAGSLOW 1198 1504 1198 1505
SAGSLOW 1198 1504 1198 1505
SAGSLOW 1193 1505 1198 1505
SAGSLOW 1195 1505 1198 1505
SAGSLOW 1202 1505 1198 1505
SAGSLOW 1194 1505 1198 1505
SAGSLOW 1192 1505 1198 1505
SAGSLOW 1198 1504 1198 1505
SAGSLOW 1200 1504 1198 1505
SAGSLOW 1196 1503 1198 1505
SAGSLOW 1196 1505 1198 1505
SAGSLOW 1200 1504 1198 1505
SAGSLOW 1197 1504 1198 1505
SAGSLOW 1199 1504 1198 1505
SAGSLOW 1199 1505 1198 1505
SAGSLOW 1201 1504 1198 1505
SAGSLOW 1196 1505 1198 1505
SAGSLOW 1190 1504 1198 1505
SAGSLOW 1198 1504 1198 1505
SAGSLOW 1200 1504 1198 1505
SAGSLOW 1200 1505 1198 1505
SAGSLOW 1202 1505 1198 1505
SAGSLOW 1197 1504 1198 1505
SAGSLOW 1202 1505 1198 1505
SAGSLOW 1198 1505 1198 1505
SAGSLOW 1195 1505 1198 1505
SAGSLOW 1200 1505 1198 1505
SAGSLOW 1198 1505 1198 1505
SAGSLOW 1201 1504 1198 1505
SAGSLOW 1193 1506 1198 1505
SAGSLOW 1198 1504 1198 1505
SAGSLOW 1197 1505 1198 1505
SAGSLOW 1200 1505 1198 1505
SAGSLOW 1201 1505 1198 1505
SAGSLOW 1194 1504 1198 1505
SAGSLOW 1194 1505 1198 1505
SAGSLOW 1196 1504 1198 1505
SAGSLOW 1197 1504 1198 1505
SAGSLOW 1201 1504 1198 1505
SAGSLOW 1196 1505 1198 1505
SAGSLOW 1196 1505 1198 1505
SAGSLOW 1196 1505 1198 1505
SAGSLOW 1199 1504 1198 1505
SAGSLOW 1196 1505 1198 1505
SAGSLOW 1197 1505 1198 1505
SAGSLOW 1200 1506 1198 1505
SAGSLOW 1205 1505 1198 1505
SAGSLOW 1197 1504 1198 1505
SAGSLOW 1201 1506 1198 1505
SAGSLOW 1200 1505 1198 1505
SAGSLOW 1199 1504 1198 1505
SAGSLOW 1194 1504 1198 1505
SAGSLOW 1196 1505 1198 1505
SAGSLOW 1201 1505 1198 1505
SAGSLOW 1197 1505 1198 1505
SAGSLOW 1197 1505 1198 1505
SAGSLOW 1195 1505 1198 1505
SAGSLOW 1201 1505 1198 1505
SAGSLOW 1195 1505 1198 1505
SAGSLOW 1197 1505 1198 1505
SAGSLOW 1197 1505 1198 1505
SAGSLOW 1197 1506 1198 1505
SAGSLOW 1201 1504 1198 1505
SAGSLOW 1198 1504 1198 1505
SAGSLOW 1197 1504 1198 1505
SAGSLOW 1197 1505 1198 1505
SAGSLOW 1195 1504 1198 1505
SAGSLOW 1196 1505 1198 1505
SAGSLOW 1196 1505 1198 1505
SAGSLOW 1199 1505 1198 1505
SAGSLOW 1195 1503 1198 1505
SAGSLOW 1196 1505 1198 1505
SAGSLOW 1195 1505 1198 1505
SAGSLOW 1202 1505 1198 1505
SAGSLOW 1203 1505 1198 1505
SAGSLOW 1196 1505 1198 1505
SAGSLOW 1200 1505 1198 1505
SAGSLOW 1201 1505 1198 1505
SAGSLOW 1199 1505 1198 1505
SAGSLOW 1198 1505 1198 1505
SAGSLOW 1198 1504 1198 1505
SAGSLOW 1199 1505 1198 1505
SAGSLOW 1199 1505 1198 1505
SAGSLOW 1194 1505 1198 1505
SAGSLOW 1198 1505 1198 1505
SAGSLOW 1191 1504 1198 1505
SAGSLOW 1199 1504 1198 1505
SAGSLOW 1198 1504 1198 1505
SAGSLOW 1198 1505 1198 1505
SAGSLOW 1196 1504 1198 1505
SAGSLOW 1196 1504 1198 1505
SAGSLOW 1197 1505 1198 1505
SAGSLOW 1195 1505 1198 1505
SAGSLOW 1194 1505 1198 1505
SAGSLOW 1197 1506 1198 1505
SAGSLOW 1194 1505 1198 1505
SAGSLOW 1195 1504 1198 1505
SAGSLOW 1199 1505 1198 1505
SAGSLOW 1198 1504 1198 1505
SAGSLOW 1198 1505 1198 1505
SAGSLOW 1200 1505 1198 1505
SAGSLOW 1200 1505 1198 1505
SAGSLOW 1198 1505 1198 1505
SAGSLOW 1201 1505 1198 1505
SAGSLOW 1197 1506 1198 1505
SAGSLOW 1195 1505 1198 1505
SAGSLOW 1196 1505 1198 1505
SAGSLOW 1198 1505 1198 1505
SAGSLOW 1199 1505 1198 1505
SAGSLOW 1195 1505 1198 1505
SAGSLOW 1198 1505 1198 1505
SAGSLOW 1200 1505 1198 1505
SAGSLOW 1197 1505 1198 1505
SAGSLOW 1197 1505 1198 1505
SAGSLOW 1197 1505 1198 1505
SAGSLOW 1197 1504 1198 1505
SAGSLOW 1202 1504 1198 1505
SAGSLOW 1197 1505 1198 1505
SAGSLOW 1199 1505 1198 1505
SAGSLOW 1202 1505 1198 1505
SAGSLOW 1194 1505 1198 1505
SAGSLOW 1195 1505 1198 1505
SAGSLOW 1201 1505 1198 1505
SAGSLOW 1201 1505 1198 1505
SAGSLOW 1201 1504 1198 1505
SAGSLOW 1198 1505 1198 1505
SAGSLOW 1197 1504 1198 1505
SAGSLOW 1193 1504 1198 1505
SAGSLOW 1198 1505 1198 1505
SAGSLOW 1194 1504 1198 1505
SAGSLOW 1195 1503 1198 1505
SAGSLOW 1197 1505 1198 1505
SAGSLOW 1197 1505 1198 1505
SAGSLOW 1199 1505 1198 1505
SAGSLOW 1199 1505 1198 1505
SAGSLOW 1197 1505 1198 1505
SAGSLOW 1200 1505 1198 1505
SAGSLOW 1199 1505 1198 1505
SAGSLOW 1193 1505 1198 1505
SAGSLOW 1193 1505 1198 1505
SAGSLOW 1196 1504 1198 1505
SAGSLOW 1198 1504 1198 1505
SAGSLOW 1198 1506 1198 1505
SAGSLOW 1200 1506 1198 1505
SAGSLOW 1196 1505 1198 1505
SAGSLOW 1200 1504 1198 1505
SAGSLOW 1199 1504 1198 1505
SAGSLOW 1191 1505 1198 1505
SAGSLOW 1196 1505 1198 1505
SAGSLOW 1198 1505 1198 1505
SAGSLOW 1197 1504 1198 1505
SAGSLOW 1196 1505 1198 1505
SAGSLOW 1198 1504 1198 1505
SAGSLOW 1199 1505 1198 1505
SAGSLOW 1197 1504 1198 1505
SAGSLOW 1199 1505 1198 1505
SAGSLOW 1200 1505 1198 1505
SAGSLOW 1196 1505 1198 1505
SAGSLOW 1200 1505 1198 1505
SAGSLOW 1195 1505 1198 1505
SAGSLOW 1194 1505 1198 1505
SAGSLOW 1197 1506 1198 1505
SAGSLOW 1199 1504 1198 1505
SAGSLOW 1198 1505 1198 1505
SAGSLOW 1198 1505 1198 1505
SAGSLOW 1193 1505 1198 1505
SAGSLOW 1204 1505 1198 1505
SAGSLOW 1198 1505 1198 1505
SAGSLOW 1199 1504 1198 1505
SAGSLOW 1197 1505 1198 1505
SAGSLOW 1198 1506 1198 1505
SAGSLOW 1199 1504 1198 1505
SAGSLOW 1199 1504 1198 1505
SAGSLOW 1196 1505 1198 1505
SAGSLOW 1200 1505 1198 1505
SAGSLOW 1197 1506 1198 1505
SAGSLOW 1205 1505 1198 1505
SAGSLOW 1197 1505 1198 1505
SAGSLOW 1194 1504 1198 1505
SAGSLOW 1198 1505 1198 1505
SAGSLOW 1199 1506 1198 1505
SAGSLOW 1198 1504 1198 1505
SAGSLOW 1198 1504 1198 1505
SAGSLOW 1194 1505 1198 1505
SAGSLOW 1195 1505 1198 1505
SAGSLOW 1199 1504 1198 1505
SAGSLOW 1198 1504 1198 1505
SAGSLOW 1194 1504 1198 1505
SAGSLOW 1199 1504 1198 1505
SAGSLOW 1197 1504 1198 1505
SAGSLOW 1198 1504 1198 1505
SAGSLOW 1196 1505 1198 1505
SAGSLOW 1200 1505 1198 1505
SAGSLOW 1199 1504 1198 1505
SAGSLOW 1196 1505 1198 1505
SAGSLOW 1198 1504 1198 1505
SAGSLOW 1198 1504 1198 1505
SAGSLOW 1195 1505 1198 1505
SAGSLOW 1197 1504 1198 1505
SAGSLOW 1201 1505 1198 1505
SAGEND
