# elf_sha256 C1F71104EA003157F01636E59E651087C8D8C0853AA1A332FDA1318227A3B8C5
# started 2026-09-24T00:44:13
BEMFRUN handoff_ehz=200 target_duty_tenths=250 advance_level=20 total_ms=80000 inject=26
PREFLIGHT moe=0 ccr1=0 ccr2=0 ccr3=0 gates_low=1 en=0 nfault=1 verdict=PASS
POSTSTOP
PREFLIGHT moe=0 ccr1=0 ccr2=0 ccr3=0 gates_low=1 en=0 nfault=1 verdict=PASS
BEMFINJECT expected_reason=26 reason=26 guard_reason=0 fired=1 stop_after_inject_us=1726 provoked=1
BEMFDONE reason=26 accepted=49850 forced=0 zc_acc=49850 too_early=0 unstable=249756 ci_us=134 bus_ref=1218 bus_min=1123
BEMFSAG ref_bus=1218 ref_vref=1506 filt_bus=1212 filt_vref=1507 streak=3 tripped=1
BEMFGATE closed_ms=9501 hold_ms=2001 target_tenths=250 zc_per_s=5246 comm_per_s=5246 ehz_from_ci_last=1243 forced_pct=0
BEMFRATE hold_ms=2001 hold_accepted=14326 hold_forced=0 mean_ci_us=139 mean_sector_us=139 ehz_from_sector=1199 zc_per_s=7159 zc_expected_per_s=7194 zc_rate_permille_of_expected=995 hold_forced_pct=0
BEMFTAIL accepts=14325 span_us=2001639 start_before_stop_us=2001733 end_before_stop_us=94 window_us=2000000
BEMFRCOMP spent_max_us=11 late_arms=0 com_preempts=0 com_arm_preempts=0
BEMFSECTOR a1=8309 f1=0 a2=8308 f2=0 a3=8308 f3=0 a4=8307 f4=0 a5=8310 f5=0 a6=8308 f6=0
BEMFPHASE lt075=110 to100=24749 to125=24870 to150=121 gt150=0
BEMFREVISIT r1=828 v1=828 r2=1280 v2=1280 r3=1512 v3=1512 r4=1205 v4=1204 r5=1376 v5=1377 r6=1829 v6=1828
BEMFDRIVEN entered=1 epochs=22 accepts=13 early=15 unstable=314 defers=2 retries=0 late_max_us=21 qual_intervals=12 qual_reanchors=0 qual_fault=0 fail=0 seeded=1 seed_step=4 seed_us=817 commanded_us=833 irq_peak_per_ms=47 closed_irq_peak_per_ms=66 storm=0 storm_step=0 cap_armed=1 comp_call_max_us=16 overrun=0 blank_arms=49851 blank_latched=0 com_count=49851 com_late_max_us=10
BEMFGUARD reason=0 ticks=140771 gap_max_us=107 track_fault=0 track_max_us=381 fast_events=41100 fast_min_us=91 loop_iters_closed=413683 loop_gap_max_us=169 acquire_us=18171
BEMFDRVROWS 10:4:8352:685 11:5:849:752 12:6:686:619 13:1:738:516 14:2:677:375 15:3:786:308 16:4:614:93 17:5:760:15
BEMFDRVROWS 18:6:887:80 19:1:785:13 20:2:815:21 21:3:832:15 22:4:1375:548
BEMFCURRENT blocks=1407 mean_residual=1631 mean_ma=204 hold_blocks=198 hold_ma=364 zero_blocks=50 zero_start=619060 zero_end=617273 zero_drift_ma=-224 ref_ma=326 duty_tenths=250
BEMFWITNESS samples=25192 bemf_min=0 bemf_max=0 mid=0 mid_fixed=0 alt=0 hyst_codes=12 driven_rotation=0
vsenc_min=0 vsenc_max=0 star_min=0 star_max=0 bus_ref=1218
BEMFCOAST reason=26 pp_first=0 pp_last=0 crossings=0 spun=1 comp_edges=1492 comp_hi=383250 comp_polls=549092
COASTTIMING trans=948 offset_us=40 first_us=46 iv_us=389,413,397,410,397,415,399,413 ehz_first=1285
SAGSNAP judged=140745 fast_len=512 slow_len=1024 slow_every=32 frozen=1 num=95 den=100 streak_to_latch=3 adc_rail=4095
SAGROW 19953 1214 1506 1212 1507 0 1 250 172
SAGROW 20039 1212 1506 1212 1507 0 2 250 123
SAGROW 20129 1213 1506 1212 1507 0 3 250 65
SAGROW 20257 1213 1506 1212 1507 0 3 250 40
SAGROW 20352 1212 1507 1212 1507 0 4 250 135
SAGROW 20442 1210 1507 1212 1507 0 5 250 105
SAGROW 20529 1211 1507 1212 1507 0 6 250 52
SAGROW 20654 1211 1507 1212 1507 0 6 250 41
SAGROW 20744 1212 1507 1212 1507 0 1 250 130
SAGROW 20847 1213 1507 1212 1507 0 2 250 89
SAGROW 20945 1213 1507 1212 1507 0 2 250 47
SAGROW 21074 1213 1508 1212 1507 0 3 250 39
SAGROW 21163 1214 1508 1212 1507 0 4 250 128
SAGROW 21235 1214 1507 1212 1507 0 5 250 59
SAGROW 21360 1213 1508 1212 1507 0 5 250 41
SAGROW 21440 1212 1508 1212 1507 0 6 250 120
SAGROW 21558 1211 1507 1212 1507 0 1 250 99
SAGROW 21642 1210 1507 1212 1507 0 2 250 61
SAGROW 21768 1210 1508 1212 1507 0 2 250 39
SAGROW 21849 1212 1508 1212 1507 0 3 250 121
SAGROW 21956 1212 1507 1212 1507 0 4 250 85
SAGROW 22048 1211 1508 1212 1507 0 5 250 48
SAGROW 22170 1211 1507 1212 1507 0 5 250 170
SAGROW 22260 1212 1507 1212 1507 0 6 250 107
SAGROW 22362 1211 1507 1212 1507 0 1 250 62
SAGROW 22466 1211 1507 1212 1507 0 1 250 166
SAGROW 22577 1211 1507 1212 1507 0 2 250 147
SAGROW 22662 1208 1507 1212 1507 0 3 250 100
SAGROW 22754 1206 1507 1212 1507 0 3 250 47
SAGROW 22883 1206 1507 1212 1507 0 4 250 177
SAGROW 22969 1206 1507 1212 1507 0 5 250 125
SAGROW 23061 1205 1508 1212 1507 0 6 250 66
SAGROW 23167 1206 1508 1212 1507 0 6 250 44
SAGROW 23290 1207 1508 1212 1507 0 1 250 167
SAGROW 23355 1208 1508 1212 1507 0 2 250 91
SAGROW 23459 1210 1507 1212 1507 0 3 250 65
SAGROW 23564 1211 1507 1212 1507 0 3 250 169
SAGROW 23695 1213 1507 1212 1507 0 4 250 155
SAGROW 23760 1214 1507 1212 1507 0 5 250 80
SAGROW 23879 1214 1507 1212 1507 0 6 250 53
SAGROW 23980 1215 1507 1212 1507 0 6 250 155
SAGROW 24091 1214 1507 1212 1507 0 1 250 124
SAGROW 24168 1214 1507 1212 1507 0 2 250 67
SAGROW 24277 1214 1507 1212 1507 0 2 250 176
SAGROW 24367 1215 1507 1212 1507 0 3 250 119
SAGROW 24498 1214 1507 1212 1507 0 4 250 116
SAGROW 24590 1213 1507 1212 1507 0 4 250 51
SAGROW 24698 1213 1507 1212 1507 0 5 250 158
SAGROW 24769 1213 1507 1212 1507 0 6 250 98
SAGROW 24881 1213 1507 1212 1507 0 1 250 81
SAGROW 24987 1214 1507 1212 1507 0 2 250 52
SAGROW 25110 1213 1507 1212 1507 0 2 250 175
SAGROW 25181 1212 1507 1212 1507 0 3 250 97
SAGROW 25284 1212 1507 1212 1507 0 4 250 63
SAGROW 25395 1214 1507 1212 1507 0 4 250 175
SAGROW 25487 1213 1507 1212 1507 0 5 250 132
SAGROW 25597 1214 1508 1212 1507 0 6 250 100
SAGROW 25695 1215 1508 1212 1507 0 1 250 62
SAGROW 25808 1213 1508 1212 1507 0 1 250 174
SAGROW 25893 1212 1508 1212 1507 0 2 250 124
SAGROW 25982 1211 1508 1212 1507 0 3 250 65
SAGROW 26091 1212 1508 1212 1507 0 3 250 174
SAGROW 26210 1212 1508 1212 1507 0 4 250 156
SAGROW 26301 1211 1508 1212 1507 0 5 250 115
SAGROW 26385 1210 1507 1212 1507 0 6 250 54
SAGROW 26510 1210 1507 1212 1507 0 6 250 41
SAGROW 26627 1210 1507 1212 1507 0 1 250 158
SAGROW 26699 1212 1507 1212 1507 0 2 250 97
SAGROW 26803 1213 1507 1212 1507 0 3 250 54
SAGROW 26911 1212 1506 1212 1507 0 3 250 163
SAGROW 27035 1211 1506 1212 1507 0 4 250 137
SAGROW 27101 1212 1507 1212 1507 0 5 250 82
SAGROW 27196 1213 1507 1212 1507 0 5 250 178
SAGROW 27327 1213 1507 1212 1507 0 6 250 153
SAGROW 27412 1215 1507 1212 1507 0 1 250 100
SAGROW 27496 1213 1507 1212 1507 0 2 250 49
SAGROW 27605 1214 1508 1212 1507 0 2 250 158
SAGROW 27716 1214 1507 1212 1507 0 3 250 134
SAGROW 27820 1215 1508 1212 1507 0 4 250 89
SAGROW 27912 1216 1507 1212 1507 0 5 250 47
SAGROW 28028 1216 1507 1212 1507 0 5 250 163
SAGROW 28118 1215 1507 1212 1507 0 6 250 112
SAGROW 28217 1215 1507 1212 1507 0 1 250 71
SAGROW 28324 1215 1507 1212 1507 0 1 250 178
SAGROW 28436 1214 1507 1212 1507 0 2 250 153
SAGROW 28527 1216 1507 1212 1507 0 3 250 112
SAGROW 28628 1214 1507 1212 1507 0 4 250 60
SAGROW 28748 1215 1507 1212 1507 0 4 250 49
SAGROW 28816 1215 1507 1212 1507 0 5 250 118
SAGROW 28915 1216 1507 1212 1507 0 6 250 56
SAGROW 29022 1214 1507 1212 1507 0 6 250 46
SAGROW 29139 1215 1507 1212 1507 0 1 250 163
SAGROW 29224 1216 1506 1212 1507 0 2 250 106
SAGROW 29314 1213 1506 1212 1507 0 3 250 58
SAGROW 29423 1214 1506 1212 1507 0 3 250 167
SAGROW 29560 1214 1506 1212 1507 0 4 250 159
SAGROW 29631 1213 1507 1212 1507 0 5 250 91
SAGROW 29730 1212 1506 1212 1507 0 6 250 51
SAGROW 29845 1213 1507 1212 1507 0 6 250 166
SAGROW 29941 1211 1507 1212 1507 0 1 250 110
SAGROW 30027 1212 1507 1212 1507 0 2 250 65
SAGROW 30130 1214 1507 1212 1507 0 2 250 167
SAGROW 30240 1212 1507 1212 1507 0 3 250 146
SAGROW 30349 1211 1507 1212 1507 0 4 250 123
SAGROW 30427 1212 1508 1212 1507 0 5 250 54
SAGROW 30551 1211 1508 1212 1507 0 5 250 178
SAGROW 30636 1211 1508 1212 1507 0 6 250 111
SAGROW 30740 1212 1508 1212 1507 0 1 250 87
SAGROW 30840 1209 1508 1212 1507 0 1 250 53
SAGROW 30966 1211 1508 1212 1507 0 2 250 39
SAGROW 31046 1210 1507 1212 1507 0 3 250 119
SAGROW 31152 1209 1508 1212 1507 0 4 250 64
SAGROW 31257 1209 1507 1212 1507 0 4 250 169
SAGROW 31343 1209 1507 1212 1507 0 5 250 129
SAGROW 31453 1209 1507 1212 1507 0 6 250 104
SAGROW 31550 1209 1507 1212 1507 0 1 250 65
SAGROW 31671 1208 1507 1212 1507 0 1 250 185
SAGROW 31762 1209 1507 1212 1507 0 2 250 132
SAGROW 31859 1209 1507 1212 1507 0 3 250 91
SAGROW 31955 1209 1507 1212 1507 0 3 250 188
SAGROW 32079 1208 1507 1212 1507 0 4 250 159
SAGROW 32150 1208 1507 1212 1507 0 5 250 112
SAGROW 32249 1209 1507 1212 1507 0 6 250 65
SAGROW 32367 1210 1507 1212 1507 0 6 250 176
SAGROW 32480 1212 1508 1212 1507 0 1 250 148
SAGROW 32571 1211 1508 1212 1507 0 2 250 117
SAGROW 32664 1212 1508 1212 1507 0 3 250 53
SAGROW 32766 1212 1507 1212 1507 0 3 250 156
SAGROW 32891 1212 1507 1212 1507 0 4 250 139
SAGROW 32962 1213 1507 1212 1507 0 5 250 90
SAGROW 33068 1212 1507 1212 1507 0 6 250 51
SAGROW 33180 1212 1507 1212 1507 0 6 250 163
SAGROW 33273 1210 1507 1212 1507 0 1 250 118
SAGROW 33366 1210 1507 1212 1507 0 2 250 78
SAGROW 33478 1211 1507 1212 1507 0 2 250 42
SAGROW 33565 1212 1507 1212 1507 0 3 250 130
SAGROW 33683 1213 1507 1212 1507 0 4 250 108
SAGROW 33767 1212 1507 1212 1507 0 5 250 63
SAGROW 33870 1213 1508 1212 1507 0 5 250 165
SAGROW 33975 1212 1508 1212 1507 0 6 250 126
SAGROW 34070 1214 1508 1212 1507 0 1 250 73
SAGROW 34184 1215 1507 1212 1507 0 2 250 53
SAGROW 34286 1215 1507 1212 1507 0 2 250 156
SAGROW 34377 1215 1507 1212 1507 0 3 250 109
SAGROW 34483 1213 1507 1212 1507 0 4 250 73
SAGROW 34583 1213 1507 1212 1507 0 4 250 174
SAGROW 34675 1213 1507 1212 1507 0 5 250 137
SAGROW 34778 1211 1507 1212 1507 0 6 250 86
SAGROW 34876 1209 1508 1212 1507 0 6 250 46
SAGROW 35014 1210 1507 1212 1507 0 1 250 48
SAGROW 35096 1208 1507 1212 1507 0 2 250 129
SAGROW 35192 1208 1507 1212 1507 0 3 250 90
SAGROW 35282 1208 1507 1212 1507 0 3 250 181
SAGROW 35422 1208 1507 1212 1507 0 4 250 167
SAGROW 35488 1207 1506 1212 1507 0 5 250 107
SAGROW 35579 1208 1506 1212 1507 0 6 250 54
SAGROW 35685 1209 1506 1212 1507 0 6 250 160
SAGROW 35822 1208 1507 1212 1507 0 1 250 159
SAGROW 35888 1209 1506 1212 1507 0 2 250 86
SAGROW 35992 1211 1506 1212 1507 0 3 250 58
SAGROW 36096 1211 1506 1212 1507 0 3 250 163
SAGROW 36215 1212 1506 1212 1507 0 4 250 136
SAGROW 36285 1213 1506 1212 1507 0 5 250 60
SAGROW 36397 1215 1507 1212 1507 0 5 250 171
SAGROW 36521 1213 1507 1212 1507 0 6 250 162
SAGROW 36614 1214 1507 1212 1507 0 1 250 110
SAGROW 36699 1212 1507 1212 1507 0 2 250 62
SAGROW 36802 1212 1507 1212 1507 0 2 250 166
SAGROW 36907 1212 1507 1212 1507 0 3 250 130
SAGROW 37017 1213 1507 1212 1507 0 4 250 97
SAGROW 37109 1213 1507 1212 1507 0 4 250 51
SAGROW 37239 1211 1507 1212 1507 0 5 250 42
SAGROW 37300 1211 1508 1212 1507 0 6 250 104
SAGROW 37404 1212 1507 1212 1507 0 1 250 73
SAGROW 37513 1213 1507 1212 1507 0 1 250 182
SAGROW 37605 1212 1508 1212 1507 0 2 250 134
SAGROW 37715 1213 1508 1212 1507 0 3 250 104
SAGROW 37808 1212 1508 1212 1507 0 4 250 63
SAGROW 37930 1213 1508 1212 1507 0 4 250 178
SAGROW 38013 1213 1508 1212 1507 0 5 250 119
SAGROW 38115 1213 1507 1212 1507 0 6 250 85
SAGROW 38214 1213 1508 1212 1507 0 6 250 43
SAGROW 38331 1213 1507 1212 1507 0 1 250 160
SAGROW 38421 1214 1507 1212 1507 0 2 250 109
SAGROW 38506 1211 1507 1212 1507 0 3 250 60
SAGROW 38634 1211 1507 1212 1507 0 4 250 56
SAGROW 38750 1211 1507 1212 1507 0 4 250 173
SAGROW 38821 1213 1507 1212 1507 0 5 250 96
SAGROW 38921 1214 1507 1212 1507 0 5 250 43
SAGROW 39046 1212 1507 1212 1507 0 6 250 40
SAGROW 39133 1212 1507 1212 1507 0 1 250 128
SAGROW 39224 1213 1507 1212 1507 0 2 250 84
SAGROW 39327 1215 1506 1212 1507 0 3 250 48
SAGROW 39444 1214 1506 1212 1507 0 3 250 157
SAGROW 39534 1214 1506 1212 1507 0 4 250 124
SAGROW 39619 1213 1506 1212 1507 0 5 250 62
SAGROW 39751 1214 1506 1212 1507 0 5 250 40
SAGROW 39850 1214 1506 1212 1507 0 6 250 120
SAGROW 39941 1213 1507 1212 1507 0 1 250 103
SAGROW 40027 1212 1507 1212 1507 0 2 250 54
SAGROW 40144 1210 1507 1212 1507 0 2 250 171
SAGROW 40234 1211 1507 1212 1507 0 3 250 117
SAGROW 40346 1211 1507 1212 1507 0 4 250 93
SAGROW 40438 1212 1508 1212 1507 0 5 250 49
SAGROW 40553 1209 1508 1212 1507 0 5 250 164
SAGROW 40638 1211 1507 1212 1507 0 6 250 105
SAGROW 40751 1212 1507 1212 1507 0 1 250 79
SAGROW 40855 1211 1507 1212 1507 0 1 250 183
SAGROW 40946 1212 1507 1212 1507 0 2 250 132
SAGROW 41048 1211 1507 1212 1507 0 3 250 95
SAGROW 41148 1212 1507 1212 1507 0 4 250 61
SAGROW 41266 1209 1506 1212 1507 0 4 250 178
SAGROW 41357 1211 1506 1212 1507 0 5 250 133
SAGROW 41449 1212 1506 1212 1507 0 6 250 80
SAGROW 41547 1212 1506 1212 1507 0 6 250 42
SAGROW 41664 1212 1507 1212 1507 0 1 250 159
SAGROW 41756 1212 1507 1212 1507 0 2 250 116
SAGROW 41851 1213 1507 1212 1507 0 3 250 67
SAGROW 41965 1212 1507 1212 1507 0 3 250 41
SAGROW 42080 1215 1507 1212 1507 0 4 250 156
SAGROW 42151 1213 1508 1212 1507 0 5 250 94
SAGROW 42263 1213 1507 1212 1507 0 6 250 54
SAGROW 42364 1212 1507 1212 1507 0 6 250 154
SAGROW 42470 1213 1507 1212 1507 0 1 250 130
SAGROW 42553 1213 1507 1212 1507 0 2 250 70
SAGROW 42667 1213 1507 1212 1507 0 3 250 49
SAGROW 42787 1213 1507 1212 1507 0 3 250 169
SAGROW 42865 1213 1507 1212 1507 0 4 250 104
SAGROW 42961 1213 1507 1212 1507 0 5 250 71
SAGROW 43075 1212 1507 1212 1507 0 5 250 40
SAGROW 43190 1212 1507 1212 1507 0 6 250 154
SAGROW 43282 1212 1507 1212 1507 0 1 250 108
SAGROW 43367 1213 1507 1212 1507 0 2 250 61
SAGROW 43469 1212 1506 1212 1507 0 2 250 164
SAGROW 43572 1213 1507 1212 1507 0 3 250 119
SAGROW 43671 1214 1507 1212 1507 0 4 250 68
SAGROW 43777 1218 1507 1212 1507 0 5 250 53
SAGROW 43866 1218 1506 1212 1507 0 5 250 143
SAGROW 43988 1218 1507 1212 1507 0 6 250 110
SAGROW 44074 1215 1506 1212 1507 0 1 250 59
SAGROW 44199 1216 1506 1212 1507 0 1 250 183
SAGROW 44265 1216 1507 1212 1507 0 2 250 108
SAGROW 44381 1215 1506 1212 1507 0 3 250 96
SAGROW 44480 1215 1507 1212 1507 0 3 250 43
SAGROW 44605 1211 1507 1212 1507 0 4 250 49
SAGROW 44693 1211 1507 1212 1507 0 5 250 136
SAGROW 44776 1212 1507 1212 1507 0 6 250 66
SAGROW 44893 1213 1507 1212 1507 0 6 250 44
SAGROW 44997 1213 1508 1212 1507 0 1 250 147
SAGROW 45087 1212 1508 1212 1507 0 2 250 115
SAGROW 45185 1213 1508 1212 1507 0 3 250 66
SAGROW 45296 1207 1508 1212 1507 0 3 250 178
SAGROW 45409 1207 1508 1212 1507 0 4 250 138
SAGROW 45500 1208 1508 1212 1507 0 5 250 104
SAGROW 45592 1209 1508 1212 1507 0 6 250 50
SAGROW 45686 1207 1507 1212 1507 0 6 250 143
SAGROW 45803 1204 1507 1212 1507 0 1 250 112
SAGROW 45891 1204 1507 1212 1507 0 2 250 71
SAGROW 46000 1202 1507 1212 1507 0 3 250 48
SAGROW 46114 1206 1507 1212 1507 0 3 250 163
SAGROW 46214 1205 1507 1212 1507 0 4 250 118
SAGROW 46291 1205 1507 1212 1507 0 5 250 68
SAGROW 46402 1205 1507 1212 1507 0 5 250 180
SAGROW 46493 1207 1507 1212 1507 0 6 250 117
SAGROW 46609 1211 1507 1212 1507 0 1 250 94
SAGROW 46707 1213 1507 1212 1507 0 2 250 53
SAGROW 46825 1213 1507 1212 1507 0 2 250 40
SAGROW 46904 1213 1507 1212 1507 0 3 250 120
SAGROW 47010 1213 1507 1212 1507 0 4 250 80
SAGROW 47112 1213 1507 1212 1507 0 4 250 183
SAGROW 47198 1213 1507 1212 1507 0 5 250 131
SAGROW 47320 1213 1507 1212 1507 0 6 250 111
SAGROW 47420 1211 1506 1212 1507 0 1 250 61
SAGROW 47540 1211 1507 1212 1507 0 1 250 181
SAGROW 47611 1212 1507 1212 1507 0 2 250 113
SAGROW 47707 1214 1507 1212 1507 0 3 250 90
SAGROW 47821 1214 1507 1212 1507 0 4 250 59
SAGROW 47938 1214 1507 1212 1507 0 4 250 177
SAGROW 48022 1215 1507 1212 1507 0 5 250 120
SAGROW 48107 1215 1507 1212 1507 0 6 250 64
SAGROW 48223 1216 1507 1212 1507 0 6 250 181
SAGROW 48356 1216 1507 1212 1507 0 1 250 167
SAGROW 48422 1216 1507 1212 1507 0 2 250 103
SAGROW 48518 1217 1507 1212 1507 0 3 250 66
SAGROW 48622 1216 1507 1212 1507 0 3 250 171
SAGROW 48760 1215 1507 1212 1507 0 4 250 164
SAGROW 48813 1215 1507 1212 1507 0 5 250 78
SAGROW 48937 1214 1507 1212 1507 0 5 250 41
SAGROW 49039 1214 1507 1212 1507 0 6 250 142
SAGROW 49143 1215 1507 1212 1507 0 1 250 131
SAGROW 49220 1215 1507 1212 1507 0 2 250 67
SAGROW 49328 1214 1507 1212 1507 0 2 250 43
SAGROW 49427 1214 1507 1212 1507 0 3 250 143
SAGROW 49531 1215 1507 1212 1507 0 4 250 102
SAGROW 49627 1214 1506 1212 1507 0 5 250 58
SAGROW 49731 1213 1506 1212 1507 0 5 250 162
SAGROW 49841 1213 1506 1212 1507 0 6 250 132
SAGROW 49946 1212 1506 1212 1507 0 1 250 99
SAGROW 50038 1211 1506 1212 1507 0 2 250 52
SAGROW 50156 1210 1506 1212 1507 0 2 250 39
SAGROW 50236 1211 1506 1212 1507 0 3 250 119
SAGROW 50342 1212 1506 1212 1507 0 4 250 80
SAGROW 50459 1211 1507 1212 1507 0 4 250 50
SAGROW 50527 1211 1507 1212 1507 0 5 250 118
SAGROW 50633 1212 1507 1212 1507 0 6 250 80
SAGROW 50731 1211 1507 1212 1507 0 6 250 43
SAGROW 50861 1212 1508 1212 1507 0 1 250 173
SAGROW 50946 1214 1507 1212 1507 0 2 250 125
SAGROW 51042 1214 1508 1212 1507 0 3 250 91
SAGROW 51156 1214 1507 1212 1507 0 4 250 60
SAGROW 51281 1211 1507 1212 1507 0 4 250 185
SAGROW 51352 1212 1507 1212 1507 0 5 250 109
SAGROW 51443 1211 1506 1212 1507 0 6 250 63
SAGROW 51548 1212 1506 1212 1507 0 6 250 167
SAGROW 51674 1212 1506 1212 1507 0 1 250 150
SAGROW 51759 1211 1506 1212 1507 0 2 250 105
SAGROW 51843 1210 1506 1212 1507 0 3 250 59
SAGROW 51969 1210 1506 1212 1507 0 3 250 41
SAGROW 52064 1214 1506 1212 1507 0 4 250 136
SAGROW 52147 1213 1507 1212 1507 0 5 250 71
SAGROW 52253 1214 1507 1212 1507 0 5 250 176
SAGROW 52364 1214 1507 1212 1507 0 6 250 136
SAGROW 52468 1213 1507 1212 1507 0 1 250 98
SAGROW 52553 1211 1507 1212 1507 0 2 250 64
SAGROW 52666 1212 1507 1212 1507 0 2 250 42
SAGROW 52781 1211 1507 1212 1507 0 3 250 156
SAGROW 52879 1210 1507 1212 1507 0 4 250 118
SAGROW 52957 1211 1507 1212 1507 0 5 250 47
SAGROW 53085 1210 1507 1212 1507 0 5 250 175
SAGROW 53156 1210 1507 1212 1507 0 6 250 98
SAGROW 53269 1210 1507 1212 1507 0 6 250 47
SAGROW 53375 1213 1507 1212 1507 0 1 250 53
SAGROW 53471 1211 1507 1212 1507 0 2 250 148
SAGROW 53581 1211 1507 1212 1507 0 3 250 130
SAGROW 53681 1212 1507 1212 1507 0 4 250 86
SAGROW 53782 1211 1507 1212 1507 0 4 250 187
SAGROW 53874 1212 1507 1212 1507 0 5 250 134
SAGROW 53965 1213 1506 1212 1507 0 6 250 84
SAGROW 54083 1213 1506 1212 1507 0 1 250 61
SAGROW 54201 1212 1506 1212 1507 0 1 250 172
SAGROW 54309 1213 1506 1212 1507 0 2 250 143
SAGROW 54375 1212 1507 1212 1507 0 3 250 78
SAGROW 54496 1211 1507 1212 1507 0 4 250 59
SAGROW 54593 1212 1506 1212 1507 0 4 250 156
SAGROW 54678 1212 1507 1212 1507 0 5 250 105
SAGROW 54773 1211 1507 1212 1507 0 5 250 200
SAGROW 54879 1212 1507 1212 1507 0 6 250 129
SAGROW 55005 1212 1507 1212 1507 0 1 250 153
SAGROW 55090 1212 1507 1212 1507 0 2 250 100
SAGROW 55188 1214 1506 1212 1507 0 3 250 51
SAGROW 55283 1214 1506 1212 1507 0 3 250 146
SAGROW 55402 1213 1506 1212 1507 0 4 250 141
SAGROW 55478 1211 1506 1212 1507 0 5 250 71
SAGROW 55592 1211 1506 1212 1507 0 5 250 43
SAGROW 55708 1209 1506 1212 1507 0 6 250 158
SAGROW 55800 1209 1506 1212 1507 0 1 250 111
SAGROW 55884 1208 1507 1212 1507 0 2 250 61
SAGROW 55994 1207 1507 1212 1507 0 2 250 170
SAGROW 56124 1207 1507 1212 1507 0 3 250 153
SAGROW 56197 1209 1507 1212 1507 0 4 250 88
SAGROW 56291 1210 1507 1212 1507 0 5 250 50
SAGROW 56432 1210 1507 1212 1507 0 5 250 38
SAGROW 56491 1211 1507 1212 1507 0 6 250 98
SAGROW 56604 1212 1506 1212 1507 0 1 250 83
SAGROW 56710 1213 1506 1212 1507 0 1 250 189
SAGROW 56808 1213 1506 1212 1507 0 2 250 143
SAGROW 56899 1212 1506 1212 1507 0 3 250 85
SAGROW 57016 1212 1506 1212 1507 0 4 250 62
SAGROW 57114 1211 1505 1212 1507 0 4 250 160
SAGROW 57206 1211 1506 1212 1507 0 5 250 133
SAGROW 57298 1212 1506 1212 1507 0 6 250 80
SAGROW 57417 1211 1505 1212 1507 0 1 250 61
SAGROW 57545 1210 1505 1212 1507 0 1 250 47
SAGROW 57613 1211 1506 1212 1507 0 2 250 115
SAGROW 57703 1212 1506 1212 1507 0 3 250 59
SAGROW 57801 1211 1506 1212 1507 0 3 250 156
SAGROW 57927 1212 1506 1212 1507 0 4 250 151
SAGROW 58017 1212 1506 1212 1507 0 5 250 111
SAGROW 58104 1211 1506 1212 1507 0 6 250 52
SAGROW 58224 1212 1507 1212 1507 0 6 250 165
SAGROW 58343 1212 1507 1212 1507 0 1 250 154
SAGROW 58408 1213 1507 1212 1507 0 2 250 86
SAGROW 58520 1212 1506 1212 1507 0 3 250 50
SAGROW 58626 1212 1506 1212 1507 0 3 250 157
SAGROW 58735 1212 1506 1212 1507 0 4 250 128
SAGROW 58812 1212 1506 1212 1507 0 5 250 71
SAGROW 58922 1211 1506 1212 1507 0 5 250 182
SAGROW 59013 1210 1506 1212 1507 0 6 250 118
SAGROW 59131 1211 1506 1212 1507 0 1 250 98
SAGROW 59215 1210 1505 1212 1507 0 2 250 59
SAGROW 59331 1212 1506 1212 1507 0 2 250 176
SAGROW 59422 1212 1506 1212 1507 0 3 250 117
SAGROW 59528 1213 1506 1212 1507 0 4 250 83
SAGROW 59628 1214 1506 1212 1507 0 4 250 54
SAGROW 59751 1214 1506 1212 1507 0 5 250 177
SAGROW 59822 1215 1506 1212 1507 0 6 250 95
SAGROW 59938 1213 1506 1212 1507 0 1 250 73
SAGROW 60041 1213 1506 1212 1507 0 1 250 52
SAGROW 60131 1211 1506 1212 1507 0 2 250 142
SAGROW 60247 1210 1506 1212 1507 0 3 250 110
SAGROW 60341 1209 1506 1212 1507 0 4 250 62
SAGROW 60455 1209 1506 1212 1507 0 4 250 48
SAGROW 60542 1209 1506 1212 1507 0 5 250 136
SAGROW 60645 1209 1506 1212 1507 0 6 250 80
SAGROW 60743 1209 1507 1212 1507 0 6 250 43
SAGROW 60878 1210 1507 1212 1507 0 1 250 178
SAGROW 60944 1211 1507 1212 1507 0 2 250 107
SAGROW 61040 1211 1507 1212 1507 0 3 250 72
SAGROW 61161 1211 1507 1212 1507 0 3 250 40
SAGROW 61263 1212 1507 1212 1507 0 4 250 141
SAGROW 61353 1213 1507 1212 1507 0 5 250 113
SAGROW 61445 1214 1507 1212 1507 0 6 250 52
SAGROW 61548 1215 1507 1212 1507 0 6 250 155
SAGROW 61686 1213 1507 1212 1507 0 1 250 161
SAGROW 61751 1212 1507 1212 1507 0 2 250 81
SAGROW 61855 1213 1507 1212 1507 0 3 250 53
SAGROW 61944 1213 1507 1212 1507 0 3 250 143
SAGROW 62073 1212 1506 1212 1507 0 4 250 117
SAGROW 62156 1211 1506 1212 1507 0 5 250 71
SAGROW 62270 1209 1506 1212 1507 0 5 250 42
SAGROW 62357 1210 1506 1212 1507 0 6 250 129
SAGROW 62475 1212 1506 1212 1507 0 1 250 112
SAGROW 62560 1212 1506 1212 1507 0 2 250 56
SAGROW 62657 1212 1506 1212 1507 0 2 250 153
SAGROW 62766 1212 1506 1212 1507 0 3 250 132
SAGROW 62859 1210 1506 1212 1507 0 4 250 70
SAGROW 62973 1211 1506 1212 1507 0 4 250 184
SAGROW 63085 1212 1506 1212 1507 0 5 250 156
SAGROW 63168 1212 1506 1212 1507 0 6 250 96
SAGROW 63273 1211 1506 1212 1507 0 1 250 78
SAGROW 63377 1211 1506 1212 1507 0 1 250 182
SAGROW 63463 1210 1506 1212 1507 0 2 250 125
SAGROW 63579 1211 1507 1212 1507 0 3 250 110
SAGROW 63673 1212 1507 1212 1507 0 4 250 61
SAGROW 63782 1210 1507 1212 1507 0 4 250 170
SAGROW 63873 1210 1507 1212 1507 0 5 250 133
SAGROW 63979 1210 1507 1212 1507 0 6 250 85
SAGROW 64093 1210 1507 1212 1507 0 1 250 61
SAGROW 64198 1210 1507 1212 1507 0 1 250 166
SAGROW 64289 1211 1507 1212 1507 0 2 250 111
SAGROW 64367 1211 1507 1212 1507 0 3 250 54
SAGROW 64482 1210 1507 1212 1507 0 3 250 168
SAGROW 64600 1211 1506 1212 1507 0 4 250 145
SAGROW 64682 1211 1506 1212 1507 0 5 250 96
SAGROW 64781 1211 1506 1212 1507 0 6 250 49
SAGROW 64883 1211 1506 1212 1507 0 6 250 151
SAGROW 65001 1211 1507 1212 1507 0 1 250 112
SAGROW 65078 1212 1507 1212 1507 0 2 250 70
SAGROW 65181 1213 1507 1212 1507 0 2 250 173
SAGROW 65299 1214 1507 1212 1507 0 3 250 142
SAGROW 65397 1215 1507 1212 1507 0 4 250 117
SAGROW 65481 1215 1507 1212 1507 0 5 250 62
SAGROW 62 1215 1507 1212 1507 0 5 250 179
SAGROW 152 1215 1507 1212 1507 0 6 250 110
SAGROW 257 1213 1507 1212 1507 0 1 250 86
SAGROW 361 1213 1507 1212 1507 0 2 250 55
SAGROW 476 1212 1507 1212 1507 0 2 250 170
SAGROW 567 1213 1507 1212 1507 0 3 250 113
SAGROW 671 1209 1507 1212 1507 0 4 250 94
SAGROW 771 1209 1508 1212 1507 0 4 250 49
SAGROW 869 1209 1508 1212 1507 0 5 250 141
SAGROW 965 1210 1508 1212 1507 0 6 250 89
SAGROW 1077 1210 1508 1212 1507 0 1 250 64
SAGROW 1176 1211 1508 1212 1507 0 1 250 162
SAGROW 1261 1211 1507 1212 1507 0 2 250 124
SAGROW 1377 1209 1507 1212 1507 0 3 250 99
SAGROW 1476 1212 1507 1212 1507 0 3 250 44
SAGROW 1608 1212 1507 1212 1507 0 4 250 49
SAGROW 1676 1212 1507 1212 1507 0 5 250 117
SAGROW 1760 1211 1507 1212 1507 0 6 250 62
SAGROW 1864 1212 1507 1212 1507 0 6 250 165
SAGROW 1998 1211 1507 1212 1507 0 1 250 160
SAGROW 2071 1211 1507 1212 1507 0 2 250 100
SAGROW 2170 1211 1507 1212 1507 0 3 250 51
SAGROW 2294 1212 1507 1212 1507 0 3 250 40
SAGROW 2386 1213 1507 1212 1507 0 4 250 132
SAGROW 2479 1214 1507 1212 1507 0 5 250 49
SAGROW 2578 1214 1507 1212 1507 0 5 250 44
SAGROW 2693 1213 1507 1212 1507 0 6 250 160
SAGROW 2792 1211 1507 1212 1507 0 1 250 123
SAGROW 2878 1212 1507 1212 1507 0 2 250 64
SAGROW 2991 1212 1508 1212 1507 0 2 250 40
SAGROW 3110 1210 1508 1212 1507 0 3 250 158
SAGROW 3202 1210 1507 1212 1507 0 4 250 111
SAGROW 3286 1211 1507 1212 1507 0 5 250 63
SAGROW 3394 1210 1507 1212 1507 0 5 250 172
SAGROW 3485 1210 1507 1212 1507 0 6 250 117
SAGROW 3591 1212 1507 1212 1507 0 1 250 86
SAGROW 3691 1212 1507 1212 1507 0 1 250 54
SAGROW 3815 1213 1507 1212 1507 0 2 250 177
SAGROW 3899 1214 1507 1212 1507 0 3 250 107
SAGROW 3998 1215 1507 1212 1507 0 4 250 72
SAGROW 4098 1213 1507 1212 1507 0 4 250 172
SAGROW 4216 1213 1507 1212 1507 0 5 250 161
SAGROW 4301 1213 1507 1212 1507 0 6 250 100
SAGROW 4425 1213 1508 1212 1507 0 6 250 224
SAGROW 4513 1213 1508 1212 1507 0 1 250 173
SAGROW 4611 1213 1508 1212 1507 0 2 250 140
SAGROW 4695 1213 1508 1212 1507 0 3 250 97
SAGROW 4812 1212 1508 1212 1507 0 4 250 91
SAGROW 4904 1209 1508 1212 1507 0 5 250 51
SAGROW 5013 1205 1507 1212 1507 0 5 250 161
SAGROW 5106 1202 1507 1212 1507 0 6 250 111
SAGROW 5211 1195 1507 1212 1507 0 1 250 70
SAGROW 5335 1185 1507 1212 1507 0 1 250 49
SAGROW 5397 1177 1507 1212 1507 0 2 250 111
SAGROW 5509 1168 1507 1212 1507 0 3 250 96
SAGROW 5615 1160 1507 1212 1507 0 4 250 60
SAGROW 5726 1154 1507 1212 1507 0 4 250 171
SAGROW 5816 1150 1507 1212 1507 1 5 250 133
SAGROW 5906 1144 1508 1212 1507 2 6 250 78
SAGROW 6014 1140 1508 1212 1507 3 1 250 61
SAGSLOW 1213 1507 1213 1507
SAGSLOW 1212 1507 1213 1507
SAGSLOW 1211 1507 1213 1507
SAGSLOW 1211 1506 1213 1507
SAGSLOW 1215 1507 1213 1507
SAGSLOW 1213 1506 1213 1507
SAGSLOW 1214 1507 1213 1507
SAGSLOW 1214 1508 1213 1507
SAGSLOW 1213 1507 1213 1507
SAGSLOW 1210 1508 1213 1507
SAGSLOW 1213 1506 1213 1507
SAGSLOW 1212 1507 1213 1507
SAGSLOW 1212 1507 1213 1507
SAGSLOW 1210 1507 1213 1507
SAGSLOW 1211 1508 1213 1507
SAGSLOW 1215 1508 1213 1507
SAGSLOW 1215 1507 1213 1507
SAGSLOW 1210 1507 1213 1507
SAGSLOW 1214 1508 1213 1507
SAGSLOW 1214 1508 1213 1507
SAGSLOW 1211 1508 1213 1507
SAGSLOW 1213 1507 1213 1507
SAGSLOW 1212 1506 1213 1507
SAGSLOW 1210 1506 1213 1507
SAGSLOW 1217 1507 1213 1507
SAGSLOW 1214 1508 1213 1507
SAGSLOW 1214 1507 1213 1507
SAGSLOW 1213 1507 1213 1507
SAGSLOW 1213 1508 1213 1507
SAGSLOW 1208 1507 1213 1507
SAGSLOW 1215 1507 1213 1507
SAGSLOW 1212 1506 1213 1507
SAGSLOW 1215 1506 1213 1507
SAGSLOW 1215 1508 1213 1507
SAGSLOW 1214 1507 1213 1507
SAGSLOW 1209 1506 1213 1507
SAGSLOW 1208 1508 1213 1507
SAGSLOW 1214 1507 1213 1507
SAGSLOW 1213 1507 1213 1507
SAGSLOW 1211 1507 1213 1507
SAGSLOW 1218 1507 1213 1507
SAGSLOW 1216 1508 1213 1507
SAGSLOW 1211 1506 1213 1507
SAGSLOW 1212 1507 1213 1507
SAGSLOW 1217 1507 1213 1507
SAGSLOW 1211 1506 1213 1507
SAGSLOW 1210 1506 1213 1507
SAGSLOW 1213 1507 1213 1507
SAGSLOW 1210 1505 1213 1507
SAGSLOW 1213 1507 1213 1507
SAGSLOW 1214 1506 1213 1507
SAGSLOW 1215 1507 1213 1507
SAGSLOW 1215 1506 1213 1507
SAGSLOW 1214 1507 1213 1507
SAGSLOW 1207 1507 1213 1507
SAGSLOW 1213 1507 1213 1507
SAGSLOW 1209 1506 1213 1507
SAGSLOW 1215 1508 1213 1507
SAGSLOW 1212 1506 1213 1507
SAGSLOW 1214 1507 1213 1507
SAGSLOW 1216 1507 1213 1507
SAGSLOW 1213 1508 1213 1507
SAGSLOW 1212 1507 1213 1507
SAGSLOW 1213 1508 1213 1507
SAGSLOW 1212 1508 1213 1507
SAGSLOW 1214 1507 1213 1507
SAGSLOW 1216 1507 1213 1507
SAGSLOW 1212 1508 1213 1507
SAGSLOW 1216 1508 1213 1507
SAGSLOW 1216 1506 1213 1507
SAGSLOW 1212 1507 1213 1507
SAGSLOW 1213 1506 1213 1507
SAGSLOW 1211 1508 1213 1507
SAGSLOW 1211 1508 1213 1507
SAGSLOW 1211 1507 1213 1507
SAGSLOW 1211 1506 1213 1507
SAGSLOW 1211 1506 1213 1507
SAGSLOW 1213 1507 1213 1507
SAGSLOW 1213 1507 1213 1507
SAGSLOW 1215 1508 1213 1507
SAGSLOW 1211 1507 1213 1507
SAGSLOW 1213 1505 1213 1507
SAGSLOW 1203 1506 1213 1507
SAGSLOW 1212 1506 1213 1507
SAGSLOW 1212 1507 1213 1507
SAGSLOW 1214 1507 1213 1507
SAGSLOW 1213 1507 1213 1507
SAGSLOW 1216 1506 1213 1507
SAGSLOW 1212 1506 1213 1507
SAGSLOW 1213 1506 1213 1507
SAGSLOW 1213 1506 1213 1507
SAGSLOW 1213 1507 1213 1507
SAGSLOW 1215 1506 1213 1507
SAGSLOW 1209 1507 1213 1507
SAGSLOW 1215 1506 1213 1507
SAGSLOW 1208 1507 1213 1507
SAGSLOW 1213 1508 1213 1507
SAGSLOW 1220 1507 1213 1507
SAGSLOW 1215 1507 1213 1507
SAGSLOW 1207 1507 1213 1507
SAGSLOW 1212 1507 1213 1507
SAGSLOW 1209 1507 1213 1507
SAGSLOW 1214 1507 1213 1507
SAGSLOW 1213 1507 1213 1507
SAGSLOW 1211 1507 1213 1507
SAGSLOW 1215 1507 1213 1507
SAGSLOW 1212 1507 1213 1507
SAGSLOW 1213 1507 1213 1507
SAGSLOW 1211 1507 1213 1507
SAGSLOW 1211 1507 1213 1507
SAGSLOW 1213 1507 1213 1507
SAGSLOW 1210 1506 1213 1507
SAGSLOW 1214 1507 1213 1507
SAGSLOW 1217 1507 1213 1507
SAGSLOW 1214 1507 1213 1507
SAGSLOW 1212 1507 1213 1507
SAGSLOW 1214 1508 1213 1507
SAGSLOW 1211 1506 1213 1507
SAGSLOW 1215 1507 1213 1507
SAGSLOW 1216 1508 1213 1507
SAGSLOW 1209 1508 1213 1507
SAGSLOW 1211 1507 1213 1507
SAGSLOW 1215 1506 1213 1507
SAGSLOW 1213 1507 1213 1507
SAGSLOW 1214 1507 1213 1507
SAGSLOW 1213 1507 1213 1507
SAGSLOW 1214 1507 1213 1507
SAGSLOW 1211 1507 1213 1507
SAGSLOW 1214 1507 1213 1507
SAGSLOW 1211 1506 1213 1507
SAGSLOW 1215 1508 1213 1507
SAGSLOW 1208 1506 1213 1507
SAGSLOW 1211 1507 1213 1507
SAGSLOW 1213 1507 1213 1507
SAGSLOW 1213 1507 1213 1507
SAGSLOW 1214 1507 1213 1507
SAGSLOW 1216 1506 1213 1507
SAGSLOW 1212 1508 1213 1507
SAGSLOW 1214 1507 1213 1507
SAGSLOW 1214 1506 1213 1507
SAGSLOW 1215 1507 1213 1507
SAGSLOW 1216 1507 1213 1507
SAGSLOW 1210 1506 1213 1507
SAGSLOW 1214 1508 1213 1507
SAGSLOW 1214 1507 1213 1507
SAGSLOW 1213 1507 1213 1507
SAGSLOW 1210 1507 1213 1507
SAGSLOW 1210 1507 1213 1507
SAGSLOW 1214 1506 1213 1507
SAGSLOW 1209 1507 1213 1507
SAGSLOW 1211 1507 1213 1507
SAGSLOW 1213 1507 1213 1507
SAGSLOW 1212 1507 1213 1507
SAGSLOW 1213 1507 1213 1507
SAGSLOW 1210 1507 1213 1507
SAGSLOW 1215 1507 1213 1507
SAGSLOW 1214 1507 1213 1507
SAGSLOW 1214 1506 1213 1507
SAGSLOW 1214 1507 1213 1507
SAGSLOW 1213 1507 1213 1507
SAGSLOW 1211 1507 1213 1507
SAGSLOW 1211 1507 1213 1507
SAGSLOW 1210 1507 1213 1507
SAGSLOW 1215 1506 1213 1507
SAGSLOW 1211 1506 1213 1507
SAGSLOW 1214 1506 1213 1507
SAGSLOW 1212 1506 1213 1507
SAGSLOW 1216 1507 1213 1507
SAGSLOW 1213 1506 1213 1507
SAGSLOW 1211 1507 1213 1507
SAGSLOW 1211 1507 1213 1507
SAGSLOW 1214 1507 1213 1507
SAGSLOW 1212 1507 1213 1507
SAGSLOW 1213 1507 1213 1507
SAGSLOW 1213 1507 1213 1507
SAGSLOW 1211 1507 1213 1507
SAGSLOW 1214 1506 1213 1507
SAGSLOW 1212 1507 1213 1507
SAGSLOW 1211 1508 1213 1507
SAGSLOW 1212 1507 1213 1507
SAGSLOW 1209 1508 1213 1507
SAGSLOW 1212 1508 1213 1507
SAGSLOW 1204 1508 1213 1507
SAGSLOW 1216 1508 1213 1507
SAGSLOW 1213 1506 1213 1507
SAGSLOW 1210 1507 1213 1507
SAGSLOW 1211 1507 1213 1507
SAGSLOW 1215 1507 1213 1507
SAGSLOW 1214 1506 1213 1507
SAGSLOW 1218 1507 1213 1507
SAGSLOW 1209 1506 1213 1507
SAGSLOW 1211 1507 1213 1507
SAGSLOW 1210 1507 1213 1507
SAGSLOW 1214 1507 1213 1507
SAGSLOW 1215 1506 1213 1507
SAGSLOW 1214 1507 1213 1507
SAGSLOW 1211 1506 1213 1507
SAGSLOW 1213 1506 1213 1507
SAGSLOW 1208 1507 1213 1507
SAGSLOW 1214 1507 1213 1507
SAGSLOW 1211 1506 1213 1507
SAGSLOW 1210 1507 1213 1507
SAGSLOW 1216 1507 1213 1507
SAGSLOW 1211 1507 1213 1507
SAGSLOW 1212 1506 1213 1507
SAGSLOW 1213 1507 1213 1507
SAGSLOW 1212 1506 1213 1507
SAGSLOW 1207 1507 1213 1507
SAGSLOW 1205 1506 1213 1507
SAGSLOW 1212 1507 1213 1507
SAGSLOW 1211 1507 1213 1507
SAGSLOW 1210 1507 1213 1507
SAGSLOW 1210 1506 1213 1507
SAGSLOW 1212 1506 1213 1507
SAGSLOW 1214 1507 1213 1507
SAGSLOW 1219 1507 1213 1507
SAGSLOW 1214 1506 1213 1507
SAGSLOW 1214 1508 1213 1507
SAGSLOW 1211 1507 1213 1507
SAGSLOW 1212 1508 1213 1507
SAGSLOW 1210 1508 1213 1507
SAGSLOW 1213 1507 1213 1507
SAGSLOW 1215 1507 1213 1507
SAGSLOW 1218 1508 1213 1507
SAGSLOW 1215 1507 1213 1507
SAGSLOW 1216 1507 1213 1507
SAGSLOW 1213 1507 1213 1507
SAGSLOW 1215 1508 1213 1507
SAGSLOW 1214 1507 1213 1507
SAGSLOW 1214 1507 1213 1507
SAGSLOW 1214 1507 1213 1507
SAGSLOW 1211 1507 1213 1507
SAGSLOW 1212 1506 1213 1507
SAGSLOW 1213 1507 1213 1507
SAGSLOW 1211 1506 1213 1507
SAGSLOW 1216 1507 1213 1507
SAGSLOW 1210 1506 1213 1507
SAGSLOW 1212 1508 1213 1507
SAGSLOW 1216 1507 1213 1507
SAGSLOW 1216 1506 1213 1507
SAGSLOW 1211 1506 1213 1507
SAGSLOW 1215 1507 1213 1507
SAGSLOW 1214 1508 1213 1507
SAGSLOW 1219 1507 1213 1507
SAGSLOW 1214 1507 1213 1507
SAGSLOW 1214 1507 1213 1507
SAGSLOW 1212 1508 1213 1507
SAGSLOW 1212 1507 1213 1507
SAGSLOW 1215 1506 1213 1507
SAGSLOW 1212 1507 1213 1507
SAGSLOW 1213 1507 1213 1507
SAGSLOW 1211 1507 1213 1507
SAGSLOW 1217 1507 1213 1507
SAGSLOW 1214 1507 1213 1507
SAGSLOW 1211 1507 1213 1507
SAGSLOW 1211 1507 1213 1507
SAGSLOW 1208 1507 1213 1507
SAGSLOW 1213 1506 1213 1507
SAGSLOW 1215 1507 1213 1507
SAGSLOW 1212 1507 1213 1507
SAGSLOW 1210 1506 1213 1507
SAGSLOW 1215 1507 1213 1507
SAGSLOW 1215 1507 1213 1507
SAGSLOW 1205 1507 1213 1507
SAGSLOW 1216 1507 1213 1507
SAGSLOW 1210 1507 1213 1507
SAGSLOW 1209 1507 1213 1507
SAGSLOW 1205 1507 1213 1507
SAGSLOW 1212 1508 1212 1507
SAGSLOW 1212 1507 1212 1507
SAGSLOW 1213 1507 1212 1507
SAGSLOW 1209 1507 1212 1507
SAGSLOW 1214 1507 1212 1507
SAGSLOW 1208 1506 1212 1507
SAGSLOW 1208 1507 1212 1507
SAGSLOW 1208 1506 1212 1507
SAGSLOW 1210 1507 1212 1507
SAGSLOW 1213 1507 1212 1507
SAGSLOW 1213 1507 1212 1507
SAGSLOW 1212 1507 1212 1507
SAGSLOW 1214 1508 1212 1507
SAGSLOW 1217 1506 1212 1507
SAGSLOW 1212 1507 1212 1507
SAGSLOW 1213 1507 1212 1507
SAGSLOW 1211 1506 1212 1507
SAGSLOW 1213 1507 1212 1507
SAGSLOW 1210 1507 1212 1507
SAGSLOW 1212 1507 1212 1507
SAGSLOW 1223 1507 1212 1507
SAGSLOW 1214 1507 1212 1507
SAGSLOW 1213 1508 1212 1507
SAGSLOW 1211 1507 1212 1507
SAGSLOW 1208 1507 1212 1507
SAGSLOW 1212 1506 1212 1507
SAGSLOW 1212 1506 1212 1507
SAGSLOW 1209 1506 1212 1507
SAGSLOW 1214 1507 1212 1507
SAGSLOW 1210 1507 1212 1507
SAGSLOW 1215 1507 1212 1507
SAGSLOW 1211 1507 1212 1507
SAGSLOW 1214 1507 1212 1507
SAGSLOW 1214 1508 1212 1507
SAGSLOW 1211 1507 1212 1507
SAGSLOW 1211 1507 1212 1507
SAGSLOW 1214 1507 1212 1507
SAGSLOW 1213 1506 1212 1507
SAGSLOW 1215 1507 1212 1507
SAGSLOW 1208 1507 1212 1507
SAGSLOW 1213 1506 1212 1507
SAGSLOW 1212 1507 1212 1507
SAGSLOW 1215 1507 1212 1507
SAGSLOW 1215 1507 1212 1507
SAGSLOW 1214 1508 1212 1507
SAGSLOW 1211 1507 1212 1507
SAGSLOW 1213 1507 1212 1507
SAGSLOW 1213 1506 1212 1507
SAGSLOW 1206 1507 1212 1507
SAGSLOW 1215 1506 1212 1507
SAGSLOW 1211 1508 1212 1507
SAGSLOW 1214 1507 1212 1507
SAGSLOW 1211 1507 1212 1507
SAGSLOW 1212 1507 1212 1507
SAGSLOW 1209 1506 1212 1507
SAGSLOW 1211 1507 1212 1507
SAGSLOW 1213 1507 1212 1507
SAGSLOW 1213 1506 1212 1507
SAGSLOW 1210 1507 1212 1507
SAGSLOW 1210 1507 1212 1507
SAGSLOW 1213 1506 1212 1507
SAGSLOW 1207 1508 1212 1507
SAGSLOW 1210 1507 1212 1507
SAGSLOW 1216 1507 1212 1507
SAGSLOW 1211 1507 1212 1507
SAGSLOW 1212 1507 1212 1507
SAGSLOW 1215 1507 1212 1507
SAGSLOW 1212 1507 1212 1507
SAGSLOW 1212 1506 1212 1507
SAGSLOW 1214 1507 1212 1507
SAGSLOW 1211 1507 1212 1507
SAGSLOW 1211 1507 1212 1507
SAGSLOW 1216 1507 1212 1507
SAGSLOW 1213 1507 1212 1507
SAGSLOW 1214 1507 1212 1507
SAGSLOW 1215 1508 1212 1507
SAGSLOW 1216 1506 1212 1507
SAGSLOW 1211 1506 1212 1507
SAGSLOW 1214 1506 1212 1507
SAGSLOW 1213 1508 1212 1507
SAGSLOW 1217 1507 1212 1507
SAGSLOW 1208 1507 1212 1507
SAGSLOW 1214 1507 1212 1507
SAGSLOW 1214 1507 1212 1507
SAGSLOW 1213 1506 1212 1507
SAGSLOW 1214 1507 1212 1507
SAGSLOW 1211 1507 1212 1507
SAGSLOW 1210 1507 1212 1507
SAGSLOW 1214 1507 1212 1507
SAGSLOW 1214 1507 1212 1507
SAGSLOW 1214 1507 1212 1507
SAGSLOW 1215 1506 1212 1507
SAGSLOW 1212 1507 1212 1507
SAGSLOW 1209 1506 1212 1507
SAGSLOW 1213 1506 1212 1507
SAGSLOW 1211 1507 1212 1507
SAGSLOW 1210 1506 1212 1507
SAGSLOW 1209 1507 1212 1507
SAGSLOW 1213 1507 1212 1507
SAGSLOW 1211 1507 1212 1507
SAGSLOW 1211 1507 1212 1507
SAGSLOW 1212 1507 1212 1507
SAGSLOW 1212 1506 1212 1507
SAGSLOW 1210 1506 1212 1507
SAGSLOW 1211 1506 1212 1507
SAGSLOW 1211 1508 1212 1507
SAGSLOW 1209 1507 1212 1507
SAGSLOW 1216 1506 1212 1507
SAGSLOW 1213 1507 1212 1507
SAGSLOW 1210 1506 1212 1507
SAGSLOW 1218 1507 1212 1507
SAGSLOW 1208 1507 1212 1507
SAGSLOW 1211 1507 1212 1507
SAGSLOW 1211 1507 1212 1507
SAGSLOW 1211 1508 1212 1507
SAGSLOW 1211 1506 1212 1507
SAGSLOW 1215 1507 1212 1507
SAGSLOW 1210 1506 1212 1507
SAGSLOW 1212 1507 1212 1507
SAGSLOW 1211 1506 1212 1507
SAGSLOW 1210 1506 1212 1507
SAGSLOW 1210 1508 1212 1507
SAGSLOW 1211 1506 1212 1507
SAGSLOW 1214 1506 1212 1507
SAGSLOW 1215 1507 1212 1507
SAGSLOW 1213 1507 1212 1507
SAGSLOW 1215 1508 1212 1507
SAGSLOW 1211 1507 1212 1507
SAGSLOW 1214 1507 1212 1507
SAGSLOW 1212 1507 1212 1507
SAGSLOW 1210 1507 1212 1507
SAGSLOW 1209 1506 1212 1507
SAGSLOW 1212 1506 1212 1507
SAGSLOW 1218 1508 1212 1507
SAGSLOW 1213 1507 1212 1507
SAGSLOW 1211 1507 1212 1507
SAGSLOW 1213 1507 1212 1507
SAGSLOW 1212 1508 1212 1507
SAGSLOW 1218 1507 1212 1507
SAGSLOW 1211 1507 1212 1507
SAGSLOW 1213 1506 1212 1507
SAGSLOW 1210 1507 1212 1507
SAGSLOW 1216 1507 1212 1507
SAGSLOW 1210 1506 1212 1507
SAGSLOW 1213 1507 1212 1507
SAGSLOW 1213 1507 1212 1507
SAGSLOW 1208 1507 1212 1507
SAGSLOW 1213 1507 1212 1507
SAGSLOW 1212 1507 1212 1507
SAGSLOW 1213 1507 1212 1507
SAGSLOW 1212 1508 1212 1507
SAGSLOW 1210 1507 1212 1507
SAGSLOW 1214 1507 1212 1507
SAGSLOW 1210 1507 1212 1507
SAGSLOW 1211 1507 1212 1507
SAGSLOW 1211 1507 1212 1507
SAGSLOW 1212 1506 1212 1507
SAGSLOW 1211 1507 1212 1507
SAGSLOW 1212 1506 1212 1507
SAGSLOW 1209 1505 1212 1507
SAGSLOW 1212 1508 1212 1507
SAGSLOW 1216 1507 1212 1507
SAGSLOW 1213 1507 1212 1507
SAGSLOW 1209 1507 1212 1507
SAGSLOW 1209 1507 1212 1507
SAGSLOW 1211 1508 1212 1507
SAGSLOW 1214 1507 1212 1507
SAGSLOW 1212 1507 1212 1507
SAGSLOW 1215 1508 1212 1507
SAGSLOW 1214 1507 1212 1507
SAGSLOW 1211 1506 1212 1507
SAGSLOW 1208 1507 1212 1507
SAGSLOW 1210 1507 1212 1507
SAGSLOW 1213 1507 1212 1507
SAGSLOW 1213 1507 1212 1507
SAGSLOW 1212 1507 1212 1507
SAGSLOW 1208 1506 1212 1507
SAGSLOW 1214 1506 1212 1507
SAGSLOW 1206 1506 1212 1507
SAGSLOW 1212 1507 1212 1507
SAGSLOW 1217 1506 1212 1507
SAGSLOW 1213 1507 1212 1507
SAGSLOW 1212 1508 1212 1507
SAGSLOW 1210 1507 1212 1507
SAGSLOW 1212 1507 1212 1507
SAGSLOW 1214 1506 1212 1507
SAGSLOW 1213 1507 1212 1507
SAGSLOW 1210 1507 1212 1507
SAGSLOW 1211 1506 1212 1507
SAGSLOW 1205 1508 1212 1507
SAGSLOW 1211 1507 1212 1507
SAGSLOW 1211 1507 1212 1507
SAGSLOW 1214 1506 1212 1507
SAGSLOW 1211 1507 1212 1507
SAGSLOW 1211 1506 1212 1507
SAGSLOW 1215 1507 1212 1507
SAGSLOW 1210 1507 1212 1507
SAGSLOW 1211 1507 1212 1507
SAGSLOW 1215 1507 1212 1507
SAGSLOW 1219 1507 1212 1507
SAGSLOW 1221 1507 1212 1507
SAGSLOW 1212 1507 1212 1507
SAGSLOW 1215 1507 1212 1507
SAGSLOW 1212 1507 1212 1507
SAGSLOW 1217 1506 1212 1507
SAGSLOW 1219 1507 1212 1507
SAGSLOW 1209 1507 1212 1507
SAGSLOW 1210 1507 1212 1507
SAGSLOW 1214 1507 1212 1507
SAGSLOW 1214 1506 1212 1507
SAGSLOW 1213 1507 1212 1507
SAGSLOW 1211 1506 1212 1507
SAGSLOW 1212 1507 1212 1507
SAGSLOW 1216 1505 1212 1507
SAGSLOW 1211 1507 1212 1507
SAGSLOW 1215 1507 1212 1507
SAGSLOW 1205 1507 1212 1507
SAGSLOW 1213 1507 1212 1507
SAGSLOW 1211 1508 1212 1507
SAGSLOW 1214 1508 1212 1507
SAGSLOW 1212 1506 1212 1507
SAGSLOW 1214 1507 1212 1507
SAGSLOW 1214 1507 1212 1507
SAGSLOW 1212 1507 1212 1507
SAGSLOW 1212 1507 1212 1507
SAGSLOW 1208 1508 1212 1507
SAGSLOW 1215 1508 1212 1507
SAGSLOW 1214 1507 1212 1507
SAGSLOW 1212 1508 1212 1507
SAGSLOW 1214 1507 1212 1507
SAGSLOW 1216 1508 1212 1507
SAGSLOW 1216 1508 1212 1507
SAGSLOW 1211 1506 1212 1507
SAGSLOW 1214 1507 1212 1507
SAGSLOW 1214 1508 1212 1507
SAGSLOW 1210 1508 1212 1507
SAGSLOW 1213 1507 1212 1507
SAGSLOW 1215 1507 1212 1507
SAGSLOW 1212 1506 1212 1507
SAGSLOW 1212 1507 1212 1507
SAGSLOW 1211 1507 1212 1507
SAGSLOW 1215 1506 1212 1507
SAGSLOW 1212 1507 1212 1507
SAGSLOW 1214 1507 1212 1507
SAGSLOW 1216 1506 1212 1507
SAGSLOW 1210 1507 1212 1507
SAGSLOW 1213 1507 1212 1507
SAGSLOW 1217 1507 1212 1507
SAGSLOW 1214 1506 1212 1507
SAGSLOW 1214 1507 1212 1507
SAGSLOW 1215 1507 1212 1507
SAGSLOW 1215 1508 1212 1507
SAGSLOW 1214 1507 1212 1507
SAGSLOW 1211 1507 1212 1507
SAGSLOW 1212 1506 1212 1507
SAGSLOW 1213 1508 1212 1507
SAGSLOW 1214 1506 1212 1507
SAGSLOW 1212 1507 1212 1507
SAGSLOW 1212 1507 1212 1507
SAGSLOW 1212 1507 1212 1507
SAGSLOW 1211 1507 1212 1507
SAGSLOW 1214 1508 1212 1507
SAGSLOW 1215 1506 1212 1507
SAGSLOW 1210 1507 1212 1507
SAGSLOW 1211 1507 1212 1507
SAGSLOW 1212 1507 1212 1507
SAGSLOW 1210 1506 1212 1507
SAGSLOW 1217 1505 1212 1507
SAGSLOW 1210 1507 1212 1507
SAGSLOW 1209 1507 1212 1507
SAGSLOW 1212 1508 1212 1507
SAGSLOW 1216 1507 1212 1507
SAGSLOW 1214 1507 1212 1507
SAGSLOW 1219 1506 1212 1507
SAGSLOW 1211 1506 1212 1507
SAGSLOW 1212 1507 1212 1507
SAGSLOW 1211 1507 1212 1507
SAGSLOW 1207 1506 1212 1507
SAGSLOW 1212 1507 1212 1507
SAGSLOW 1214 1507 1212 1507
SAGSLOW 1211 1507 1212 1507
SAGSLOW 1212 1507 1212 1507
SAGSLOW 1211 1507 1212 1507
SAGSLOW 1212 1507 1212 1507
SAGSLOW 1214 1507 1212 1507
SAGSLOW 1212 1507 1212 1507
SAGSLOW 1213 1507 1212 1507
SAGSLOW 1212 1507 1212 1507
SAGSLOW 1216 1507 1212 1507
SAGSLOW 1207 1508 1212 1507
SAGSLOW 1214 1507 1212 1507
SAGSLOW 1212 1507 1212 1507
SAGSLOW 1213 1507 1212 1507
SAGSLOW 1214 1507 1212 1507
SAGSLOW 1209 1507 1212 1507
SAGSLOW 1213 1507 1212 1507
SAGSLOW 1212 1506 1212 1507
SAGSLOW 1208 1508 1212 1507
SAGSLOW 1211 1507 1212 1507
SAGSLOW 1210 1507 1212 1507
SAGSLOW 1213 1507 1212 1507
SAGSLOW 1214 1507 1212 1507
SAGSLOW 1216 1507 1212 1507
SAGSLOW 1214 1506 1212 1507
SAGSLOW 1213 1507 1212 1507
SAGSLOW 1210 1507 1212 1507
SAGSLOW 1209 1506 1212 1507
SAGSLOW 1213 1507 1212 1507
SAGSLOW 1217 1507 1212 1507
SAGSLOW 1213 1507 1212 1507
SAGSLOW 1214 1507 1212 1507
SAGSLOW 1210 1507 1212 1507
SAGSLOW 1212 1507 1212 1507
SAGSLOW 1214 1507 1212 1507
SAGSLOW 1210 1507 1212 1507
SAGSLOW 1212 1507 1212 1507
SAGSLOW 1215 1508 1212 1507
SAGSLOW 1214 1505 1212 1507
SAGSLOW 1212 1507 1212 1507
SAGSLOW 1212 1507 1212 1507
SAGSLOW 1213 1507 1212 1507
SAGSLOW 1209 1507 1212 1507
SAGSLOW 1211 1507 1212 1507
SAGSLOW 1211 1506 1212 1507
SAGSLOW 1212 1507 1212 1507
SAGSLOW 1214 1507 1212 1507
SAGSLOW 1215 1507 1212 1507
SAGSLOW 1213 1507 1212 1507
SAGSLOW 1215 1506 1212 1507
SAGSLOW 1213 1507 1212 1507
SAGSLOW 1216 1507 1212 1507
SAGSLOW 1212 1507 1212 1507
SAGSLOW 1211 1507 1212 1507
SAGSLOW 1214 1508 1212 1507
SAGSLOW 1210 1508 1212 1507
SAGSLOW 1214 1507 1212 1507
SAGSLOW 1214 1507 1212 1507
SAGSLOW 1210 1507 1212 1507
SAGSLOW 1214 1506 1212 1507
SAGSLOW 1210 1507 1212 1507
SAGSLOW 1212 1507 1212 1507
SAGSLOW 1213 1506 1212 1507
SAGSLOW 1208 1507 1212 1507
SAGSLOW 1216 1507 1212 1507
SAGSLOW 1214 1508 1212 1507
SAGSLOW 1214 1508 1212 1507
SAGSLOW 1213 1507 1212 1507
SAGSLOW 1210 1507 1212 1507
SAGSLOW 1210 1507 1212 1507
SAGSLOW 1213 1506 1212 1507
SAGSLOW 1210 1507 1212 1507
SAGSLOW 1214 1507 1212 1507
SAGSLOW 1211 1506 1212 1507
SAGSLOW 1214 1507 1212 1507
SAGSLOW 1210 1506 1212 1507
SAGSLOW 1215 1506 1212 1507
SAGSLOW 1216 1507 1212 1507
SAGSLOW 1209 1507 1212 1507
SAGSLOW 1213 1507 1212 1507
SAGSLOW 1209 1506 1212 1507
SAGSLOW 1210 1507 1212 1507
SAGSLOW 1212 1506 1212 1507
SAGSLOW 1216 1507 1212 1507
SAGSLOW 1211 1507 1212 1507
SAGSLOW 1210 1507 1212 1507
SAGSLOW 1212 1507 1212 1507
SAGSLOW 1213 1507 1212 1507
SAGSLOW 1213 1507 1212 1507
SAGSLOW 1208 1506 1212 1507
SAGSLOW 1208 1507 1212 1507
SAGSLOW 1211 1506 1212 1507
SAGSLOW 1212 1507 1212 1507
SAGSLOW 1208 1507 1212 1507
SAGSLOW 1212 1508 1212 1507
SAGSLOW 1213 1507 1212 1507
SAGSLOW 1213 1507 1212 1507
SAGSLOW 1210 1507 1212 1507
SAGSLOW 1213 1507 1212 1507
SAGSLOW 1212 1505 1212 1507
SAGSLOW 1209 1506 1212 1507
SAGSLOW 1209 1507 1212 1507
SAGSLOW 1209 1508 1212 1507
SAGSLOW 1210 1506 1212 1507
SAGSLOW 1212 1507 1212 1507
SAGSLOW 1214 1507 1212 1507
SAGSLOW 1212 1507 1212 1507
SAGSLOW 1215 1507 1212 1507
SAGSLOW 1210 1506 1212 1507
SAGSLOW 1211 1507 1212 1507
SAGSLOW 1213 1507 1212 1507
SAGSLOW 1209 1506 1212 1507
SAGSLOW 1214 1506 1212 1507
SAGSLOW 1211 1507 1212 1507
SAGSLOW 1211 1507 1212 1507
SAGSLOW 1210 1507 1212 1507
SAGSLOW 1213 1506 1212 1507
SAGSLOW 1213 1507 1212 1507
SAGSLOW 1210 1507 1212 1507
SAGSLOW 1214 1507 1212 1507
SAGSLOW 1214 1506 1212 1507
SAGSLOW 1214 1507 1212 1507
SAGSLOW 1213 1506 1212 1507
SAGSLOW 1215 1506 1212 1507
SAGSLOW 1213 1506 1212 1507
SAGSLOW 1211 1507 1212 1507
SAGSLOW 1210 1507 1212 1507
SAGSLOW 1210 1508 1212 1507
SAGSLOW 1213 1506 1212 1507
SAGSLOW 1211 1507 1212 1507
SAGSLOW 1212 1507 1212 1507
SAGSLOW 1214 1508 1212 1507
SAGSLOW 1214 1507 1212 1507
SAGSLOW 1214 1507 1212 1507
SAGSLOW 1210 1507 1212 1507
SAGSLOW 1206 1507 1212 1507
SAGSLOW 1212 1507 1212 1507
SAGSLOW 1210 1507 1212 1507
SAGSLOW 1213 1507 1212 1507
SAGSLOW 1214 1507 1212 1507
SAGSLOW 1209 1507 1212 1507
SAGSLOW 1211 1507 1212 1507
SAGSLOW 1213 1506 1212 1507
SAGSLOW 1211 1507 1212 1507
SAGSLOW 1211 1507 1212 1507
SAGSLOW 1213 1508 1212 1507
SAGSLOW 1214 1506 1212 1507
SAGSLOW 1213 1507 1212 1507
SAGSLOW 1214 1507 1212 1507
SAGSLOW 1211 1508 1212 1507
SAGSLOW 1212 1507 1212 1507
SAGSLOW 1208 1506 1212 1507
SAGSLOW 1213 1507 1212 1507
SAGSLOW 1212 1507 1212 1507
SAGSLOW 1210 1507 1212 1507
SAGSLOW 1214 1507 1212 1507
SAGSLOW 1209 1507 1212 1507
SAGSLOW 1209 1507 1212 1507
SAGSLOW 1210 1508 1212 1507
SAGSLOW 1214 1507 1212 1507
SAGSLOW 1205 1507 1212 1507
SAGSLOW 1211 1507 1212 1507
SAGSLOW 1207 1506 1212 1507
SAGSLOW 1215 1507 1212 1507
SAGSLOW 1213 1507 1212 1507
SAGSLOW 1213 1506 1212 1507
SAGSLOW 1211 1507 1212 1507
SAGSLOW 1208 1507 1212 1507
SAGSLOW 1212 1507 1212 1507
SAGSLOW 1213 1506 1212 1507
SAGSLOW 1209 1506 1212 1507
SAGSLOW 1214 1506 1212 1507
SAGSLOW 1217 1506 1212 1507
SAGSLOW 1213 1507 1212 1507
SAGSLOW 1213 1507 1212 1507
SAGSLOW 1215 1507 1212 1507
SAGSLOW 1221 1506 1212 1507
SAGSLOW 1210 1506 1212 1507
SAGSLOW 1216 1507 1212 1507
SAGSLOW 1213 1507 1212 1507
SAGSLOW 1212 1506 1212 1507
SAGSLOW 1212 1507 1212 1507
SAGSLOW 1213 1506 1212 1507
SAGSLOW 1212 1506 1212 1507
SAGSLOW 1210 1505 1212 1507
SAGSLOW 1208 1506 1212 1507
SAGSLOW 1212 1507 1212 1507
SAGSLOW 1212 1507 1212 1507
SAGSLOW 1212 1506 1212 1507
SAGSLOW 1216 1507 1212 1507
SAGSLOW 1211 1507 1212 1507
SAGSLOW 1216 1507 1212 1507
SAGSLOW 1214 1507 1212 1507
SAGSLOW 1208 1508 1212 1507
SAGSLOW 1210 1507 1212 1507
SAGSLOW 1213 1507 1212 1507
SAGSLOW 1216 1507 1212 1507
SAGSLOW 1214 1507 1212 1507
SAGSLOW 1214 1507 1212 1507
SAGSLOW 1213 1507 1212 1507
SAGSLOW 1210 1507 1212 1507
SAGSLOW 1211 1507 1212 1507
SAGSLOW 1215 1508 1212 1507
SAGSLOW 1213 1507 1212 1507
SAGSLOW 1210 1507 1212 1507
SAGSLOW 1216 1507 1212 1507
SAGSLOW 1214 1507 1212 1507
SAGSLOW 1210 1505 1212 1507
SAGSLOW 1209 1507 1212 1507
SAGSLOW 1215 1507 1212 1507
SAGSLOW 1215 1507 1212 1507
SAGSLOW 1214 1507 1212 1507
SAGSLOW 1212 1506 1212 1507
SAGSLOW 1213 1506 1212 1507
SAGSLOW 1208 1507 1212 1507
SAGSLOW 1215 1508 1212 1507
SAGSLOW 1214 1507 1212 1507
SAGSLOW 1208 1507 1212 1507
SAGSLOW 1213 1507 1212 1507
SAGSLOW 1213 1507 1212 1507
SAGSLOW 1210 1507 1212 1507
SAGSLOW 1213 1507 1212 1507
SAGSLOW 1213 1507 1212 1507
SAGSLOW 1213 1507 1212 1507
SAGSLOW 1211 1507 1212 1507
SAGSLOW 1212 1507 1212 1507
SAGSLOW 1210 1507 1212 1507
SAGSLOW 1211 1507 1212 1507
SAGSLOW 1213 1507 1212 1507
SAGSLOW 1210 1508 1212 1507
SAGSLOW 1210 1507 1212 1507
SAGSLOW 1215 1507 1212 1507
SAGSLOW 1209 1506 1212 1507
SAGSLOW 1207 1506 1212 1507
SAGSLOW 1210 1507 1212 1507
SAGSLOW 1214 1507 1212 1507
SAGSLOW 1209 1507 1212 1507
SAGSLOW 1213 1507 1212 1507
SAGSLOW 1211 1506 1212 1507
SAGSLOW 1211 1506 1212 1507
SAGSLOW 1213 1507 1212 1507
SAGSLOW 1210 1506 1212 1507
SAGSLOW 1210 1507 1212 1507
SAGSLOW 1211 1507 1212 1507
SAGSLOW 1210 1507 1212 1507
SAGSLOW 1212 1506 1212 1507
SAGSLOW 1214 1507 1212 1507
SAGSLOW 1212 1507 1212 1507
SAGSLOW 1213 1507 1212 1507
SAGSLOW 1211 1507 1212 1507
SAGSLOW 1212 1507 1212 1507
SAGSLOW 1209 1507 1212 1507
SAGSLOW 1215 1508 1212 1507
SAGSLOW 1212 1507 1212 1507
SAGSLOW 1214 1508 1212 1507
SAGSLOW 1208 1507 1212 1507
SAGSLOW 1213 1508 1212 1507
SAGSLOW 1214 1507 1212 1507
SAGSLOW 1212 1507 1212 1507
SAGSLOW 1214 1507 1212 1507
SAGSLOW 1203 1507 1212 1507
SAGSLOW 1212 1506 1212 1507
SAGSLOW 1208 1506 1212 1507
SAGSLOW 1212 1507 1212 1507
SAGSLOW 1212 1506 1212 1507
SAGSLOW 1212 1507 1212 1507
SAGSLOW 1209 1507 1212 1507
SAGSLOW 1208 1506 1212 1507
SAGSLOW 1211 1507 1212 1507
SAGSLOW 1210 1507 1212 1507
SAGSLOW 1214 1507 1212 1507
SAGSLOW 1209 1508 1212 1507
SAGSLOW 1210 1507 1212 1507
SAGSLOW 1217 1507 1212 1507
SAGSLOW 1211 1507 1212 1507
SAGSLOW 1211 1507 1212 1507
SAGSLOW 1212 1506 1212 1507
SAGSLOW 1211 1506 1212 1507
SAGSLOW 1211 1507 1212 1507
SAGSLOW 1212 1507 1212 1507
SAGSLOW 1215 1507 1212 1507
SAGSLOW 1214 1507 1212 1507
SAGSLOW 1213 1507 1212 1507
SAGSLOW 1210 1507 1212 1507
SAGSLOW 1208 1507 1212 1507
SAGSLOW 1208 1508 1212 1507
SAGSLOW 1209 1506 1212 1507
SAGSLOW 1213 1507 1212 1507
SAGSLOW 1213 1507 1212 1507
SAGSLOW 1209 1508 1212 1507
SAGSLOW 1211 1507 1212 1507
SAGSLOW 1210 1506 1212 1507
SAGSLOW 1208 1507 1212 1507
SAGSLOW 1213 1507 1212 1507
SAGSLOW 1216 1506 1212 1507
SAGSLOW 1207 1506 1212 1507
SAGSLOW 1215 1507 1212 1507
SAGSLOW 1209 1507 1212 1507
SAGSLOW 1214 1506 1212 1507
SAGSLOW 1209 1507 1212 1507
SAGSLOW 1211 1507 1212 1507
SAGSLOW 1214 1507 1212 1507
SAGSLOW 1211 1507 1212 1507
SAGSLOW 1215 1507 1212 1507
SAGSLOW 1210 1506 1212 1507
SAGSLOW 1210 1506 1212 1507
SAGSLOW 1212 1507 1212 1507
SAGSLOW 1214 1507 1212 1507
SAGSLOW 1208 1507 1212 1507
SAGSLOW 1215 1507 1212 1507
SAGSLOW 1215 1507 1212 1507
SAGSLOW 1213 1506 1212 1507
SAGSLOW 1217 1507 1212 1507
SAGSLOW 1214 1507 1212 1507
SAGSLOW 1212 1507 1212 1507
SAGSLOW 1211 1506 1212 1507
SAGSLOW 1215 1508 1212 1507
SAGSLOW 1211 1507 1212 1507
SAGSLOW 1211 1507 1212 1507
SAGSLOW 1211 1507 1212 1507
SAGSLOW 1210 1507 1212 1507
SAGSLOW 1214 1507 1212 1507
SAGSLOW 1215 1507 1212 1507
SAGSLOW 1213 1507 1212 1507
SAGSLOW 1211 1507 1212 1507
SAGSLOW 1214 1507 1212 1507
SAGSLOW 1216 1506 1212 1507
SAGSLOW 1215 1507 1212 1507
SAGSLOW 1211 1506 1212 1507
SAGSLOW 1214 1507 1212 1507
SAGSLOW 1213 1506 1212 1507
SAGSLOW 1215 1506 1212 1507
SAGSLOW 1213 1507 1212 1507
SAGSLOW 1212 1507 1212 1507
SAGSLOW 1212 1507 1212 1507
SAGSLOW 1213 1507 1212 1507
SAGSLOW 1208 1507 1212 1507
SAGSLOW 1211 1507 1212 1507
SAGSLOW 1209 1506 1212 1507
SAGSLOW 1211 1507 1212 1507
SAGSLOW 1215 1507 1212 1507
SAGSLOW 1213 1507 1212 1507
SAGSLOW 1207 1508 1212 1507
SAGSLOW 1216 1508 1212 1507
SAGSLOW 1214 1507 1212 1507
SAGSLOW 1221 1506 1212 1507
SAGSLOW 1213 1508 1212 1507
SAGSLOW 1211 1508 1212 1507
SAGSLOW 1210 1506 1212 1507
SAGSLOW 1213 1507 1212 1507
SAGSLOW 1216 1508 1212 1507
SAGSLOW 1215 1508 1212 1507
SAGSLOW 1208 1507 1212 1507
SAGSLOW 1211 1508 1212 1507
SAGSLOW 1212 1507 1212 1507
SAGSLOW 1212 1508 1212 1507
SAGSLOW 1211 1507 1212 1507
SAGSLOW 1210 1506 1212 1507
SAGSLOW 1213 1507 1212 1507
SAGSLOW 1211 1507 1212 1507
SAGSLOW 1213 1507 1212 1507
SAGSLOW 1209 1507 1212 1507
SAGSLOW 1213 1507 1212 1507
SAGSLOW 1208 1507 1212 1507
SAGSLOW 1213 1507 1212 1507
SAGSLOW 1210 1506 1212 1507
SAGSLOW 1211 1507 1212 1507
SAGSLOW 1214 1507 1212 1507
SAGSLOW 1209 1507 1212 1507
SAGSLOW 1207 1507 1212 1507
SAGSLOW 1209 1507 1212 1507
SAGSLOW 1214 1507 1212 1507
SAGSLOW 1216 1507 1212 1507
SAGSLOW 1211 1508 1212 1507
SAGSLOW 1215 1507 1212 1507
SAGSLOW 1214 1506 1212 1507
SAGSLOW 1211 1507 1212 1507
SAGSLOW 1205 1506 1212 1507
SAGSLOW 1217 1506 1212 1507
SAGSLOW 1215 1507 1212 1507
SAGSLOW 1211 1507 1212 1507
SAGSLOW 1213 1507 1212 1507
SAGSLOW 1213 1506 1212 1507
SAGSLOW 1213 1508 1212 1507
SAGSLOW 1209 1507 1212 1507
SAGSLOW 1206 1507 1212 1507
SAGSLOW 1214 1508 1212 1507
SAGSLOW 1213 1507 1212 1507
SAGSLOW 1210 1508 1212 1507
SAGSLOW 1213 1506 1212 1507
SAGSLOW 1211 1507 1212 1507
SAGSLOW 1213 1507 1212 1507
SAGSLOW 1216 1507 1212 1507
SAGSLOW 1212 1508 1212 1507
SAGSLOW 1212 1507 1212 1507
SAGSLOW 1209 1507 1212 1507
SAGSLOW 1213 1506 1212 1507
SAGSLOW 1215 1507 1212 1507
SAGSLOW 1213 1507 1212 1507
SAGSLOW 1210 1507 1212 1507
SAGSLOW 1212 1507 1212 1507
SAGSLOW 1211 1506 1212 1507
SAGSLOW 1217 1507 1212 1507
SAGSLOW 1215 1507 1212 1507
SAGSLOW 1213 1505 1212 1507
SAGSLOW 1214 1507 1212 1507
SAGSLOW 1212 1507 1212 1507
SAGSLOW 1209 1507 1212 1507
SAGSLOW 1212 1506 1212 1507
SAGSLOW 1215 1507 1212 1507
SAGSLOW 1212 1507 1212 1507
SAGSLOW 1213 1507 1212 1507
SAGSLOW 1215 1506 1212 1507
SAGSLOW 1210 1507 1212 1507
SAGSLOW 1209 1506 1212 1507
SAGSLOW 1215 1507 1212 1507
SAGSLOW 1212 1507 1212 1507
SAGSLOW 1212 1506 1212 1507
SAGSLOW 1211 1507 1212 1507
SAGSLOW 1212 1507 1212 1507
SAGSLOW 1213 1507 1212 1507
SAGSLOW 1213 1507 1212 1507
SAGSLOW 1211 1508 1212 1507
SAGSLOW 1214 1507 1212 1507
SAGSLOW 1211 1508 1212 1507
SAGSLOW 1215 1507 1212 1507
SAGSLOW 1219 1507 1212 1507
SAGSLOW 1212 1507 1212 1507
SAGSLOW 1214 1507 1212 1507
SAGSLOW 1209 1506 1212 1507
SAGSLOW 1212 1507 1212 1507
SAGSLOW 1213 1507 1212 1507
SAGSLOW 1213 1507 1212 1507
SAGSLOW 1213 1506 1212 1507
SAGSLOW 1211 1507 1212 1507
SAGSLOW 1212 1507 1212 1507
SAGSLOW 1212 1507 1212 1507
SAGSLOW 1215 1507 1212 1507
SAGSLOW 1213 1506 1212 1507
SAGSLOW 1215 1507 1212 1507
SAGSLOW 1206 1507 1212 1507
SAGSLOW 1213 1506 1212 1507
SAGSLOW 1214 1507 1212 1507
SAGSLOW 1211 1507 1212 1507
SAGSLOW 1214 1507 1212 1507
SAGSLOW 1213 1506 1212 1507
SAGSLOW 1213 1507 1212 1507
SAGSLOW 1213 1507 1212 1507
SAGSLOW 1214 1506 1212 1507
SAGSLOW 1212 1506 1212 1507
SAGSLOW 1212 1507 1212 1507
SAGSLOW 1219 1507 1212 1507
SAGSLOW 1216 1507 1212 1507
SAGSLOW 1210 1507 1212 1507
SAGSLOW 1211 1507 1212 1507
SAGSLOW 1208 1507 1212 1507
SAGSLOW 1213 1507 1212 1507
SAGSLOW 1213 1507 1212 1507
SAGSLOW 1209 1507 1212 1507
SAGSLOW 1211 1506 1212 1507
SAGSLOW 1211 1507 1212 1507
SAGSLOW 1212 1507 1212 1507
SAGSLOW 1213 1507 1212 1507
SAGSLOW 1215 1507 1212 1507
SAGSLOW 1209 1507 1212 1507
SAGSLOW 1208 1507 1212 1507
SAGSLOW 1214 1507 1212 1507
SAGSLOW 1212 1507 1212 1507
SAGSLOW 1213 1507 1212 1507
SAGSLOW 1215 1507 1212 1507
SAGSLOW 1212 1507 1212 1507
SAGSLOW 1212 1506 1212 1507
SAGSLOW 1211 1506 1212 1507
SAGSLOW 1211 1507 1212 1507
SAGSLOW 1211 1507 1212 1507
SAGSLOW 1211 1507 1212 1507
SAGSLOW 1195 1507 1212 1507
SAGEND
