# elf_sha256 C1F71104EA003157F01636E59E651087C8D8C0853AA1A332FDA1318227A3B8C5
# started 2026-09-24T00:53:42
BEMFRUN handoff_ehz=200 target_duty_tenths=250 advance_level=20 total_ms=80000 inject=0
PREFLIGHT moe=0 ccr1=0 ccr2=0 ccr3=0 gates_low=1 en=0 nfault=1 verdict=PASS
POSTSTOP
PREFLIGHT moe=0 ccr1=0 ccr2=0 ccr3=0 gates_low=1 en=0 nfault=1 verdict=PASS
BEMFDONE reason=2 accepted=517538 forced=0 zc_acc=517538 too_early=0 unstable=1681621 ci_us=140 bus_ref=1216 bus_min=1128
BEMFSAG ref_bus=1216 ref_vref=1504 filt_bus=1210 filt_vref=1505 streak=0 tripped=0
BEMFGATE closed_ms=74776 hold_ms=67276 target_tenths=250 zc_per_s=6921 comm_per_s=6921 ehz_from_ci_last=1190 forced_pct=0
BEMFRATE hold_ms=67276 hold_accepted=482075 hold_forced=0 mean_ci_us=139 mean_sector_us=139 ehz_from_sector=1199 zc_per_s=7165 zc_expected_per_s=7194 zc_rate_permille_of_expected=995 hold_forced_pct=0
BEMFTAIL accepts=23474 span_us=3273574 start_before_stop_us=3273683 end_before_stop_us=109 window_us=2000000
BEMFRCOMP spent_max_us=11 late_arms=0 com_preempts=0 com_arm_preempts=0
BEMFSECTOR a1=65535 f1=0 a2=65535 f2=0 a3=65535 f3=0 a4=65535 f4=0 a5=65535 f5=0 a6=65535 f6=0
BEMFPHASE lt075=1752 to100=65535 to125=65535 to150=1974 gt150=0
BEMFREVISIT r1=5115 v1=5116 r2=8975 v2=8975 r3=12153 v3=12153 r4=9563 v4=9562 r5=10966 v5=10966 r6=15512 v6=15511
BEMFDRIVEN entered=1 epochs=21 accepts=13 early=16 unstable=283 defers=2 retries=0 late_max_us=17 qual_intervals=12 qual_reanchors=0 qual_fault=0 fail=0 seeded=1 seed_step=3 seed_us=756 commanded_us=833 irq_peak_per_ms=53 closed_irq_peak_per_ms=63 storm=0 storm_step=0 cap_armed=1 comp_call_max_us=16 overrun=0 blank_arms=517539 blank_latched=0 com_count=517539 com_late_max_us=6
BEMFGUARD reason=0 ticks=786939 gap_max_us=109 track_fault=0 track_max_us=381 fast_events=508697 fast_min_us=85 loop_iters_closed=2979405 loop_gap_max_us=158 acquire_us=16804
BEMFDRVROWS 9:3:7708:922 10:4:648:634 11:5:851:747 12:6:624:558 13:1:721:436 14:2:705:323 15:3:768:237 16:4:628:37
BEMFDRVROWS 17:5:820:17 18:6:881:76 19:1:783:13 20:2:817:17 21:3:835:14
BEMFCURRENT blocks=7869 mean_residual=2610 mean_ma=327 hold_blocks=6660 hold_ma=353 zero_blocks=50 zero_start=618472 zero_end=616635 zero_drift_ma=-230 ref_ma=326 duty_tenths=250
BEMFWITNESS samples=183527 bemf_min=0 bemf_max=0 mid=0 mid_fixed=0 alt=0 hyst_codes=12 driven_rotation=0
vsenc_min=0 vsenc_max=0 star_min=0 star_max=0 bus_ref=1216
BEMFCOAST reason=2 pp_first=0 pp_last=0 crossings=0 spun=1 comp_edges=1480 comp_hi=382688 comp_polls=549118
COASTTIMING trans=944 offset_us=38 first_us=139 iv_us=409,427,412,429,411,429,415,432 ehz_first=1222
SAGSNAP judged=786908 fast_len=512 slow_len=1024 slow_every=32 frozen=1 num=95 den=100 streak_to_latch=3 adc_rail=4095
SAGROW 20462 1208 1505 1210 1505 0 6 250 41
SAGROW 20579 1208 1506 1210 1505 0 1 250 158
SAGROW 20650 1206 1506 1210 1505 0 2 250 96
SAGROW 20754 1206 1506 1210 1505 0 3 250 61
SAGROW 20858 1208 1506 1210 1505 0 3 250 165
SAGROW 20963 1210 1506 1210 1505 0 4 250 129
SAGROW 21060 1210 1505 1210 1505 0 5 250 80
SAGROW 21167 1210 1505 1210 1505 0 6 250 52
SAGROW 21291 1211 1505 1210 1505 0 6 250 39
SAGROW 21379 1211 1505 1210 1505 0 1 250 127
SAGROW 21456 1212 1505 1210 1505 0 2 250 69
SAGROW 21568 1213 1505 1210 1505 0 2 250 181
SAGROW 21653 1214 1505 1210 1505 0 3 250 113
SAGROW 21783 1213 1504 1210 1505 0 4 250 110
SAGROW 21856 1214 1504 1210 1505 0 5 250 51
SAGROW 21982 1215 1504 1210 1505 0 5 250 178
SAGROW 22074 1214 1504 1210 1505 0 6 250 116
SAGROW 22185 1213 1504 1210 1505 0 1 250 93
SAGROW 22272 1219 1505 1210 1505 0 2 250 52
SAGROW 22388 1217 1505 1210 1505 0 2 250 169
SAGROW 22479 1216 1505 1210 1505 0 3 250 114
SAGROW 22578 1215 1505 1210 1505 0 4 250 72
SAGROW 22685 1214 1505 1210 1505 0 4 250 180
SAGROW 22772 1213 1504 1210 1505 0 5 250 125
SAGROW 22882 1213 1504 1210 1505 0 6 250 100
SAGROW 22982 1213 1504 1210 1505 0 1 250 61
SAGROW 23094 1207 1504 1210 1505 0 1 250 172
SAGROW 23180 1208 1504 1210 1505 0 2 250 127
SAGROW 23279 1207 1504 1210 1505 0 3 250 79
SAGROW 23378 1207 1504 1210 1505 0 3 250 178
SAGROW 23511 1208 1504 1210 1505 0 4 250 160
SAGROW 23583 1207 1505 1210 1505 0 5 250 112
SAGROW 23676 1208 1505 1210 1505 0 6 250 52
SAGROW 23779 1207 1504 1210 1505 0 6 250 155
SAGROW 23905 1206 1505 1210 1505 0 1 250 150
SAGROW 23991 1206 1505 1210 1505 0 2 250 104
SAGROW 24084 1206 1504 1210 1505 0 3 250 51
SAGROW 24216 1205 1504 1210 1505 0 3 250 41
SAGROW 24303 1204 1504 1210 1505 0 4 250 128
SAGROW 24386 1205 1504 1210 1505 0 5 250 72
SAGROW 24501 1206 1504 1210 1505 0 5 250 43
SAGROW 24589 1206 1504 1210 1505 0 6 250 131
SAGROW 24708 1207 1504 1210 1505 0 1 250 113
SAGROW 24786 1209 1504 1210 1505 0 2 250 53
SAGROW 24907 1209 1504 1210 1505 0 2 250 40
SAGROW 24995 1210 1505 1210 1505 0 3 250 122
SAGROW 25113 1209 1504 1210 1505 0 4 250 102
SAGROW 25198 1209 1504 1210 1505 0 5 250 61
SAGROW 25330 1207 1505 1210 1505 0 5 250 39
SAGROW 25410 1207 1504 1210 1505 0 6 250 119
SAGROW 25500 1208 1504 1210 1505 0 1 250 74
SAGROW 25613 1206 1504 1210 1505 0 1 250 186
SAGROW 25713 1207 1504 1210 1505 0 2 250 144
SAGROW 25796 1206 1504 1210 1505 0 3 250 96
SAGROW 25908 1207 1504 1210 1505 0 4 250 65
SAGROW 26025 1205 1504 1210 1505 0 4 250 182
SAGROW 26111 1206 1504 1210 1505 0 5 250 128
SAGROW 26200 1205 1504 1210 1505 0 6 250 70
SAGROW 26308 1204 1504 1210 1505 0 6 250 46
SAGROW 26426 1205 1504 1210 1505 0 1 250 163
SAGROW 26511 1204 1504 1210 1505 0 2 250 109
SAGROW 26614 1205 1504 1210 1505 0 3 250 73
SAGROW 26728 1205 1504 1210 1505 0 3 250 43
SAGROW 26843 1208 1504 1210 1505 0 4 250 157
SAGROW 26914 1209 1504 1210 1505 0 5 250 89
SAGROW 27013 1211 1504 1210 1505 0 6 250 51
SAGROW 27129 1211 1504 1210 1505 0 6 250 153
SAGROW 27254 1211 1504 1210 1505 0 1 250 137
SAGROW 27319 1212 1504 1210 1505 0 2 250 82
SAGROW 27424 1214 1504 1210 1505 0 3 250 45
SAGROW 27534 1215 1504 1210 1505 0 3 250 154
SAGROW 27632 1212 1504 1210 1505 0 4 250 122
SAGROW 27723 1212 1505 1210 1505 0 5 250 64
SAGROW 27827 1211 1505 1210 1505 0 5 250 168
SAGROW 27938 1212 1505 1210 1505 0 6 250 107
SAGROW 28043 1212 1505 1210 1505 0 1 250 95
SAGROW 28128 1210 1505 1210 1505 0 2 250 56
SAGROW 28261 1209 1505 1210 1505 0 2 250 40
SAGROW 28329 1208 1505 1210 1505 0 3 250 109
SAGROW 28443 1209 1505 1210 1505 0 4 250 90
SAGROW 28536 1209 1504 1210 1505 0 5 250 46
SAGROW 28651 1210 1504 1210 1505 0 5 250 162
SAGROW 28737 1212 1505 1210 1505 0 6 250 104
SAGROW 28835 1211 1504 1210 1505 0 1 250 64
SAGROW 28946 1212 1504 1210 1505 0 1 250 175
SAGROW 29032 1212 1504 1210 1505 0 2 250 125
SAGROW 29150 1212 1504 1210 1505 0 3 250 98
SAGROW 29253 1212 1504 1210 1505 0 4 250 61
SAGROW 29367 1212 1504 1210 1505 0 4 250 174
SAGROW 29439 1210 1504 1210 1505 0 5 250 95
SAGROW 29535 1202 1504 1210 1505 0 6 250 67
SAGROW 29656 1203 1504 1210 1505 0 6 250 39
SAGROW 29773 1202 1504 1210 1505 0 1 250 149
SAGROW 29856 1203 1504 1210 1505 0 2 250 117
SAGROW 29947 1204 1504 1210 1505 0 3 250 60
SAGROW 30065 1203 1505 1210 1505 0 3 250 42
SAGROW 30154 1203 1505 1210 1505 0 4 250 131
SAGROW 30252 1203 1505 1210 1505 0 5 250 87
SAGROW 30356 1209 1505 1210 1505 0 6 250 54
SAGROW 30459 1209 1505 1210 1505 0 6 250 158
SAGROW 30585 1209 1505 1210 1505 0 1 250 145
SAGROW 30652 1210 1505 1210 1505 0 2 250 80
SAGROW 30770 1209 1505 1210 1505 0 2 250 42
SAGROW 30852 1210 1505 1210 1505 0 3 250 124
SAGROW 30968 1209 1504 1210 1505 0 4 250 96
SAGROW 31053 1210 1504 1210 1505 0 5 250 63
SAGROW 31165 1210 1505 1210 1505 0 5 250 175
SAGROW 31256 1210 1504 1210 1505 0 6 250 112
SAGROW 31374 1209 1504 1210 1505 0 1 250 92
SAGROW 31473 1208 1504 1210 1505 0 2 250 53
SAGROW 31570 1209 1504 1210 1505 0 2 250 150
SAGROW 31661 1208 1504 1210 1505 0 3 250 109
SAGROW 31768 1210 1504 1210 1505 0 4 250 71
SAGROW 31877 1210 1504 1210 1505 0 5 250 53
SAGROW 31966 1211 1504 1210 1505 0 5 250 143
SAGROW 32069 1212 1504 1210 1505 0 6 250 91
SAGROW 32175 1212 1505 1210 1505 0 1 250 58
SAGROW 32293 1212 1505 1210 1505 0 1 250 177
SAGROW 32379 1212 1505 1210 1505 0 2 250 124
SAGROW 32476 1212 1505 1210 1505 0 3 250 90
SAGROW 32590 1211 1505 1210 1505 0 4 250 60
SAGROW 32709 1210 1505 1210 1505 0 4 250 179
SAGROW 32775 1210 1505 1210 1505 0 5 250 105
SAGROW 32872 1209 1505 1210 1505 0 6 250 56
SAGROW 32992 1210 1505 1210 1505 0 6 250 43
SAGROW 33082 1210 1505 1210 1505 0 1 250 134
SAGROW 33174 1209 1505 1210 1505 0 2 250 84
SAGROW 33272 1209 1505 1210 1505 0 2 250 46
SAGROW 33404 1209 1505 1210 1505 0 3 250 41
SAGROW 33500 1210 1505 1210 1505 0 4 250 137
SAGROW 33583 1209 1504 1210 1505 0 5 250 71
SAGROW 33688 1209 1504 1210 1505 0 5 250 176
SAGROW 33806 1207 1504 1210 1505 0 6 250 155
SAGROW 33900 1207 1504 1210 1505 0 1 250 110
SAGROW 33984 1208 1504 1210 1505 0 2 250 58
SAGROW 34094 1209 1504 1210 1505 0 2 250 168
SAGROW 34220 1209 1504 1210 1505 0 3 250 146
SAGROW 34299 1208 1504 1210 1505 0 4 250 94
SAGROW 34403 1208 1504 1210 1505 0 4 250 199
SAGROW 34504 1209 1505 1210 1505 0 5 250 142
SAGROW 34608 1209 1505 1210 1505 0 6 250 124
SAGROW 34701 1212 1505 1210 1505 0 1 250 78
SAGROW 34806 1211 1505 1210 1505 0 1 250 182
SAGROW 34918 1211 1505 1210 1505 0 2 250 130
SAGROW 35002 1210 1505 1210 1505 0 3 250 95
SAGROW 35105 1211 1505 1210 1505 0 4 250 61
SAGROW 35217 1211 1505 1210 1505 0 4 250 172
SAGROW 35309 1211 1505 1210 1505 0 5 250 133
SAGROW 35400 1213 1505 1210 1505 0 6 250 80
SAGROW 35518 1209 1505 1210 1505 0 1 250 61
SAGROW 35631 1209 1505 1210 1505 0 1 250 174
SAGROW 35697 1206 1506 1210 1505 0 2 250 105
SAGROW 35801 1208 1506 1210 1505 0 3 250 65
SAGROW 35916 1207 1505 1210 1505 0 3 250 44
SAGROW 36025 1207 1505 1210 1505 0 4 250 154
SAGROW 36111 1206 1504 1210 1505 0 5 250 102
SAGROW 36203 1205 1504 1210 1505 0 6 250 49
SAGROW 36318 1206 1504 1210 1505 0 6 250 163
SAGROW 36417 1205 1504 1210 1505 0 1 250 125
SAGROW 36508 1207 1504 1210 1505 0 2 250 84
SAGROW 36621 1206 1504 1210 1505 0 3 250 50
SAGROW 36748 1205 1504 1210 1505 0 3 250 178
SAGROW 36834 1206 1504 1210 1505 0 4 250 111
SAGROW 36911 1207 1504 1210 1505 0 5 250 68
SAGROW 37022 1207 1504 1210 1505 0 5 250 179
SAGROW 37113 1208 1505 1210 1505 0 6 250 118
SAGROW 37243 1210 1505 1210 1505 0 1 250 111
SAGROW 37322 1211 1505 1210 1505 0 2 250 65
SAGROW 37448 1212 1505 1210 1505 0 2 250 42
SAGROW 37535 1214 1505 1210 1505 0 3 250 129
SAGROW 37635 1214 1505 1210 1505 0 4 250 87
SAGROW 37728 1213 1505 1210 1505 0 5 250 52
SAGROW 37818 1212 1505 1210 1505 0 5 250 142
SAGROW 37939 1213 1505 1210 1505 0 6 250 111
SAGROW 38026 1212 1505 1210 1505 0 1 250 57
SAGROW 38151 1212 1505 1210 1505 0 1 250 46
SAGROW 38234 1212 1504 1210 1505 0 2 250 129
SAGROW 38330 1211 1504 1210 1505 0 3 250 92
SAGROW 38451 1211 1504 1210 1505 0 4 250 61
SAGROW 38549 1212 1504 1210 1505 0 4 250 159
SAGROW 38641 1213 1504 1210 1505 0 5 250 132
SAGROW 38727 1211 1504 1210 1505 0 6 250 64
SAGROW 38835 1211 1505 1210 1505 0 6 250 173
SAGROW 38962 1211 1504 1210 1505 0 1 250 154
SAGROW 39048 1209 1505 1210 1505 0 2 250 107
SAGROW 39133 1210 1505 1210 1505 0 3 250 62
SAGROW 39259 1209 1505 1210 1505 0 3 250 43
SAGROW 39368 1209 1505 1210 1505 0 4 250 152
SAGROW 39454 1210 1504 1210 1505 0 5 250 98
SAGROW 39553 1209 1504 1210 1505 0 6 250 51
SAGROW 39641 1208 1504 1210 1505 0 6 250 140
SAGROW 39766 1208 1505 1210 1505 0 1 250 110
SAGROW 39843 1208 1504 1210 1505 0 2 250 68
SAGROW 39958 1209 1504 1210 1505 0 3 250 46
SAGROW 40067 1210 1504 1210 1505 0 3 250 156
SAGROW 40167 1209 1504 1210 1505 0 4 250 118
SAGROW 40245 1208 1504 1210 1505 0 5 250 47
SAGROW 40374 1207 1504 1210 1505 0 5 250 176
SAGROW 40445 1209 1504 1210 1505 0 6 250 97
SAGROW 40559 1210 1504 1210 1505 0 1 250 74
SAGROW 40662 1210 1504 1210 1505 0 1 250 51
SAGROW 40784 1209 1505 1210 1505 0 2 250 172
SAGROW 40858 1207 1505 1210 1505 0 3 250 99
SAGROW 40965 1208 1504 1210 1505 0 4 250 83
SAGROW 41068 1208 1504 1210 1505 0 4 250 186
SAGROW 41161 1213 1504 1210 1505 0 5 250 132
SAGROW 41269 1212 1505 1210 1505 0 6 250 87
SAGROW 41369 1212 1504 1210 1505 0 1 250 60
SAGROW 41482 1212 1504 1210 1505 0 1 250 172
SAGROW 41568 1214 1504 1210 1505 0 2 250 126
SAGROW 41658 1214 1504 1210 1505 0 3 250 66
SAGROW 41773 1213 1504 1210 1505 0 4 250 59
SAGROW 41884 1214 1504 1210 1505 0 4 250 170
SAGROW 41975 1211 1504 1210 1505 0 5 250 113
SAGROW 42060 1211 1504 1210 1505 0 6 250 54
SAGROW 42186 1211 1504 1210 1505 0 6 250 41
SAGROW 42274 1212 1504 1210 1505 0 1 250 129
SAGROW 42377 1210 1504 1210 1505 0 2 250 90
SAGROW 42476 1211 1505 1210 1505 0 2 250 43
SAGROW 42589 1211 1505 1210 1505 0 3 250 156
SAGROW 42688 1211 1505 1210 1505 0 4 250 124
SAGROW 42785 1210 1505 1210 1505 0 5 250 90
SAGROW 42874 1211 1505 1210 1505 0 5 250 179
SAGROW 42998 1212 1505 1210 1505 0 6 250 149
SAGROW 43097 1212 1505 1210 1505 0 1 250 118
SAGROW 43172 1213 1505 1210 1505 0 2 250 52
SAGROW 43298 1212 1505 1210 1505 0 2 250 42
SAGROW 43386 1212 1505 1210 1505 0 3 250 124
SAGROW 43487 1210 1505 1210 1505 0 4 250 87
SAGROW 43580 1210 1505 1210 1505 0 5 250 51
SAGROW 43701 1210 1506 1210 1505 0 5 250 172
SAGROW 43792 1209 1505 1210 1505 0 6 250 110
SAGROW 43885 1208 1505 1210 1505 0 1 250 73
SAGROW 43994 1208 1506 1210 1505 0 2 250 50
SAGROW 44111 1209 1506 1210 1505 0 2 250 167
SAGROW 44202 1211 1506 1210 1505 0 3 250 111
SAGROW 44294 1211 1506 1210 1505 0 4 250 61
SAGROW 44412 1212 1506 1210 1505 0 4 250 179
SAGROW 44498 1207 1505 1210 1505 0 5 250 128
SAGROW 44602 1207 1505 1210 1505 0 6 250 87
SAGROW 44699 1207 1505 1210 1505 0 6 250 184
SAGROW 44831 1208 1504 1210 1505 0 1 250 169
SAGROW 44897 1207 1504 1210 1505 0 2 250 107
SAGROW 44994 1206 1504 1210 1505 0 3 250 70
SAGROW 45111 1205 1504 1210 1505 0 3 250 180
SAGROW 45222 1204 1504 1210 1505 0 4 250 146
SAGROW 45307 1209 1503 1210 1505 0 5 250 100
SAGROW 45401 1211 1504 1210 1505 0 6 250 53
SAGROW 45527 1211 1504 1210 1505 0 6 250 43
SAGROW 45623 1210 1503 1210 1505 0 1 250 139
SAGROW 45700 1210 1504 1210 1505 0 2 250 71
SAGROW 45808 1210 1503 1210 1505 0 3 250 51
SAGROW 45898 1212 1503 1210 1505 0 3 250 142
SAGROW 46033 1212 1503 1210 1505 0 4 250 124
SAGROW 46104 1210 1504 1210 1505 0 5 250 63
SAGROW 46221 1209 1503 1210 1505 0 5 250 179
SAGROW 46334 1208 1503 1210 1505 0 6 250 133
SAGROW 46419 1207 1504 1210 1505 0 1 250 98
SAGROW 46512 1206 1503 1210 1505 0 2 250 51
SAGROW 46635 1207 1503 1210 1505 0 2 250 175
SAGROW 46707 1205 1503 1210 1505 0 3 250 97
SAGROW 46821 1205 1503 1210 1505 0 4 250 75
SAGROW 46933 1206 1503 1210 1505 0 4 250 50
SAGROW 47041 1207 1504 1210 1505 0 5 250 157
SAGROW 47126 1209 1504 1210 1505 0 6 250 106
SAGROW 47228 1208 1504 1210 1505 0 1 250 61
SAGROW 47341 1210 1504 1210 1505 0 1 250 47
SAGROW 47435 1207 1504 1210 1505 0 2 250 135
SAGROW 47521 1207 1504 1210 1505 0 3 250 65
SAGROW 47639 1208 1504 1210 1505 0 4 250 61
SAGROW 47765 1208 1504 1210 1505 0 4 250 48
SAGROW 47833 1208 1504 1210 1505 0 5 250 116
SAGROW 47925 1205 1504 1210 1505 0 6 250 58
SAGROW 48038 1205 1504 1210 1505 0 6 250 43
SAGROW 48155 1205 1504 1210 1505 0 1 250 160
SAGROW 48229 1206 1504 1210 1505 0 2 250 98
SAGROW 48333 1206 1504 1210 1505 0 3 250 63
SAGROW 48446 1207 1504 1210 1505 0 3 250 176
SAGROW 48543 1208 1504 1210 1505 0 4 250 133
SAGROW 48640 1207 1504 1210 1505 0 5 250 91
SAGROW 48744 1210 1504 1210 1505 0 5 250 44
SAGROW 48868 1211 1504 1210 1505 0 6 250 41
SAGROW 48957 1211 1504 1210 1505 0 1 250 129
SAGROW 49034 1212 1504 1210 1505 0 2 250 71
SAGROW 49149 1211 1504 1210 1505 0 2 250 43
SAGROW 49231 1212 1504 1210 1505 0 3 250 125
SAGROW 49360 1212 1504 1210 1505 0 4 250 112
SAGROW 49433 1214 1505 1210 1505 0 5 250 53
SAGROW 49549 1214 1505 1210 1505 0 5 250 168
SAGROW 49654 1212 1505 1210 1505 0 6 250 128
SAGROW 49747 1214 1505 1210 1505 0 1 250 81
SAGROW 49847 1214 1505 1210 1505 0 2 250 51
SAGROW 49968 1219 1505 1210 1505 0 2 250 171
SAGROW 50040 1219 1505 1210 1505 0 3 250 95
SAGROW 50152 1217 1505 1210 1505 0 4 250 70
SAGROW 50260 1216 1505 1210 1505 0 4 250 177
SAGROW 50373 1213 1505 1210 1505 0 5 250 150
SAGROW 50459 1214 1505 1210 1505 0 6 250 101
SAGROW 50558 1211 1505 1210 1505 0 1 250 62
SAGROW 50670 1213 1505 1210 1505 0 1 250 174
SAGROW 50755 1210 1505 1210 1505 0 2 250 126
SAGROW 50854 1209 1505 1210 1505 0 3 250 77
SAGROW 50958 1209 1505 1210 1505 0 3 250 42
SAGROW 51083 1211 1505 1210 1505 0 4 250 167
SAGROW 51169 1212 1504 1210 1505 0 5 250 122
SAGROW 51260 1212 1504 1210 1505 0 6 250 59
SAGROW 51379 1214 1504 1210 1505 0 6 250 39
SAGROW 51480 1208 1504 1210 1505 0 1 250 141
SAGROW 51566 1207 1504 1210 1505 0 2 250 103
SAGROW 51658 1208 1504 1210 1505 0 3 250 49
SAGROW 51780 1207 1504 1210 1505 0 3 250 170
SAGROW 51878 1206 1504 1210 1505 0 4 250 117
SAGROW 51961 1204 1505 1210 1505 0 5 250 71
SAGROW 52077 1203 1505 1210 1505 0 5 250 43
SAGROW 52198 1202 1505 1210 1505 0 6 250 164
SAGROW 52283 1206 1505 1210 1505 0 1 250 111
SAGROW 52362 1205 1505 1210 1505 0 2 250 51
SAGROW 52471 1205 1505 1210 1505 0 2 250 160
SAGROW 52582 1205 1505 1210 1505 0 3 250 137
SAGROW 52682 1204 1505 1210 1505 0 4 250 86
SAGROW 52767 1208 1505 1210 1505 0 5 250 53
SAGROW 52888 1210 1505 1210 1505 0 5 250 174
SAGROW 52978 1211 1505 1210 1505 0 6 250 112
SAGROW 53097 1211 1505 1210 1505 0 1 250 90
SAGROW 53190 1213 1505 1210 1505 0 2 250 46
SAGROW 53300 1214 1505 1210 1505 0 2 250 156
SAGROW 53391 1215 1505 1210 1505 0 3 250 115
SAGROW 53484 1216 1505 1210 1505 0 4 250 63
SAGROW 53598 1215 1505 1210 1505 0 4 250 51
SAGROW 53688 1214 1505 1210 1505 0 5 250 141
SAGROW 53790 1214 1504 1210 1505 0 6 250 91
SAGROW 53895 1215 1504 1210 1505 0 1 250 56
SAGROW 54019 1214 1505 1210 1505 0 1 250 179
SAGROW 54085 1214 1505 1210 1505 0 2 250 106
SAGROW 54182 1211 1505 1210 1505 0 3 250 73
SAGROW 54303 1211 1505 1210 1505 0 3 250 40
SAGROW 54412 1211 1505 1210 1505 0 4 250 149
SAGROW 54497 1212 1505 1210 1505 0 5 250 106
SAGROW 54597 1211 1505 1210 1505 0 6 250 54
SAGROW 54695 1209 1505 1210 1505 0 6 250 151
SAGROW 54808 1208 1505 1210 1505 0 1 250 137
SAGROW 54899 1205 1505 1210 1505 0 2 250 86
SAGROW 54991 1206 1505 1210 1505 0 3 250 50
SAGROW 55107 1206 1505 1210 1505 0 3 250 165
SAGROW 55206 1207 1505 1210 1505 0 4 250 119
SAGROW 55305 1206 1505 1210 1505 0 5 250 77
SAGROW 55393 1207 1505 1210 1505 0 5 250 165
SAGROW 55518 1207 1505 1210 1505 0 6 250 151
SAGROW 55615 1209 1505 1210 1505 0 1 250 110
SAGROW 55700 1211 1505 1210 1505 0 2 250 53
SAGROW 55822 1211 1505 1210 1505 0 2 250 175
SAGROW 55913 1210 1506 1210 1505 0 3 250 117
SAGROW 56024 1210 1506 1210 1505 0 4 250 96
SAGROW 56111 1208 1505 1210 1505 0 4 250 52
SAGROW 56244 1207 1505 1210 1505 0 5 250 38
SAGROW 56326 1207 1505 1210 1505 0 6 250 115
SAGROW 56411 1204 1505 1210 1505 0 1 250 72
SAGROW 56533 1206 1505 1210 1505 0 1 250 193
SAGROW 56644 1205 1505 1210 1505 0 2 250 154
SAGROW 56716 1206 1504 1210 1505 0 3 250 81
SAGROW 56818 1205 1504 1210 1505 0 4 250 57
SAGROW 56935 1206 1505 1210 1505 0 4 250 174
SAGROW 57021 1206 1505 1210 1505 0 5 250 101
SAGROW 57123 1206 1504 1210 1505 0 6 250 84
SAGROW 57222 1209 1504 1210 1505 0 6 250 43
SAGROW 57339 1209 1505 1210 1505 0 1 250 160
SAGROW 57430 1209 1504 1210 1505 0 2 250 116
SAGROW 57515 1208 1505 1210 1505 0 3 250 53
SAGROW 57643 1211 1505 1210 1505 0 4 250 57
SAGROW 57768 1211 1505 1210 1505 0 4 250 183
SAGROW 57834 1211 1505 1210 1505 0 5 250 101
SAGROW 57927 1212 1505 1210 1505 0 6 250 53
SAGROW 58054 1211 1505 1210 1505 0 6 250 40
SAGROW 58143 1210 1505 1210 1505 0 1 250 129
SAGROW 58234 1209 1505 1210 1505 0 2 250 86
SAGROW 58333 1209 1505 1210 1505 0 2 250 44
SAGROW 58442 1208 1505 1210 1505 0 3 250 154
SAGROW 58541 1209 1505 1210 1505 0 4 250 121
SAGROW 58631 1208 1505 1210 1505 0 5 250 56
SAGROW 58751 1208 1505 1210 1505 0 5 250 42
SAGROW 58833 1207 1505 1210 1505 0 6 250 125
SAGROW 58958 1208 1506 1210 1505 0 1 250 112
SAGROW 59030 1207 1505 1210 1505 0 2 250 49
SAGROW 59151 1208 1505 1210 1505 0 2 250 169
SAGROW 59242 1207 1505 1210 1505 0 3 250 111
SAGROW 59341 1206 1505 1210 1505 0 4 250 62
SAGROW 59448 1207 1506 1210 1505 0 5 250 49
SAGROW 59563 1207 1506 1210 1505 0 5 250 164
SAGROW 59648 1206 1505 1210 1505 0 6 250 105
SAGROW 59747 1208 1505 1210 1505 0 1 250 66
SAGROW 59858 1209 1505 1210 1505 0 1 250 177
SAGROW 59951 1208 1506 1210 1505 0 2 250 128
SAGROW 60054 1208 1506 1210 1505 0 3 250 91
SAGROW 60160 1207 1505 1210 1505 0 4 250 59
SAGROW 60272 1207 1505 1210 1505 0 4 250 171
SAGROW 60363 1208 1505 1210 1505 0 5 250 131
SAGROW 60457 1209 1505 1210 1505 0 6 250 79
SAGROW 60552 1209 1505 1210 1505 0 6 250 174
SAGROW 60673 1208 1505 1210 1505 0 1 250 159
SAGROW 60764 1210 1505 1210 1505 0 2 250 117
SAGROW 60849 1209 1505 1210 1505 0 3 250 54
SAGROW 60956 1210 1505 1210 1505 0 3 250 161
SAGROW 61082 1209 1505 1210 1505 0 4 250 147
SAGROW 61167 1209 1505 1210 1505 0 5 250 102
SAGROW 61260 1209 1505 1210 1505 0 6 250 49
SAGROW 61375 1208 1504 1210 1505 0 6 250 164
SAGROW 61474 1208 1504 1210 1505 0 1 250 124
SAGROW 61566 1206 1504 1210 1505 0 2 250 85
SAGROW 61678 1209 1504 1210 1505 0 3 250 51
SAGROW 61794 1210 1504 1210 1505 0 3 250 167
SAGROW 61893 1210 1504 1210 1505 0 4 250 114
SAGROW 61970 1209 1504 1210 1505 0 5 250 71
SAGROW 62092 1211 1504 1210 1505 0 5 250 38
SAGROW 62171 1210 1504 1210 1505 0 6 250 118
SAGROW 62282 1210 1504 1210 1505 0 1 250 99
SAGROW 62375 1212 1505 1210 1505 0 2 250 51
SAGROW 62478 1212 1504 1210 1505 0 2 250 154
SAGROW 62589 1211 1504 1210 1505 0 3 250 123
SAGROW 62681 1211 1505 1210 1505 0 4 250 69
SAGROW 62784 1211 1505 1210 1505 0 4 250 52
SAGROW 62873 1210 1505 1210 1505 0 5 250 142
SAGROW 62976 1211 1504 1210 1505 0 6 250 91
SAGROW 63089 1212 1504 1210 1505 0 1 250 72
SAGROW 63201 1211 1504 1210 1505 0 1 250 184
SAGROW 63287 1210 1504 1210 1505 0 2 250 125
SAGROW 63383 1212 1504 1210 1505 0 3 250 90
SAGROW 63497 1212 1504 1210 1505 0 4 250 59
SAGROW 63611 1212 1504 1210 1505 0 4 250 47
SAGROW 63699 1210 1504 1210 1505 0 5 250 134
SAGROW 63784 1210 1505 1210 1505 0 6 250 65
SAGROW 63906 1211 1505 1210 1505 0 1 250 55
SAGROW 64031 1211 1505 1210 1505 0 1 250 179
SAGROW 64097 1213 1505 1210 1505 0 2 250 104
SAGROW 64182 1211 1505 1210 1505 0 3 250 54
SAGROW 64302 1212 1505 1210 1505 0 3 250 175
SAGROW 64407 1211 1505 1210 1505 0 4 250 130
SAGROW 64491 1215 1505 1210 1505 0 5 250 71
SAGROW 64598 1215 1505 1210 1505 0 5 250 177
SAGROW 64708 1214 1505 1210 1505 0 6 250 149
SAGROW 64802 1216 1504 1210 1505 0 1 250 113
SAGROW 64898 1213 1504 1210 1505 0 2 250 70
SAGROW 65007 1213 1504 1210 1505 0 3 250 46
SAGROW 65122 1213 1503 1210 1505 0 3 250 162
SAGROW 65222 1214 1503 1210 1505 0 4 250 117
SAGROW 65305 1211 1503 1210 1505 0 5 250 52
SAGROW 65420 1210 1503 1210 1505 0 5 250 166
SAGROW 65503 1208 1503 1210 1505 0 6 250 98
SAGROW 70 1206 1503 1210 1505 0 1 250 61
SAGROW 177 1208 1503 1210 1505 0 2 250 49
SAGROW 293 1209 1503 1210 1505 0 2 250 165
SAGROW 380 1208 1504 1210 1505 0 3 250 113
SAGROW 473 1207 1504 1210 1505 0 4 250 70
SAGROW 601 1207 1504 1210 1505 0 4 250 51
SAGROW 670 1207 1504 1210 1505 0 5 250 119
SAGROW 772 1208 1505 1210 1505 0 6 250 84
SAGROW 891 1209 1505 1210 1505 0 1 250 62
SAGROW 1012 1207 1505 1210 1505 0 1 250 49
SAGROW 1080 1205 1505 1210 1505 0 2 250 117
SAGROW 1170 1207 1505 1210 1505 0 3 250 59
SAGROW 1283 1207 1505 1210 1505 0 3 250 171
SAGROW 1422 1208 1505 1210 1505 0 4 250 176
SAGROW 1494 1208 1505 1210 1505 0 5 250 110
SAGROW 1585 1208 1505 1210 1505 0 6 250 64
SAGROW 1689 1209 1504 1210 1505 0 6 250 167
SAGROW 1815 1210 1504 1210 1505 0 1 250 153
SAGROW 1881 1210 1504 1210 1505 0 2 250 83
SAGROW 2000 1210 1505 1210 1505 0 3 250 53
SAGROW 2103 1213 1505 1210 1505 0 3 250 156
SAGROW 2207 1214 1505 1210 1505 0 4 250 130
SAGROW 2290 1215 1505 1210 1505 0 5 250 67
SAGROW 2396 1215 1505 1210 1505 0 5 250 172
SAGROW 2487 1214 1505 1210 1505 0 6 250 118
SAGROW 2601 1215 1505 1210 1505 0 1 250 93
SAGROW 2685 1215 1505 1210 1505 0 2 250 55
SAGROW 2817 1214 1505 1210 1505 0 2 250 38
SAGROW 2899 1211 1505 1210 1505 0 3 250 120
SAGROW 3010 1211 1505 1210 1505 0 4 250 93
SAGROW 3102 1211 1505 1210 1505 0 5 250 52
SAGROW 3205 1211 1505 1210 1505 0 5 250 142
SAGROW 3309 1212 1505 1210 1505 0 6 250 115
SAGROW 3401 1210 1505 1210 1505 0 1 250 70
SAGROW 3509 1212 1505 1210 1505 0 2 250 46
SAGROW 3624 1213 1505 1210 1505 0 2 250 161
SAGROW 3708 1212 1505 1210 1505 0 3 250 97
SAGROW 3811 1212 1505 1210 1505 0 4 250 60
SAGROW 3923 1211 1504 1210 1505 0 4 250 172
SAGROW 4014 1209 1505 1210 1505 0 5 250 132
SAGROW 4113 1208 1505 1210 1505 0 6 250 78
SAGROW 4211 1209 1505 1210 1505 0 6 250 44
SAGROW 4346 1208 1505 1210 1505 0 1 250 49
SAGROW 4414 1207 1506 1210 1505 0 2 250 117
SAGROW 4511 1208 1505 1210 1505 0 3 250 67
SAGROW 4613 1208 1506 1210 1505 0 3 250 169
SAGROW 4739 1208 1506 1210 1505 0 4 250 154
SAGROW 4829 1213 1506 1210 1505 0 5 250 115
SAGROW 4922 1213 1506 1210 1505 0 6 250 52
SAGROW 5030 1213 1506 1210 1505 0 6 250 160
SAGROW 5142 1213 1505 1210 1505 0 1 250 134
SAGROW 5219 1213 1505 1210 1505 0 2 250 72
SAGROW 5328 1215 1505 1210 1505 0 3 250 51
SAGROW 5418 1214 1505 1210 1505 0 3 250 141
SAGROW 5553 1213 1505 1210 1505 0 4 250 117
SAGROW 5618 1212 1505 1210 1505 0 5 250 59
SAGROW 5744 1213 1505 1210 1505 0 5 250 42
SAGROW 5832 1214 1504 1210 1505 0 6 250 130
SAGROW 5936 1214 1505 1210 1505 0 1 250 98
SAGROW 6029 1216 1505 1210 1505 0 2 250 49
SAGROW 6138 1215 1505 1210 1505 0 2 250 159
SAGROW 6229 1215 1505 1210 1505 0 3 250 118
SAGROW 6335 1214 1504 1210 1505 0 4 250 81
SAGROW 6440 1214 1504 1210 1505 0 4 250 185
SAGROW 6533 1213 1504 1210 1505 0 5 250 138
SAGSLOW 1210 1505 1210 1505
SAGSLOW 1194 1505 1210 1505
SAGSLOW 1215 1504 1210 1505
SAGSLOW 1207 1505 1210 1505
SAGSLOW 1211 1505 1210 1505
SAGSLOW 1211 1505 1210 1505
SAGSLOW 1212 1505 1210 1505
SAGSLOW 1210 1504 1210 1505
SAGSLOW 1210 1505 1210 1505
SAGSLOW 1209 1504 1210 1505
SAGSLOW 1208 1505 1210 1505
SAGSLOW 1209 1505 1210 1505
SAGSLOW 1210 1504 1210 1505
SAGSLOW 1211 1505 1210 1505
SAGSLOW 1212 1505 1210 1505
SAGSLOW 1211 1505 1210 1505
SAGSLOW 1214 1504 1210 1505
SAGSLOW 1211 1505 1210 1505
SAGSLOW 1210 1505 1210 1505
SAGSLOW 1211 1505 1210 1505
SAGSLOW 1209 1504 1210 1505
SAGSLOW 1212 1505 1210 1505
SAGSLOW 1208 1505 1210 1505
SAGSLOW 1211 1505 1210 1505
SAGSLOW 1211 1504 1210 1505
SAGSLOW 1208 1505 1210 1505
SAGSLOW 1208 1504 1210 1505
SAGSLOW 1207 1504 1210 1505
SAGSLOW 1209 1505 1210 1505
SAGSLOW 1215 1504 1210 1505
SAGSLOW 1212 1504 1210 1505
SAGSLOW 1214 1504 1210 1505
SAGSLOW 1208 1505 1210 1505
SAGSLOW 1213 1505 1210 1505
SAGSLOW 1207 1505 1210 1505
SAGSLOW 1213 1504 1210 1505
SAGSLOW 1210 1504 1210 1505
SAGSLOW 1211 1504 1210 1505
SAGSLOW 1205 1505 1210 1505
SAGSLOW 1209 1505 1210 1505
SAGSLOW 1210 1505 1210 1505
SAGSLOW 1211 1505 1210 1505
SAGSLOW 1208 1505 1210 1505
SAGSLOW 1206 1504 1210 1505
SAGSLOW 1214 1504 1210 1505
SAGSLOW 1210 1505 1210 1505
SAGSLOW 1208 1504 1210 1505
SAGSLOW 1205 1504 1210 1505
SAGSLOW 1209 1505 1210 1505
SAGSLOW 1208 1505 1210 1505
SAGSLOW 1214 1505 1210 1505
SAGSLOW 1210 1505 1210 1505
SAGSLOW 1214 1506 1210 1505
SAGSLOW 1210 1504 1210 1505
SAGSLOW 1207 1504 1210 1505
SAGSLOW 1210 1504 1210 1505
SAGSLOW 1209 1505 1210 1505
SAGSLOW 1209 1505 1210 1505
SAGSLOW 1211 1505 1210 1505
SAGSLOW 1211 1504 1210 1505
SAGSLOW 1209 1505 1210 1505
SAGSLOW 1209 1505 1210 1505
SAGSLOW 1214 1506 1210 1505
SAGSLOW 1215 1505 1210 1505
SAGSLOW 1208 1505 1210 1505
SAGSLOW 1212 1505 1210 1505
SAGSLOW 1209 1504 1210 1505
SAGSLOW 1210 1504 1210 1505
SAGSLOW 1211 1504 1210 1505
SAGSLOW 1211 1505 1210 1505
SAGSLOW 1207 1506 1210 1505
SAGSLOW 1213 1506 1210 1505
SAGSLOW 1211 1504 1210 1505
SAGSLOW 1210 1504 1210 1505
SAGSLOW 1213 1505 1210 1505
SAGSLOW 1203 1504 1210 1505
SAGSLOW 1211 1505 1210 1505
SAGSLOW 1213 1504 1210 1505
SAGSLOW 1208 1505 1210 1505
SAGSLOW 1210 1505 1210 1505
SAGSLOW 1217 1505 1210 1505
SAGSLOW 1210 1505 1210 1505
SAGSLOW 1213 1505 1210 1505
SAGSLOW 1208 1505 1210 1505
SAGSLOW 1206 1505 1210 1505
SAGSLOW 1215 1505 1210 1505
SAGSLOW 1209 1505 1210 1505
SAGSLOW 1209 1504 1210 1505
SAGSLOW 1219 1505 1210 1505
SAGSLOW 1213 1505 1210 1505
SAGSLOW 1207 1504 1210 1505
SAGSLOW 1205 1506 1210 1505
SAGSLOW 1211 1505 1210 1505
SAGSLOW 1212 1504 1210 1505
SAGSLOW 1208 1506 1210 1505
SAGSLOW 1208 1504 1210 1505
SAGSLOW 1210 1504 1210 1505
SAGSLOW 1206 1504 1210 1505
SAGSLOW 1212 1505 1210 1505
SAGSLOW 1210 1503 1210 1505
SAGSLOW 1207 1504 1210 1505
SAGSLOW 1211 1505 1210 1505
SAGSLOW 1207 1506 1210 1505
SAGSLOW 1209 1505 1210 1505
SAGSLOW 1205 1505 1210 1505
SAGSLOW 1207 1504 1210 1505
SAGSLOW 1209 1505 1210 1505
SAGSLOW 1207 1505 1210 1505
SAGSLOW 1212 1506 1210 1505
SAGSLOW 1209 1504 1210 1505
SAGSLOW 1204 1504 1210 1505
SAGSLOW 1209 1505 1210 1505
SAGSLOW 1210 1505 1210 1505
SAGSLOW 1207 1505 1210 1505
SAGSLOW 1213 1504 1210 1505
SAGSLOW 1207 1505 1210 1505
SAGSLOW 1210 1505 1210 1505
SAGSLOW 1209 1505 1210 1505
SAGSLOW 1209 1505 1210 1505
SAGSLOW 1215 1504 1210 1505
SAGSLOW 1210 1504 1210 1505
SAGSLOW 1209 1505 1210 1505
SAGSLOW 1207 1504 1210 1505
SAGSLOW 1207 1504 1210 1505
SAGSLOW 1213 1504 1210 1505
SAGSLOW 1213 1504 1210 1505
SAGSLOW 1203 1504 1210 1505
SAGSLOW 1210 1504 1210 1505
SAGSLOW 1213 1504 1210 1505
SAGSLOW 1210 1504 1210 1505
SAGSLOW 1211 1505 1210 1505
SAGSLOW 1211 1505 1210 1505
SAGSLOW 1212 1505 1210 1505
SAGSLOW 1209 1504 1210 1505
SAGSLOW 1206 1504 1210 1505
SAGSLOW 1210 1505 1210 1505
SAGSLOW 1211 1504 1210 1505
SAGSLOW 1208 1504 1210 1505
SAGSLOW 1206 1505 1210 1505
SAGSLOW 1212 1505 1210 1505
SAGSLOW 1208 1504 1210 1505
SAGSLOW 1215 1504 1210 1505
SAGSLOW 1210 1504 1210 1505
SAGSLOW 1203 1505 1210 1505
SAGSLOW 1210 1505 1210 1505
SAGSLOW 1212 1505 1210 1505
SAGSLOW 1209 1505 1210 1505
SAGSLOW 1213 1504 1210 1505
SAGSLOW 1206 1505 1210 1505
SAGSLOW 1210 1505 1210 1505
SAGSLOW 1209 1504 1210 1505
SAGSLOW 1208 1505 1210 1505
SAGSLOW 1209 1504 1210 1505
SAGSLOW 1212 1504 1210 1505
SAGSLOW 1211 1505 1210 1505
SAGSLOW 1208 1505 1210 1505
SAGSLOW 1212 1504 1210 1505
SAGSLOW 1213 1505 1210 1505
SAGSLOW 1209 1506 1210 1505
SAGSLOW 1211 1505 1210 1505
SAGSLOW 1209 1504 1210 1505
SAGSLOW 1208 1505 1210 1505
SAGSLOW 1211 1506 1210 1505
SAGSLOW 1207 1506 1210 1505
SAGSLOW 1211 1505 1210 1505
SAGSLOW 1209 1506 1210 1505
SAGSLOW 1211 1505 1210 1505
SAGSLOW 1211 1506 1210 1505
SAGSLOW 1209 1505 1210 1505
SAGSLOW 1210 1506 1210 1505
SAGSLOW 1214 1506 1210 1505
SAGSLOW 1210 1504 1210 1505
SAGSLOW 1211 1505 1210 1505
SAGSLOW 1214 1505 1210 1505
SAGSLOW 1209 1505 1210 1505
SAGSLOW 1211 1504 1210 1505
SAGSLOW 1209 1505 1210 1505
SAGSLOW 1209 1505 1210 1505
SAGSLOW 1211 1505 1210 1505
SAGSLOW 1210 1504 1210 1505
SAGSLOW 1208 1505 1210 1505
SAGSLOW 1209 1504 1210 1505
SAGSLOW 1209 1505 1210 1505
SAGSLOW 1210 1505 1210 1505
SAGSLOW 1214 1505 1210 1505
SAGSLOW 1211 1506 1210 1505
SAGSLOW 1211 1504 1210 1505
SAGSLOW 1212 1504 1210 1505
SAGSLOW 1212 1505 1210 1505
SAGSLOW 1208 1505 1210 1505
SAGSLOW 1211 1504 1210 1505
SAGSLOW 1205 1504 1210 1505
SAGSLOW 1208 1506 1210 1505
SAGSLOW 1209 1506 1210 1505
SAGSLOW 1212 1505 1210 1505
SAGSLOW 1205 1504 1210 1505
SAGSLOW 1211 1505 1210 1505
SAGSLOW 1207 1505 1210 1505
SAGSLOW 1214 1505 1210 1505
SAGSLOW 1205 1505 1210 1505
SAGSLOW 1209 1505 1210 1505
SAGSLOW 1208 1504 1210 1505
SAGSLOW 1209 1504 1210 1505
SAGSLOW 1211 1504 1210 1505
SAGSLOW 1214 1504 1210 1505
SAGSLOW 1209 1505 1210 1505
SAGSLOW 1210 1504 1210 1505
SAGSLOW 1212 1505 1210 1505
SAGSLOW 1208 1504 1210 1505
SAGSLOW 1209 1505 1210 1505
SAGSLOW 1218 1506 1210 1505
SAGSLOW 1210 1505 1210 1505
SAGSLOW 1208 1506 1210 1505
SAGSLOW 1211 1505 1210 1505
SAGSLOW 1210 1505 1210 1505
SAGSLOW 1207 1504 1210 1505
SAGSLOW 1208 1504 1210 1505
SAGSLOW 1212 1505 1210 1505
SAGSLOW 1207 1505 1210 1505
SAGSLOW 1213 1505 1210 1505
SAGSLOW 1207 1504 1210 1505
SAGSLOW 1206 1505 1210 1505
SAGSLOW 1210 1505 1210 1505
SAGSLOW 1210 1505 1210 1505
SAGSLOW 1209 1504 1210 1505
SAGSLOW 1210 1504 1210 1505
SAGSLOW 1207 1505 1210 1505
SAGSLOW 1211 1505 1210 1505
SAGSLOW 1209 1504 1210 1505
SAGSLOW 1212 1505 1210 1505
SAGSLOW 1210 1505 1210 1505
SAGSLOW 1210 1505 1210 1505
SAGSLOW 1206 1504 1210 1505
SAGSLOW 1209 1505 1210 1505
SAGSLOW 1211 1504 1210 1505
SAGSLOW 1209 1504 1210 1505
SAGSLOW 1213 1504 1210 1505
SAGSLOW 1209 1505 1210 1505
SAGSLOW 1211 1504 1210 1505
SAGSLOW 1209 1505 1210 1505
SAGSLOW 1212 1505 1210 1505
SAGSLOW 1207 1505 1210 1505
SAGSLOW 1211 1505 1210 1505
SAGSLOW 1207 1504 1210 1505
SAGSLOW 1211 1504 1210 1505
SAGSLOW 1209 1505 1210 1505
SAGSLOW 1208 1505 1210 1505
SAGSLOW 1207 1506 1210 1505
SAGSLOW 1208 1505 1210 1505
SAGSLOW 1208 1504 1210 1505
SAGSLOW 1211 1505 1210 1505
SAGSLOW 1198 1505 1210 1505
SAGSLOW 1209 1504 1210 1505
SAGSLOW 1206 1506 1210 1505
SAGSLOW 1211 1503 1210 1505
SAGSLOW 1206 1505 1210 1505
SAGSLOW 1212 1505 1210 1505
SAGSLOW 1212 1504 1210 1505
SAGSLOW 1213 1504 1210 1505
SAGSLOW 1210 1504 1210 1505
SAGSLOW 1214 1504 1210 1505
SAGSLOW 1204 1505 1210 1505
SAGSLOW 1211 1505 1210 1505
SAGSLOW 1209 1505 1210 1505
SAGSLOW 1207 1505 1210 1505
SAGSLOW 1209 1505 1210 1505
SAGSLOW 1214 1505 1210 1505
SAGSLOW 1214 1505 1210 1505
SAGSLOW 1207 1506 1210 1505
SAGSLOW 1207 1504 1210 1505
SAGSLOW 1206 1504 1210 1505
SAGSLOW 1211 1505 1210 1505
SAGSLOW 1209 1505 1210 1505
SAGSLOW 1210 1505 1210 1505
SAGSLOW 1211 1505 1210 1505
SAGSLOW 1209 1504 1210 1505
SAGSLOW 1209 1505 1210 1505
SAGSLOW 1215 1504 1210 1505
SAGSLOW 1212 1505 1210 1505
SAGSLOW 1209 1504 1210 1505
SAGSLOW 1211 1504 1210 1505
SAGSLOW 1209 1506 1210 1505
SAGSLOW 1211 1505 1210 1505
SAGSLOW 1210 1505 1210 1505
SAGSLOW 1203 1504 1210 1505
SAGSLOW 1207 1505 1210 1505
SAGSLOW 1213 1506 1210 1505
SAGSLOW 1212 1505 1210 1505
SAGSLOW 1215 1505 1210 1505
SAGSLOW 1206 1505 1210 1505
SAGSLOW 1211 1505 1210 1505
SAGSLOW 1204 1505 1210 1505
SAGSLOW 1214 1505 1210 1505
SAGSLOW 1210 1504 1210 1505
SAGSLOW 1212 1504 1210 1505
SAGSLOW 1210 1504 1210 1505
SAGSLOW 1212 1504 1210 1505
SAGSLOW 1207 1504 1210 1505
SAGSLOW 1208 1505 1210 1505
SAGSLOW 1209 1505 1210 1505
SAGSLOW 1208 1505 1210 1505
SAGSLOW 1213 1504 1210 1505
SAGSLOW 1210 1505 1210 1505
SAGSLOW 1208 1505 1210 1505
SAGSLOW 1207 1505 1210 1505
SAGSLOW 1208 1504 1210 1505
SAGSLOW 1210 1504 1210 1505
SAGSLOW 1209 1504 1210 1505
SAGSLOW 1213 1505 1210 1505
SAGSLOW 1214 1505 1210 1505
SAGSLOW 1208 1505 1210 1505
SAGSLOW 1211 1506 1210 1505
SAGSLOW 1210 1505 1210 1505
SAGSLOW 1210 1504 1210 1505
SAGSLOW 1212 1504 1210 1505
SAGSLOW 1213 1505 1210 1505
SAGSLOW 1212 1505 1210 1505
SAGSLOW 1210 1505 1210 1505
SAGSLOW 1208 1504 1210 1505
SAGSLOW 1210 1505 1210 1505
SAGSLOW 1211 1506 1210 1505
SAGSLOW 1210 1504 1210 1505
SAGSLOW 1211 1504 1210 1505
SAGSLOW 1212 1505 1210 1505
SAGSLOW 1212 1505 1210 1505
SAGSLOW 1212 1505 1210 1505
SAGSLOW 1208 1505 1210 1505
SAGSLOW 1212 1507 1210 1505
SAGSLOW 1207 1505 1210 1505
SAGSLOW 1210 1505 1210 1505
SAGSLOW 1213 1506 1210 1505
SAGSLOW 1210 1505 1210 1505
SAGSLOW 1209 1505 1210 1505
SAGSLOW 1204 1505 1210 1505
SAGSLOW 1207 1504 1210 1505
SAGSLOW 1213 1505 1210 1505
SAGSLOW 1211 1505 1210 1505
SAGSLOW 1205 1505 1210 1505
SAGSLOW 1209 1505 1210 1505
SAGSLOW 1202 1505 1210 1505
SAGSLOW 1209 1504 1210 1505
SAGSLOW 1210 1504 1210 1505
SAGSLOW 1211 1504 1210 1505
SAGSLOW 1209 1504 1210 1505
SAGSLOW 1208 1505 1210 1505
SAGSLOW 1208 1505 1210 1505
SAGSLOW 1210 1505 1210 1505
SAGSLOW 1212 1505 1210 1505
SAGSLOW 1209 1504 1210 1505
SAGSLOW 1206 1504 1210 1505
SAGSLOW 1208 1504 1209 1505
SAGSLOW 1212 1505 1210 1505
SAGSLOW 1206 1504 1210 1505
SAGSLOW 1209 1505 1210 1505
SAGSLOW 1206 1505 1210 1505
SAGSLOW 1212 1505 1210 1505
SAGSLOW 1206 1505 1210 1505
SAGSLOW 1212 1505 1209 1505
SAGSLOW 1211 1505 1210 1505
SAGSLOW 1213 1504 1210 1505
SAGSLOW 1209 1505 1210 1505
SAGSLOW 1212 1505 1210 1505
SAGSLOW 1208 1504 1210 1505
SAGSLOW 1212 1505 1210 1505
SAGSLOW 1207 1504 1210 1505
SAGSLOW 1208 1505 1210 1505
SAGSLOW 1212 1504 1210 1505
SAGSLOW 1212 1505 1210 1505
SAGSLOW 1209 1504 1210 1505
SAGSLOW 1207 1505 1210 1505
SAGSLOW 1211 1504 1210 1505
SAGSLOW 1208 1506 1210 1505
SAGSLOW 1213 1505 1210 1505
SAGSLOW 1208 1505 1210 1505
SAGSLOW 1211 1505 1210 1505
SAGSLOW 1212 1505 1210 1505
SAGSLOW 1199 1505 1210 1505
SAGSLOW 1209 1505 1210 1505
SAGSLOW 1211 1505 1210 1505
SAGSLOW 1212 1505 1210 1505
SAGSLOW 1208 1505 1210 1505
SAGSLOW 1210 1504 1210 1505
SAGSLOW 1209 1505 1210 1505
SAGSLOW 1212 1506 1210 1505
SAGSLOW 1209 1505 1210 1505
SAGSLOW 1211 1504 1210 1505
SAGSLOW 1210 1505 1210 1505
SAGSLOW 1205 1504 1210 1505
SAGSLOW 1210 1505 1210 1505
SAGSLOW 1215 1506 1210 1505
SAGSLOW 1211 1506 1210 1505
SAGSLOW 1214 1505 1210 1505
SAGSLOW 1210 1506 1210 1505
SAGSLOW 1209 1504 1210 1505
SAGSLOW 1209 1505 1210 1505
SAGSLOW 1212 1505 1210 1505
SAGSLOW 1210 1504 1210 1505
SAGSLOW 1212 1505 1210 1505
SAGSLOW 1208 1504 1210 1505
SAGSLOW 1209 1504 1210 1505
SAGSLOW 1208 1505 1210 1505
SAGSLOW 1211 1504 1210 1505
SAGSLOW 1211 1505 1210 1505
SAGSLOW 1212 1504 1210 1505
SAGSLOW 1208 1505 1210 1505
SAGSLOW 1208 1505 1210 1505
SAGSLOW 1208 1504 1210 1505
SAGSLOW 1214 1505 1210 1505
SAGSLOW 1209 1503 1210 1505
SAGSLOW 1212 1505 1210 1505
SAGSLOW 1209 1505 1210 1505
SAGSLOW 1213 1505 1210 1505
SAGSLOW 1211 1504 1210 1505
SAGSLOW 1210 1505 1210 1505
SAGSLOW 1211 1503 1210 1505
SAGSLOW 1207 1506 1210 1505
SAGSLOW 1209 1504 1210 1505
SAGSLOW 1213 1504 1210 1505
SAGSLOW 1213 1505 1210 1505
SAGSLOW 1210 1505 1210 1505
SAGSLOW 1210 1505 1210 1505
SAGSLOW 1212 1505 1210 1505
SAGSLOW 1210 1504 1210 1505
SAGSLOW 1210 1505 1210 1505
SAGSLOW 1209 1505 1210 1505
SAGSLOW 1210 1505 1210 1505
SAGSLOW 1210 1505 1210 1505
SAGSLOW 1210 1506 1210 1505
SAGSLOW 1210 1505 1210 1505
SAGSLOW 1211 1505 1210 1505
SAGSLOW 1212 1505 1210 1505
SAGSLOW 1208 1504 1210 1505
SAGSLOW 1211 1505 1210 1505
SAGSLOW 1208 1505 1210 1505
SAGSLOW 1217 1505 1210 1505
SAGSLOW 1209 1504 1210 1505
SAGSLOW 1214 1504 1210 1505
SAGSLOW 1210 1504 1210 1505
SAGSLOW 1207 1504 1210 1505
SAGSLOW 1214 1505 1210 1505
SAGSLOW 1210 1506 1210 1505
SAGSLOW 1205 1505 1210 1505
SAGSLOW 1209 1505 1210 1505
SAGSLOW 1209 1505 1210 1505
SAGSLOW 1211 1504 1210 1505
SAGSLOW 1210 1505 1210 1505
SAGSLOW 1209 1505 1210 1505
SAGSLOW 1208 1505 1210 1505
SAGSLOW 1212 1506 1210 1505
SAGSLOW 1213 1505 1210 1505
SAGSLOW 1208 1504 1210 1505
SAGSLOW 1209 1505 1210 1505
SAGSLOW 1212 1505 1210 1505
SAGSLOW 1206 1505 1210 1505
SAGSLOW 1212 1505 1210 1505
SAGSLOW 1209 1505 1210 1505
SAGSLOW 1207 1505 1210 1505
SAGSLOW 1209 1504 1210 1505
SAGSLOW 1210 1505 1210 1505
SAGSLOW 1211 1505 1210 1505
SAGSLOW 1208 1505 1210 1505
SAGSLOW 1210 1505 1210 1505
SAGSLOW 1212 1504 1210 1505
SAGSLOW 1213 1505 1210 1505
SAGSLOW 1205 1505 1210 1505
SAGSLOW 1208 1505 1210 1505
SAGSLOW 1207 1505 1210 1505
SAGSLOW 1211 1505 1210 1505
SAGSLOW 1208 1505 1210 1505
SAGSLOW 1212 1505 1210 1505
SAGSLOW 1209 1504 1210 1505
SAGSLOW 1210 1505 1210 1505
SAGSLOW 1209 1504 1210 1505
SAGSLOW 1214 1505 1210 1505
SAGSLOW 1211 1505 1210 1505
SAGSLOW 1208 1505 1210 1505
SAGSLOW 1204 1504 1210 1505
SAGSLOW 1214 1505 1210 1505
SAGSLOW 1210 1505 1210 1505
SAGSLOW 1209 1504 1210 1505
SAGSLOW 1210 1504 1210 1505
SAGSLOW 1211 1505 1210 1505
SAGSLOW 1210 1505 1210 1505
SAGSLOW 1207 1504 1210 1505
SAGSLOW 1211 1505 1210 1505
SAGSLOW 1209 1505 1210 1505
SAGSLOW 1211 1504 1210 1505
SAGSLOW 1212 1505 1210 1505
SAGSLOW 1212 1504 1210 1505
SAGSLOW 1208 1504 1210 1505
SAGSLOW 1209 1505 1210 1505
SAGSLOW 1210 1504 1210 1505
SAGSLOW 1212 1504 1210 1505
SAGSLOW 1209 1504 1210 1505
SAGSLOW 1210 1505 1210 1505
SAGSLOW 1206 1504 1210 1505
SAGSLOW 1212 1504 1210 1505
SAGSLOW 1216 1505 1210 1505
SAGSLOW 1208 1504 1210 1505
SAGSLOW 1212 1505 1210 1505
SAGSLOW 1207 1505 1210 1505
SAGSLOW 1204 1505 1210 1505
SAGSLOW 1213 1504 1210 1505
SAGSLOW 1210 1505 1210 1505
SAGSLOW 1209 1504 1210 1505
SAGSLOW 1208 1505 1210 1505
SAGSLOW 1209 1506 1210 1505
SAGSLOW 1217 1505 1210 1505
SAGSLOW 1211 1505 1210 1505
SAGSLOW 1209 1505 1210 1505
SAGSLOW 1207 1505 1210 1505
SAGSLOW 1209 1504 1210 1505
SAGSLOW 1212 1504 1210 1505
SAGSLOW 1206 1505 1210 1505
SAGSLOW 1211 1505 1210 1505
SAGSLOW 1215 1505 1210 1505
SAGSLOW 1208 1505 1210 1505
SAGSLOW 1209 1505 1210 1505
SAGSLOW 1210 1505 1210 1505
SAGSLOW 1211 1505 1210 1505
SAGSLOW 1214 1504 1210 1505
SAGSLOW 1208 1505 1210 1505
SAGSLOW 1212 1505 1210 1505
SAGSLOW 1210 1506 1210 1505
SAGSLOW 1213 1505 1210 1505
SAGSLOW 1213 1505 1210 1505
SAGSLOW 1207 1504 1210 1505
SAGSLOW 1209 1505 1210 1505
SAGSLOW 1213 1505 1210 1505
SAGSLOW 1208 1504 1210 1505
SAGSLOW 1209 1505 1210 1505
SAGSLOW 1212 1505 1210 1505
SAGSLOW 1214 1506 1210 1505
SAGSLOW 1207 1505 1210 1505
SAGSLOW 1211 1504 1210 1505
SAGSLOW 1209 1504 1210 1505
SAGSLOW 1214 1504 1210 1505
SAGSLOW 1213 1505 1210 1505
SAGSLOW 1208 1504 1210 1505
SAGSLOW 1213 1505 1210 1505
SAGSLOW 1210 1505 1210 1505
SAGSLOW 1210 1505 1210 1505
SAGSLOW 1213 1505 1210 1505
SAGSLOW 1211 1504 1210 1505
SAGSLOW 1212 1504 1210 1505
SAGSLOW 1212 1504 1210 1505
SAGSLOW 1214 1505 1210 1505
SAGSLOW 1211 1505 1210 1505
SAGSLOW 1213 1505 1210 1505
SAGSLOW 1209 1505 1210 1505
SAGSLOW 1208 1505 1210 1505
SAGSLOW 1209 1505 1210 1505
SAGSLOW 1213 1505 1210 1505
SAGSLOW 1212 1505 1210 1505
SAGSLOW 1209 1504 1210 1505
SAGSLOW 1209 1505 1210 1505
SAGSLOW 1210 1505 1210 1505
SAGSLOW 1208 1504 1210 1505
SAGSLOW 1203 1504 1210 1505
SAGSLOW 1214 1504 1210 1505
SAGSLOW 1211 1505 1210 1505
SAGSLOW 1208 1505 1210 1505
SAGSLOW 1211 1504 1210 1505
SAGSLOW 1208 1505 1210 1505
SAGSLOW 1212 1504 1210 1505
SAGSLOW 1209 1506 1210 1505
SAGSLOW 1212 1505 1210 1505
SAGSLOW 1214 1505 1210 1505
SAGSLOW 1209 1504 1210 1505
SAGSLOW 1214 1504 1210 1505
SAGSLOW 1209 1505 1210 1505
SAGSLOW 1210 1505 1210 1505
SAGSLOW 1211 1506 1210 1505
SAGSLOW 1214 1504 1210 1505
SAGSLOW 1206 1503 1210 1505
SAGSLOW 1211 1506 1210 1505
SAGSLOW 1207 1505 1210 1505
SAGSLOW 1213 1505 1210 1505
SAGSLOW 1212 1505 1210 1505
SAGSLOW 1208 1505 1210 1505
SAGSLOW 1210 1506 1210 1505
SAGSLOW 1208 1505 1210 1505
SAGSLOW 1211 1505 1210 1505
SAGSLOW 1205 1505 1210 1505
SAGSLOW 1208 1506 1210 1505
SAGSLOW 1213 1504 1210 1505
SAGSLOW 1205 1505 1210 1505
SAGSLOW 1207 1504 1210 1505
SAGSLOW 1208 1505 1210 1505
SAGSLOW 1211 1504 1210 1505
SAGSLOW 1213 1504 1210 1505
SAGSLOW 1211 1505 1210 1505
SAGSLOW 1208 1505 1210 1505
SAGSLOW 1212 1505 1210 1505
SAGSLOW 1210 1504 1210 1505
SAGSLOW 1210 1506 1210 1505
SAGSLOW 1211 1505 1210 1505
SAGSLOW 1208 1505 1210 1505
SAGSLOW 1210 1505 1210 1505
SAGSLOW 1215 1505 1210 1505
SAGSLOW 1204 1506 1210 1505
SAGSLOW 1209 1505 1210 1505
SAGSLOW 1207 1505 1210 1505
SAGSLOW 1208 1504 1210 1505
SAGSLOW 1206 1504 1210 1505
SAGSLOW 1210 1505 1210 1505
SAGSLOW 1214 1505 1210 1505
SAGSLOW 1205 1504 1210 1505
SAGSLOW 1215 1505 1210 1505
SAGSLOW 1213 1506 1210 1505
SAGSLOW 1209 1505 1210 1505
SAGSLOW 1212 1506 1210 1505
SAGSLOW 1209 1505 1210 1505
SAGSLOW 1210 1505 1210 1505
SAGSLOW 1208 1505 1210 1505
SAGSLOW 1209 1505 1210 1505
SAGSLOW 1216 1505 1210 1505
SAGSLOW 1213 1505 1210 1505
SAGSLOW 1210 1504 1210 1505
SAGSLOW 1211 1505 1210 1505
SAGSLOW 1208 1505 1210 1505
SAGSLOW 1207 1505 1210 1505
SAGSLOW 1209 1505 1210 1505
SAGSLOW 1211 1504 1210 1505
SAGSLOW 1208 1504 1210 1505
SAGSLOW 1208 1504 1210 1505
SAGSLOW 1201 1505 1210 1505
SAGSLOW 1214 1506 1210 1505
SAGSLOW 1210 1504 1210 1505
SAGSLOW 1213 1505 1210 1505
SAGSLOW 1202 1504 1210 1505
SAGSLOW 1207 1505 1210 1505
SAGSLOW 1207 1505 1210 1505
SAGSLOW 1211 1504 1210 1505
SAGSLOW 1213 1504 1210 1505
SAGSLOW 1211 1505 1210 1505
SAGSLOW 1211 1504 1210 1505
SAGSLOW 1208 1505 1210 1505
SAGSLOW 1211 1505 1210 1505
SAGSLOW 1209 1504 1210 1505
SAGSLOW 1212 1505 1210 1505
SAGSLOW 1210 1505 1210 1505
SAGSLOW 1218 1505 1210 1505
SAGSLOW 1211 1505 1210 1505
SAGSLOW 1212 1505 1210 1505
SAGSLOW 1212 1504 1210 1505
SAGSLOW 1206 1504 1210 1505
SAGSLOW 1210 1505 1210 1505
SAGSLOW 1211 1505 1210 1505
SAGSLOW 1209 1504 1210 1505
SAGSLOW 1210 1505 1210 1505
SAGSLOW 1210 1505 1210 1505
SAGSLOW 1213 1505 1210 1505
SAGSLOW 1210 1505 1210 1505
SAGSLOW 1210 1504 1210 1505
SAGSLOW 1211 1504 1210 1505
SAGSLOW 1214 1504 1210 1505
SAGSLOW 1213 1505 1210 1505
SAGSLOW 1207 1504 1210 1505
SAGSLOW 1214 1505 1210 1505
SAGSLOW 1207 1505 1210 1505
SAGSLOW 1210 1505 1210 1505
SAGSLOW 1209 1505 1210 1505
SAGSLOW 1210 1505 1210 1505
SAGSLOW 1207 1504 1210 1505
SAGSLOW 1207 1505 1210 1505
SAGSLOW 1208 1505 1210 1505
SAGSLOW 1212 1505 1210 1505
SAGSLOW 1211 1505 1210 1505
SAGSLOW 1208 1505 1210 1505
SAGSLOW 1211 1505 1210 1505
SAGSLOW 1211 1504 1210 1505
SAGSLOW 1210 1505 1210 1505
SAGSLOW 1208 1505 1210 1505
SAGSLOW 1211 1506 1210 1505
SAGSLOW 1212 1505 1210 1505
SAGSLOW 1210 1504 1210 1505
SAGSLOW 1207 1504 1210 1505
SAGSLOW 1212 1504 1210 1505
SAGSLOW 1212 1505 1210 1505
SAGSLOW 1211 1505 1210 1505
SAGSLOW 1210 1505 1210 1505
SAGSLOW 1209 1505 1210 1505
SAGSLOW 1211 1505 1210 1505
SAGSLOW 1211 1505 1210 1505
SAGSLOW 1212 1505 1210 1505
SAGSLOW 1212 1505 1210 1505
SAGSLOW 1211 1504 1210 1505
SAGSLOW 1209 1504 1210 1505
SAGSLOW 1214 1505 1210 1505
SAGSLOW 1212 1505 1210 1505
SAGSLOW 1214 1504 1210 1505
SAGSLOW 1207 1505 1210 1505
SAGSLOW 1203 1504 1210 1505
SAGSLOW 1210 1505 1210 1505
SAGSLOW 1207 1504 1210 1505
SAGSLOW 1211 1505 1210 1505
SAGSLOW 1210 1505 1210 1505
SAGSLOW 1208 1505 1210 1505
SAGSLOW 1216 1506 1210 1505
SAGSLOW 1209 1505 1210 1505
SAGSLOW 1208 1505 1210 1505
SAGSLOW 1215 1505 1210 1505
SAGSLOW 1206 1506 1210 1505
SAGSLOW 1209 1506 1210 1505
SAGSLOW 1210 1505 1210 1505
SAGSLOW 1205 1505 1210 1505
SAGSLOW 1211 1504 1210 1505
SAGSLOW 1207 1504 1210 1505
SAGSLOW 1206 1505 1210 1505
SAGSLOW 1213 1505 1210 1505
SAGSLOW 1211 1505 1210 1505
SAGSLOW 1207 1505 1210 1505
SAGSLOW 1212 1505 1210 1505
SAGSLOW 1210 1505 1210 1505
SAGSLOW 1209 1504 1210 1505
SAGSLOW 1208 1504 1210 1505
SAGSLOW 1211 1504 1210 1505
SAGSLOW 1212 1505 1210 1505
SAGSLOW 1213 1505 1210 1505
SAGSLOW 1211 1506 1210 1505
SAGSLOW 1213 1506 1210 1505
SAGSLOW 1206 1506 1210 1505
SAGSLOW 1210 1506 1210 1505
SAGSLOW 1211 1505 1210 1505
SAGSLOW 1207 1506 1210 1505
SAGSLOW 1206 1504 1210 1505
SAGSLOW 1212 1505 1210 1505
SAGSLOW 1211 1504 1210 1505
SAGSLOW 1207 1505 1210 1505
SAGSLOW 1211 1503 1210 1505
SAGSLOW 1215 1505 1210 1505
SAGSLOW 1209 1505 1210 1505
SAGSLOW 1212 1506 1210 1505
SAGSLOW 1208 1504 1210 1505
SAGSLOW 1213 1505 1210 1505
SAGSLOW 1211 1504 1210 1505
SAGSLOW 1208 1505 1210 1505
SAGSLOW 1212 1504 1210 1505
SAGSLOW 1212 1505 1210 1505
SAGSLOW 1208 1505 1210 1505
SAGSLOW 1210 1505 1210 1505
SAGSLOW 1208 1504 1210 1505
SAGSLOW 1211 1505 1210 1505
SAGSLOW 1209 1506 1210 1505
SAGSLOW 1208 1505 1210 1505
SAGSLOW 1210 1504 1210 1505
SAGSLOW 1213 1506 1210 1505
SAGSLOW 1207 1504 1210 1505
SAGSLOW 1213 1505 1210 1505
SAGSLOW 1212 1505 1210 1505
SAGSLOW 1205 1505 1210 1505
SAGSLOW 1205 1506 1210 1505
SAGSLOW 1210 1504 1210 1505
SAGSLOW 1210 1505 1210 1505
SAGSLOW 1218 1506 1210 1505
SAGSLOW 1210 1504 1210 1505
SAGSLOW 1213 1505 1210 1505
SAGSLOW 1210 1505 1210 1505
SAGSLOW 1210 1505 1210 1505
SAGSLOW 1210 1504 1210 1505
SAGSLOW 1216 1504 1210 1505
SAGSLOW 1210 1504 1210 1505
SAGSLOW 1211 1504 1210 1505
SAGSLOW 1211 1506 1210 1505
SAGSLOW 1211 1504 1210 1505
SAGSLOW 1215 1505 1210 1505
SAGSLOW 1218 1506 1210 1505
SAGSLOW 1210 1505 1210 1505
SAGSLOW 1207 1504 1210 1505
SAGSLOW 1210 1505 1210 1505
SAGSLOW 1209 1504 1210 1505
SAGSLOW 1208 1505 1210 1505
SAGSLOW 1211 1505 1210 1505
SAGSLOW 1214 1504 1210 1505
SAGSLOW 1204 1505 1210 1505
SAGSLOW 1206 1504 1210 1505
SAGSLOW 1212 1505 1210 1505
SAGSLOW 1209 1505 1210 1505
SAGSLOW 1210 1505 1210 1505
SAGSLOW 1210 1505 1210 1505
SAGSLOW 1210 1505 1210 1505
SAGSLOW 1215 1506 1210 1505
SAGSLOW 1208 1504 1210 1505
SAGSLOW 1208 1505 1210 1505
SAGSLOW 1209 1505 1210 1505
SAGSLOW 1208 1506 1210 1505
SAGSLOW 1210 1506 1210 1505
SAGSLOW 1210 1504 1210 1505
SAGSLOW 1207 1504 1210 1505
SAGSLOW 1206 1505 1210 1505
SAGSLOW 1209 1505 1210 1505
SAGSLOW 1212 1504 1210 1505
SAGSLOW 1215 1504 1210 1505
SAGSLOW 1216 1504 1210 1505
SAGSLOW 1209 1506 1210 1505
SAGSLOW 1208 1506 1210 1505
SAGSLOW 1209 1505 1210 1505
SAGSLOW 1207 1506 1210 1505
SAGSLOW 1209 1505 1210 1505
SAGSLOW 1212 1505 1210 1505
SAGSLOW 1211 1505 1210 1505
SAGSLOW 1212 1505 1210 1505
SAGSLOW 1212 1504 1210 1505
SAGSLOW 1209 1505 1210 1505
SAGSLOW 1210 1505 1210 1505
SAGSLOW 1212 1504 1210 1505
SAGSLOW 1208 1504 1210 1505
SAGSLOW 1209 1505 1210 1505
SAGSLOW 1212 1505 1210 1505
SAGSLOW 1210 1505 1210 1505
SAGSLOW 1213 1505 1210 1505
SAGSLOW 1210 1505 1210 1505
SAGSLOW 1206 1505 1210 1505
SAGSLOW 1213 1505 1210 1505
SAGSLOW 1208 1506 1210 1505
SAGSLOW 1210 1503 1210 1505
SAGSLOW 1213 1505 1210 1505
SAGSLOW 1208 1504 1210 1505
SAGSLOW 1212 1505 1210 1505
SAGSLOW 1210 1504 1210 1505
SAGSLOW 1208 1505 1210 1505
SAGSLOW 1212 1505 1210 1505
SAGSLOW 1211 1504 1210 1505
SAGSLOW 1210 1504 1210 1505
SAGSLOW 1212 1505 1210 1505
SAGSLOW 1206 1504 1210 1505
SAGSLOW 1211 1505 1210 1505
SAGSLOW 1210 1504 1210 1505
SAGSLOW 1212 1505 1210 1505
SAGSLOW 1212 1505 1210 1505
SAGSLOW 1213 1504 1210 1505
SAGSLOW 1210 1505 1210 1505
SAGSLOW 1208 1505 1210 1505
SAGSLOW 1208 1505 1210 1505
SAGSLOW 1208 1504 1210 1505
SAGSLOW 1207 1504 1210 1505
SAGSLOW 1212 1505 1210 1505
SAGSLOW 1214 1504 1210 1505
SAGSLOW 1206 1504 1210 1505
SAGSLOW 1208 1505 1210 1505
SAGSLOW 1208 1505 1210 1505
SAGSLOW 1210 1505 1210 1505
SAGSLOW 1212 1504 1210 1505
SAGSLOW 1206 1506 1210 1505
SAGSLOW 1209 1505 1210 1505
SAGSLOW 1209 1505 1210 1505
SAGSLOW 1207 1506 1210 1505
SAGSLOW 1210 1504 1210 1505
SAGSLOW 1209 1505 1210 1505
SAGSLOW 1210 1505 1210 1505
SAGSLOW 1204 1505 1210 1505
SAGSLOW 1211 1505 1210 1505
SAGSLOW 1207 1504 1210 1505
SAGSLOW 1203 1506 1210 1505
SAGSLOW 1209 1504 1210 1505
SAGSLOW 1211 1504 1210 1505
SAGSLOW 1211 1503 1210 1505
SAGSLOW 1209 1505 1210 1505
SAGSLOW 1206 1505 1210 1505
SAGSLOW 1208 1505 1210 1505
SAGSLOW 1210 1504 1210 1505
SAGSLOW 1210 1504 1210 1505
SAGSLOW 1212 1504 1210 1505
SAGSLOW 1213 1505 1210 1505
SAGSLOW 1208 1505 1210 1505
SAGSLOW 1211 1505 1210 1505
SAGSLOW 1212 1504 1210 1505
SAGSLOW 1212 1504 1210 1505
SAGSLOW 1211 1504 1210 1505
SAGSLOW 1211 1505 1210 1505
SAGSLOW 1210 1506 1210 1505
SAGSLOW 1213 1504 1210 1505
SAGSLOW 1209 1505 1210 1505
SAGSLOW 1204 1505 1210 1505
SAGSLOW 1211 1505 1210 1505
SAGSLOW 1211 1505 1210 1505
SAGSLOW 1207 1505 1210 1505
SAGSLOW 1210 1505 1210 1505
SAGSLOW 1204 1505 1210 1505
SAGSLOW 1210 1504 1210 1505
SAGSLOW 1214 1505 1210 1505
SAGSLOW 1208 1504 1210 1505
SAGSLOW 1205 1505 1210 1505
SAGSLOW 1215 1505 1210 1505
SAGSLOW 1209 1505 1210 1505
SAGSLOW 1207 1505 1210 1505
SAGSLOW 1214 1503 1210 1505
SAGSLOW 1209 1505 1210 1505
SAGSLOW 1208 1503 1210 1505
SAGSLOW 1212 1505 1210 1505
SAGSLOW 1210 1505 1210 1505
SAGSLOW 1214 1504 1210 1505
SAGSLOW 1214 1505 1210 1505
SAGSLOW 1214 1505 1210 1505
SAGSLOW 1207 1504 1210 1505
SAGSLOW 1212 1505 1210 1505
SAGSLOW 1208 1505 1210 1505
SAGSLOW 1208 1505 1210 1505
SAGSLOW 1209 1504 1210 1505
SAGSLOW 1209 1503 1210 1505
SAGSLOW 1212 1505 1210 1505
SAGSLOW 1212 1505 1210 1505
SAGSLOW 1213 1504 1210 1505
SAGSLOW 1212 1505 1210 1505
SAGSLOW 1214 1505 1210 1505
SAGSLOW 1213 1504 1210 1505
SAGSLOW 1208 1505 1210 1505
SAGSLOW 1207 1504 1210 1505
SAGSLOW 1208 1505 1210 1505
SAGSLOW 1211 1505 1210 1505
SAGSLOW 1212 1504 1210 1505
SAGSLOW 1212 1505 1210 1505
SAGSLOW 1213 1504 1210 1505
SAGSLOW 1209 1504 1210 1505
SAGSLOW 1211 1504 1210 1505
SAGSLOW 1210 1505 1210 1505
SAGSLOW 1213 1506 1210 1505
SAGSLOW 1210 1505 1210 1505
SAGSLOW 1210 1505 1210 1505
SAGSLOW 1207 1505 1210 1505
SAGSLOW 1209 1505 1210 1505
SAGSLOW 1207 1504 1210 1505
SAGSLOW 1209 1505 1210 1505
SAGSLOW 1214 1506 1210 1505
SAGSLOW 1213 1505 1210 1505
SAGSLOW 1211 1505 1210 1505
SAGSLOW 1211 1505 1210 1505
SAGSLOW 1207 1506 1210 1505
SAGSLOW 1213 1504 1210 1505
SAGSLOW 1209 1504 1210 1505
SAGSLOW 1209 1504 1210 1505
SAGSLOW 1208 1505 1210 1505
SAGSLOW 1201 1504 1210 1505
SAGSLOW 1212 1504 1210 1505
SAGSLOW 1212 1505 1210 1505
SAGSLOW 1206 1505 1210 1505
SAGSLOW 1206 1504 1210 1505
SAGSLOW 1209 1506 1210 1505
SAGSLOW 1210 1503 1210 1505
SAGSLOW 1211 1504 1210 1505
SAGSLOW 1212 1505 1210 1505
SAGSLOW 1208 1505 1210 1505
SAGSLOW 1208 1504 1210 1505
SAGSLOW 1210 1505 1210 1505
SAGSLOW 1212 1504 1210 1505
SAGSLOW 1214 1505 1210 1505
SAGSLOW 1211 1505 1210 1505
SAGSLOW 1207 1505 1210 1505
SAGSLOW 1209 1505 1210 1505
SAGSLOW 1208 1505 1210 1505
SAGSLOW 1209 1505 1210 1505
SAGSLOW 1214 1505 1210 1505
SAGSLOW 1210 1505 1210 1505
SAGSLOW 1208 1505 1210 1505
SAGSLOW 1207 1504 1210 1505
SAGSLOW 1208 1505 1210 1505
SAGSLOW 1206 1504 1210 1505
SAGSLOW 1210 1504 1210 1505
SAGSLOW 1209 1505 1210 1505
SAGSLOW 1206 1505 1210 1505
SAGSLOW 1213 1505 1210 1505
SAGSLOW 1209 1505 1210 1505
SAGSLOW 1211 1505 1210 1505
SAGSLOW 1208 1504 1210 1505
SAGSLOW 1209 1504 1210 1505
SAGSLOW 1207 1504 1210 1505
SAGSLOW 1212 1504 1210 1505
SAGSLOW 1208 1504 1210 1505
SAGSLOW 1215 1504 1210 1505
SAGSLOW 1209 1505 1210 1505
SAGSLOW 1206 1504 1210 1505
SAGSLOW 1210 1505 1210 1505
SAGSLOW 1211 1504 1210 1505
SAGSLOW 1216 1505 1210 1505
SAGSLOW 1210 1505 1210 1505
SAGSLOW 1207 1505 1210 1505
SAGSLOW 1212 1505 1210 1505
SAGSLOW 1209 1504 1210 1505
SAGSLOW 1213 1504 1210 1505
SAGSLOW 1208 1505 1210 1505
SAGSLOW 1204 1505 1210 1505
SAGSLOW 1211 1505 1210 1505
SAGSLOW 1210 1505 1210 1505
SAGSLOW 1210 1505 1210 1505
SAGSLOW 1213 1505 1210 1505
SAGSLOW 1209 1504 1210 1505
SAGSLOW 1211 1504 1210 1505
SAGSLOW 1210 1504 1210 1505
SAGSLOW 1211 1505 1210 1505
SAGSLOW 1213 1505 1210 1505
SAGSLOW 1212 1506 1210 1505
SAGSLOW 1211 1505 1210 1505
SAGSLOW 1209 1505 1210 1505
SAGSLOW 1206 1505 1210 1505
SAGSLOW 1209 1505 1210 1505
SAGSLOW 1209 1505 1210 1505
SAGSLOW 1209 1506 1210 1505
SAGSLOW 1211 1505 1210 1505
SAGSLOW 1206 1505 1210 1505
SAGSLOW 1212 1505 1210 1505
SAGSLOW 1207 1505 1210 1505
SAGSLOW 1207 1505 1210 1505
SAGSLOW 1209 1505 1210 1505
SAGSLOW 1210 1505 1210 1505
SAGSLOW 1205 1505 1210 1505
SAGSLOW 1208 1505 1210 1505
SAGSLOW 1210 1505 1210 1505
SAGSLOW 1208 1506 1210 1505
SAGSLOW 1206 1504 1210 1505
SAGSLOW 1212 1504 1210 1505
SAGSLOW 1209 1505 1210 1505
SAGSLOW 1207 1504 1210 1505
SAGSLOW 1207 1504 1210 1505
SAGSLOW 1208 1504 1210 1505
SAGSLOW 1210 1505 1210 1505
SAGSLOW 1205 1503 1210 1505
SAGSLOW 1219 1505 1210 1505
SAGSLOW 1213 1505 1210 1505
SAGSLOW 1204 1505 1210 1505
SAGSLOW 1206 1505 1210 1505
SAGSLOW 1210 1505 1210 1505
SAGSLOW 1207 1504 1210 1505
SAGSLOW 1212 1505 1210 1505
SAGEND
