# elf_sha256 C1F71104EA003157F01636E59E651087C8D8C0853AA1A332FDA1318227A3B8C5
# started 2026-09-24T00:50:25
BEMFRUN handoff_ehz=200 target_duty_tenths=250 advance_level=20 total_ms=80000 inject=0
PREFLIGHT moe=0 ccr1=0 ccr2=0 ccr3=0 gates_low=1 en=0 nfault=1 verdict=PASS
POSTSTOP
PREFLIGHT moe=0 ccr1=0 ccr2=0 ccr3=0 gates_low=1 en=0 nfault=1 verdict=PASS
BEMFDONE reason=2 accepted=517288 forced=0 zc_acc=517289 too_early=0 unstable=1682417 ci_us=138 bus_ref=1218 bus_min=1113
BEMFSAG ref_bus=1218 ref_vref=1506 filt_bus=1212 filt_vref=1507 streak=0 tripped=0
BEMFGATE closed_ms=74776 hold_ms=67276 target_tenths=250 zc_per_s=6917 comm_per_s=6917 ehz_from_ci_last=1207 forced_pct=0
BEMFRATE hold_ms=67276 hold_accepted=481778 hold_forced=0 mean_ci_us=139 mean_sector_us=139 ehz_from_sector=1199 zc_per_s=7161 zc_expected_per_s=7194 zc_rate_permille_of_expected=995 hold_forced_pct=0
BEMFTAIL accepts=23425 span_us=3273564 start_before_stop_us=3273727 end_before_stop_us=163 window_us=2000000
BEMFRCOMP spent_max_us=11 late_arms=0 com_preempts=0 com_arm_preempts=0
BEMFSECTOR a1=65535 f1=0 a2=65535 f2=0 a3=65535 f3=0 a4=65535 f4=0 a5=65535 f5=0 a6=65535 f6=0
BEMFPHASE lt075=1698 to100=65535 to125=65535 to150=2072 gt150=0
BEMFREVISIT r1=5130 v1=5130 r2=8952 v2=8952 r3=12063 v3=12063 r4=9525 v4=9525 r5=10817 v5=10817 r6=15422 v6=15422
BEMFDRIVEN entered=1 epochs=21 accepts=13 early=23 unstable=265 defers=1 retries=0 late_max_us=21 qual_intervals=12 qual_reanchors=0 qual_fault=0 fail=0 seeded=1 seed_step=3 seed_us=756 commanded_us=833 irq_peak_per_ms=58 closed_irq_peak_per_ms=62 storm=0 storm_step=0 cap_armed=1 comp_call_max_us=16 overrun=0 blank_arms=517289 blank_latched=0 com_count=517289 com_late_max_us=11
BEMFGUARD reason=0 ticks=786940 gap_max_us=110 track_fault=0 track_max_us=378 fast_events=508494 fast_min_us=86 loop_iters_closed=2979798 loop_gap_max_us=157 acquire_us=16800
BEMFDRVROWS 9:3:7710:928 10:4:641:627 11:5:787:689 12:6:614:482 13:1:795:439 14:2:705:323 15:3:779:247 16:4:620:41
BEMFDRVROWS 17:5:818:18 18:6:879:74 19:1:784:13 20:2:817:23 21:3:836:15
BEMFCURRENT blocks=7869 mean_residual=2612 mean_ma=327 hold_blocks=6660 hold_ma=355 zero_blocks=50 zero_start=618618 zero_end=617266 zero_drift_ma=-169 ref_ma=326 duty_tenths=250
BEMFWITNESS samples=183220 bemf_min=0 bemf_max=0 mid=0 mid_fixed=0 alt=0 hyst_codes=12 driven_rotation=0
vsenc_min=0 vsenc_max=0 star_min=0 star_max=0 bus_ref=1218
BEMFCOAST reason=2 pp_first=0 pp_last=0 crossings=0 spun=1 comp_edges=1493 comp_hi=384379 comp_polls=549078
COASTTIMING trans=915 offset_us=39 first_us=219 iv_us=429,409,432,410,431,412,432,414 ehz_first=1165
SAGSNAP judged=786911 fast_len=512 slow_len=1024 slow_every=32 frozen=1 num=95 den=100 streak_to_latch=3 adc_rail=4095
SAGROW 32776 1213 1507 1212 1507 0 4 250 61
SAGROW 32897 1214 1507 1212 1507 0 4 250 48
SAGROW 32979 1212 1507 1212 1507 0 5 250 130
SAGROW 33089 1214 1507 1212 1507 0 6 250 104
SAGROW 33188 1213 1508 1212 1507 0 1 250 63
SAGROW 33304 1212 1508 1212 1507 0 1 250 47
SAGROW 33392 1211 1508 1212 1507 0 2 250 135
SAGROW 33477 1211 1507 1212 1507 0 3 250 65
SAGROW 33599 1212 1507 1212 1507 0 4 250 56
SAGROW 33711 1212 1507 1212 1507 0 4 250 169
SAGROW 33784 1213 1507 1212 1507 0 5 250 104
SAGROW 33877 1212 1507 1212 1507 0 6 250 49
SAGROW 34001 1212 1507 1212 1507 0 6 250 43
SAGROW 34125 1213 1507 1212 1507 0 1 250 168
SAGROW 34192 1213 1507 1212 1507 0 2 250 102
SAGROW 34284 1214 1507 1212 1507 0 3 250 47
SAGROW 34399 1215 1507 1212 1507 0 3 250 162
SAGROW 34498 1213 1507 1212 1507 0 4 250 119
SAGROW 34589 1214 1507 1212 1507 0 5 250 82
SAGROW 34685 1214 1507 1212 1507 0 5 250 178
SAGROW 34809 1215 1506 1212 1507 0 6 250 135
SAGROW 34900 1215 1506 1212 1507 0 1 250 103
SAGROW 34996 1214 1506 1212 1507 0 2 250 58
SAGROW 35094 1213 1506 1212 1507 0 2 250 156
SAGROW 35204 1212 1506 1212 1507 0 3 250 135
SAGROW 35309 1213 1507 1212 1507 0 4 250 95
SAGROW 35409 1213 1507 1212 1507 0 5 250 47
SAGROW 35540 1213 1507 1212 1507 0 5 250 40
SAGROW 35602 1212 1506 1212 1507 0 6 250 102
SAGROW 35706 1211 1507 1212 1507 0 1 250 74
SAGROW 35822 1211 1507 1212 1507 0 1 250 47
SAGROW 35929 1211 1507 1212 1507 0 2 250 153
SAGROW 36012 1210 1507 1212 1507 0 3 250 97
SAGROW 36114 1210 1507 1212 1507 0 4 250 59
SAGROW 36232 1210 1507 1212 1507 0 4 250 176
SAGROW 36317 1210 1507 1212 1507 0 5 250 102
SAGROW 36402 1211 1507 1212 1507 0 6 250 65
SAGROW 36512 1213 1507 1212 1507 0 6 250 176
SAGROW 36634 1215 1507 1212 1507 0 1 250 159
SAGROW 36725 1215 1507 1212 1507 0 2 250 115
SAGROW 36816 1215 1506 1212 1507 0 3 250 58
SAGROW 36924 1215 1507 1212 1507 0 3 250 166
SAGROW 37023 1215 1506 1212 1507 0 4 250 127
SAGROW 37120 1214 1506 1212 1507 0 5 250 91
SAGROW 37225 1214 1507 1212 1507 0 6 250 54
SAGROW 37351 1212 1507 1212 1507 0 6 250 42
SAGROW 37440 1210 1507 1212 1507 0 1 250 131
SAGROW 37523 1211 1507 1212 1507 0 2 250 71
SAGROW 37635 1212 1507 1212 1507 0 2 250 184
SAGROW 37727 1212 1506 1212 1507 0 3 250 117
SAGROW 37851 1211 1507 1212 1507 0 4 250 119
SAGROW 37928 1211 1507 1212 1507 0 5 250 68
SAGROW 38043 1211 1507 1212 1507 0 5 250 39
SAGROW 38125 1212 1507 1212 1507 0 6 250 121
SAGROW 38244 1212 1507 1212 1507 0 1 250 90
SAGROW 38343 1211 1506 1212 1507 0 2 250 50
SAGROW 38439 1211 1506 1212 1507 0 2 250 146
SAGROW 38542 1211 1507 1212 1507 0 3 250 119
SAGROW 38635 1212 1507 1212 1507 0 4 250 68
SAGROW 38743 1212 1507 1212 1507 0 5 250 49
SAGROW 38865 1210 1507 1212 1507 0 5 250 171
SAGROW 38936 1209 1507 1212 1507 0 6 250 89
SAGROW 39034 1210 1507 1212 1507 0 6 250 47
SAGROW 39171 1210 1507 1212 1507 0 1 250 46
SAGROW 39233 1211 1507 1212 1507 0 2 250 108
SAGROW 39350 1210 1507 1212 1507 0 3 250 94
SAGROW 39443 1209 1507 1212 1507 0 3 250 42
SAGROW 39579 1208 1507 1212 1507 0 4 250 178
SAGROW 39645 1211 1507 1212 1507 0 5 250 104
SAGROW 39742 1211 1506 1212 1507 0 6 250 55
SAGROW 39867 1211 1506 1212 1507 0 6 250 180
SAGROW 39952 1211 1505 1212 1507 0 1 250 112
SAGROW 40043 1210 1505 1212 1507 0 2 250 82
SAGROW 40147 1210 1506 1212 1507 0 2 250 185
SAGROW 40267 1210 1506 1212 1507 0 3 250 158
SAGROW 40371 1211 1506 1212 1507 0 4 250 129
SAGROW 40448 1211 1506 1212 1507 0 5 250 70
SAGROW 40546 1211 1506 1212 1507 0 5 250 167
SAGROW 40651 1211 1507 1212 1507 0 6 250 128
SAGROW 40764 1209 1507 1212 1507 0 1 250 93
SAGROW 40849 1210 1507 1212 1507 0 2 250 52
SAGROW 40978 1211 1506 1212 1507 0 2 250 182
SAGROW 41062 1212 1506 1212 1507 0 3 250 98
SAGROW 41161 1213 1506 1212 1507 0 4 250 80
SAGROW 41268 1213 1507 1212 1507 0 5 250 53
SAGROW 41371 1211 1507 1212 1507 0 5 250 143
SAGROW 41473 1211 1507 1212 1507 0 6 250 109
SAGROW 41567 1214 1507 1212 1507 0 1 250 71
SAGROW 41680 1212 1507 1212 1507 0 1 250 185
SAGROW 41778 1212 1507 1212 1507 0 2 250 135
SAGROW 41869 1212 1508 1212 1507 0 3 250 84
SAGROW 41962 1212 1507 1212 1507 0 3 250 46
SAGROW 42086 1211 1507 1212 1507 0 4 250 170
SAGROW 42177 1214 1507 1212 1507 0 5 250 131
SAGROW 42264 1215 1507 1212 1507 0 6 250 64
SAGROW 42387 1212 1507 1212 1507 0 1 250 55
SAGROW 42500 1213 1507 1212 1507 0 1 250 168
SAGROW 42566 1213 1507 1212 1507 0 2 250 103
SAGROW 42671 1213 1507 1212 1507 0 3 250 61
SAGROW 42774 1212 1507 1212 1507 0 3 250 164
SAGROW 42901 1212 1507 1212 1507 0 4 250 149
SAGROW 42992 1210 1507 1212 1507 0 5 250 112
SAGROW 43085 1209 1507 1212 1507 0 6 250 51
SAGROW 43187 1209 1506 1212 1507 0 6 250 153
SAGROW 43323 1210 1507 1212 1507 0 1 250 153
SAGROW 43374 1210 1507 1212 1507 0 2 250 66
SAGROW 43504 1211 1507 1212 1507 0 2 250 41
SAGROW 43584 1211 1507 1212 1507 0 3 250 121
SAGROW 43694 1212 1507 1212 1507 0 4 250 99
SAGROW 43787 1212 1507 1212 1507 0 4 250 52
SAGROW 43902 1213 1507 1212 1507 0 5 250 167
SAGROW 43985 1215 1507 1212 1507 0 6 250 98
SAGROW 44097 1214 1507 1212 1507 0 1 250 92
SAGROW 44198 1213 1507 1212 1507 0 1 250 51
SAGROW 44308 1212 1507 1212 1507 0 2 250 161
SAGROW 44393 1214 1507 1212 1507 0 3 250 104
SAGROW 44499 1213 1507 1212 1507 0 4 250 79
SAGROW 44609 1215 1507 1212 1507 0 4 250 188
SAGROW 44701 1213 1507 1212 1507 0 5 250 133
SAGROW 44792 1213 1507 1212 1507 0 6 250 85
SAGROW 44891 1213 1507 1212 1507 0 6 250 44
SAGROW 45032 1214 1507 1212 1507 0 1 250 49
SAGROW 45100 1214 1507 1212 1507 0 2 250 117
SAGROW 45200 1213 1507 1212 1507 0 3 250 77
SAGROW 45313 1214 1507 1212 1507 0 4 250 60
SAGROW 45424 1214 1507 1212 1507 0 4 250 171
SAGROW 45515 1214 1507 1212 1507 0 5 250 116
SAGROW 45600 1212 1507 1212 1507 0 6 250 58
SAGROW 45704 1212 1507 1212 1507 0 6 250 161
SAGROW 45830 1211 1507 1212 1507 0 1 250 150
SAGROW 45916 1212 1507 1212 1507 0 2 250 100
SAGROW 46014 1212 1507 1212 1507 0 2 250 43
SAGROW 46127 1210 1507 1212 1507 0 3 250 156
SAGROW 46226 1210 1507 1212 1507 0 4 250 124
SAGROW 46303 1211 1507 1212 1507 0 5 250 70
SAGROW 46412 1211 1507 1212 1507 0 5 250 179
SAGROW 46503 1211 1507 1212 1507 0 6 250 117
SAGROW 46621 1212 1507 1212 1507 0 1 250 103
SAGROW 46706 1212 1507 1212 1507 0 2 250 57
SAGROW 46823 1211 1507 1212 1507 0 2 250 174
SAGROW 46914 1211 1507 1212 1507 0 3 250 117
SAGROW 47020 1211 1506 1212 1507 0 4 250 83
SAGROW 47120 1212 1506 1212 1507 0 4 250 53
SAGROW 47244 1213 1506 1212 1507 0 5 250 177
SAGROW 47315 1214 1506 1212 1507 0 6 250 95
SAGROW 47421 1215 1506 1212 1507 0 1 250 61
SAGROW 47535 1213 1507 1212 1507 0 1 250 175
SAGROW 47621 1215 1507 1212 1507 0 2 250 124
SAGROW 47737 1216 1507 1212 1507 0 3 250 109
SAGROW 47831 1216 1508 1212 1507 0 4 250 57
SAGROW 47950 1216 1507 1212 1507 0 4 250 177
SAGROW 48036 1215 1507 1212 1507 0 5 250 126
SAGROW 48119 1215 1507 1212 1507 0 6 250 66
SAGROW 48233 1214 1507 1212 1507 0 6 250 43
SAGROW 48357 1216 1507 1212 1507 0 1 250 166
SAGROW 48442 1214 1507 1212 1507 0 2 250 110
SAGROW 48527 1213 1507 1212 1507 0 3 250 65
SAGROW 48632 1213 1507 1212 1507 0 3 250 170
SAGROW 48764 1211 1507 1212 1507 0 4 250 157
SAGROW 48830 1209 1507 1212 1507 0 5 250 83
SAGROW 48935 1209 1507 1212 1507 0 5 250 42
SAGROW 49037 1207 1508 1212 1507 0 6 250 144
SAGROW 49162 1207 1507 1212 1507 0 1 250 116
SAGROW 49239 1208 1507 1212 1507 0 2 250 71
SAGROW 49359 1206 1507 1212 1507 0 2 250 42
SAGROW 49454 1204 1507 1212 1507 0 3 250 138
SAGROW 49548 1204 1507 1212 1507 0 4 250 108
SAGROW 49644 1207 1507 1212 1507 0 5 250 55
SAGROW 49782 1208 1507 1212 1507 0 5 250 42
SAGROW 49850 1209 1507 1212 1507 0 6 250 110
SAGROW 49954 1210 1507 1212 1507 0 1 250 87
SAGROW 50055 1210 1507 1212 1507 0 1 250 52
SAGROW 50187 1211 1507 1212 1507 0 2 250 38
SAGROW 50250 1209 1507 1212 1507 0 3 250 100
SAGROW 50354 1208 1507 1212 1507 0 4 250 66
SAGROW 50473 1208 1507 1212 1507 0 4 250 185
SAGROW 50559 1208 1507 1212 1507 0 5 250 130
SAGROW 50650 1210 1507 1212 1507 0 6 250 85
SAGROW 50756 1208 1508 1212 1507 0 1 250 55
SAGROW 50884 1212 1507 1212 1507 0 1 250 49
SAGROW 50972 1212 1507 1212 1507 0 2 250 136
SAGROW 51049 1216 1507 1212 1507 0 3 250 70
SAGROW 51177 1216 1507 1212 1507 0 4 250 55
SAGROW 51290 1215 1507 1212 1507 0 4 250 168
SAGROW 51356 1215 1507 1212 1507 0 5 250 103
SAGROW 51461 1215 1507 1212 1507 0 6 250 63
SAGROW 51569 1215 1507 1212 1507 0 6 250 171
SAGROW 51696 1210 1507 1212 1507 0 1 250 148
SAGROW 51761 1209 1507 1212 1507 0 2 250 80
SAGROW 51868 1208 1507 1212 1507 0 3 250 52
SAGROW 51985 1210 1507 1212 1507 0 3 250 169
SAGROW 52083 1210 1507 1212 1507 0 4 250 123
SAGROW 52166 1209 1507 1212 1507 0 5 250 70
SAGROW 52281 1208 1507 1212 1507 0 5 250 40
SAGROW 52377 1209 1506 1212 1507 0 6 250 130
SAGROW 52487 1211 1506 1212 1507 0 1 250 103
SAGROW 52566 1211 1506 1212 1507 0 2 250 49
SAGROW 52683 1211 1506 1212 1507 0 2 250 158
SAGROW 52767 1211 1506 1212 1507 0 3 250 119
SAGROW 52892 1207 1506 1212 1507 0 4 250 99
SAGROW 52984 1208 1506 1212 1507 0 4 250 51
SAGROW 53100 1209 1506 1212 1507 0 5 250 167
SAGROW 53171 1208 1506 1212 1507 0 6 250 97
SAGROW 53284 1207 1507 1212 1507 0 1 250 72
SAGROW 53400 1202 1507 1212 1507 0 1 250 47
SAGROW 53487 1202 1507 1212 1507 0 2 250 135
SAGROW 53579 1201 1507 1212 1507 0 3 250 86
SAGROW 53698 1207 1507 1212 1507 0 4 250 64
SAGROW 53823 1205 1507 1212 1507 0 4 250 189
SAGROW 53890 1206 1507 1212 1507 0 5 250 108
SAGROW 53989 1208 1508 1212 1507 0 6 250 66
SAGROW 54079 1210 1507 1212 1507 0 6 250 156
SAGROW 54206 1215 1508 1212 1507 0 1 250 152
SAGROW 54291 1214 1507 1212 1507 0 2 250 102
SAGROW 54389 1213 1507 1212 1507 0 3 250 52
SAGROW 54492 1212 1507 1212 1507 0 3 250 156
SAGROW 54625 1211 1507 1212 1507 0 4 250 156
SAGROW 54696 1210 1507 1212 1507 0 5 250 92
SAGROW 54804 1209 1506 1212 1507 0 6 250 53
SAGROW 54907 1210 1506 1212 1507 0 6 250 157
SAGROW 55019 1212 1506 1212 1507 0 1 250 131
SAGROW 55090 1212 1506 1212 1507 0 2 250 59
SAGROW 55199 1214 1506 1212 1507 0 2 250 169
SAGROW 55323 1214 1506 1212 1507 0 3 250 147
SAGROW 55416 1217 1506 1212 1507 0 4 250 108
SAGROW 55501 1218 1506 1212 1507 0 5 250 61
SAGROW 55616 1217 1506 1212 1507 0 5 250 176
SAGROW 55707 1214 1506 1212 1507 0 6 250 113
SAGROW 55811 1213 1506 1212 1507 0 1 250 89
SAGROW 55903 1213 1507 1212 1507 0 2 250 49
SAGROW 56018 1219 1506 1212 1507 0 2 250 164
SAGROW 56110 1218 1507 1212 1507 0 3 250 102
SAGROW 56222 1215 1507 1212 1507 0 4 250 80
SAGROW 56323 1214 1507 1212 1507 0 4 250 50
SAGROW 56410 1213 1507 1212 1507 0 5 250 137
SAGROW 56514 1214 1507 1212 1507 0 6 250 88
SAGROW 56612 1215 1507 1212 1507 0 6 250 46
SAGROW 56738 1214 1506 1212 1507 0 1 250 173
SAGROW 56825 1209 1507 1212 1507 0 2 250 125
SAGROW 56922 1209 1507 1212 1507 0 3 250 81
SAGROW 57035 1209 1507 1212 1507 0 4 250 57
SAGROW 57154 1210 1507 1212 1507 0 4 250 175
SAGROW 57220 1211 1507 1212 1507 0 5 250 103
SAGROW 57313 1210 1506 1212 1507 0 6 250 53
SAGROW 57434 1210 1506 1212 1507 0 6 250 173
SAGROW 57552 1211 1506 1212 1507 0 1 250 145
SAGROW 57618 1210 1506 1212 1507 0 2 250 80
SAGROW 57722 1212 1507 1212 1507 0 3 250 55
SAGROW 57846 1213 1507 1212 1507 0 3 250 178
SAGROW 57970 1213 1506 1212 1507 0 4 250 149
SAGROW 58021 1212 1507 1212 1507 0 5 250 69
SAGROW 58140 1212 1507 1212 1507 0 5 250 187
SAGROW 58246 1211 1507 1212 1507 0 6 250 132
SAGROW 58333 1211 1507 1212 1507 0 1 250 81
SAGROW 58425 1212 1507 1212 1507 0 2 250 52
SAGROW 58552 1211 1507 1212 1507 0 2 250 41
SAGROW 58639 1211 1507 1212 1507 0 3 250 128
SAGROW 58744 1211 1507 1212 1507 0 4 250 98
SAGROW 58850 1213 1507 1212 1507 0 4 250 49
SAGROW 58939 1215 1507 1212 1507 0 5 250 139
SAGROW 59056 1214 1507 1212 1507 0 6 250 110
SAGROW 59147 1214 1507 1212 1507 0 1 250 74
SAGROW 59253 1213 1507 1212 1507 0 1 250 180
SAGROW 59344 1214 1507 1212 1507 0 2 250 128
SAGROW 59447 1213 1508 1212 1507 0 3 250 91
SAGROW 59547 1213 1507 1212 1507 0 4 250 60
SAGROW 59665 1212 1507 1212 1507 0 4 250 177
SAGROW 59757 1210 1507 1212 1507 0 5 250 133
SAGROW 59851 1211 1508 1212 1507 0 6 250 79
SAGROW 59969 1211 1508 1212 1507 0 1 250 61
SAGROW 60081 1212 1508 1212 1507 0 1 250 173
SAGROW 60147 1213 1507 1212 1507 0 2 250 105
SAGROW 60244 1214 1507 1212 1507 0 3 250 55
SAGROW 60368 1213 1508 1212 1507 0 3 250 42
SAGROW 60456 1215 1508 1212 1507 0 4 250 131
SAGROW 60554 1215 1507 1212 1507 0 5 250 85
SAGROW 60658 1214 1507 1212 1507 0 6 250 54
SAGROW 60761 1213 1507 1212 1507 0 6 250 157
SAGROW 60887 1213 1507 1212 1507 0 1 250 145
SAGROW 60953 1213 1507 1212 1507 0 2 250 78
SAGROW 61065 1211 1507 1212 1507 0 2 250 43
SAGROW 61186 1212 1507 1212 1507 0 3 250 164
SAGROW 61283 1212 1507 1212 1507 0 4 250 111
SAGROW 61355 1212 1507 1212 1507 0 5 250 52
SAGROW 61471 1212 1507 1212 1507 0 5 250 168
SAGROW 61562 1212 1507 1212 1507 0 6 250 116
SAGROW 61673 1212 1507 1212 1507 0 6 250 46
SAGROW 61772 1212 1507 1212 1507 0 2 250 50
SAGROW 61889 1213 1507 1212 1507 0 2 250 167
SAGROW 61974 1214 1507 1212 1507 0 3 250 119
SAGROW 62068 1212 1507 1212 1507 0 4 250 68
SAGROW 62196 1213 1507 1212 1507 0 4 250 49
SAGROW 62264 1214 1507 1212 1507 0 5 250 117
SAGROW 62387 1215 1507 1212 1507 0 6 250 108
SAGROW 62482 1214 1507 1212 1507 0 1 250 67
SAGROW 62596 1214 1507 1212 1507 0 1 250 181
SAGROW 62682 1215 1507 1212 1507 0 2 250 124
SAGROW 62779 1214 1507 1212 1507 0 3 250 91
SAGROW 62893 1216 1507 1212 1507 0 4 250 61
SAGROW 63012 1214 1507 1212 1507 0 4 250 179
SAGROW 63078 1213 1507 1212 1507 0 5 250 105
SAGROW 63184 1213 1507 1212 1507 0 6 250 52
SAGROW 63286 1213 1507 1212 1507 0 6 250 154
SAGROW 63412 1214 1506 1212 1507 0 1 250 154
SAGROW 63478 1215 1506 1212 1507 0 2 250 83
SAGROW 63582 1215 1506 1212 1507 0 3 250 47
SAGROW 63691 1214 1506 1212 1507 0 3 250 156
SAGROW 63809 1214 1507 1212 1507 0 4 250 143
SAGROW 63884 1215 1507 1212 1507 0 5 250 53
SAGROW 63980 1214 1506 1212 1507 0 5 250 149
SAGROW 64085 1214 1506 1212 1507 0 6 250 130
SAGROW 64204 1212 1505 1212 1507 0 1 250 113
SAGROW 64289 1212 1506 1212 1507 0 2 250 61
SAGROW 64415 1212 1506 1212 1507 0 2 250 42
SAGROW 64497 1213 1506 1212 1507 0 3 250 124
SAGROW 64595 1213 1506 1212 1507 0 4 250 81
SAGROW 64699 1212 1506 1212 1507 0 5 250 55
SAGROW 64803 1212 1507 1212 1507 0 5 250 145
SAGROW 64906 1214 1507 1212 1507 0 6 250 115
SAGROW 64998 1213 1507 1212 1507 0 1 250 68
SAGROW 65107 1212 1507 1212 1507 0 2 250 46
SAGROW 65222 1211 1507 1212 1507 0 2 250 161
SAGROW 65308 1210 1507 1212 1507 0 3 250 101
SAGROW 65407 1211 1507 1212 1507 0 4 250 59
SAGROW 65519 1211 1507 1212 1507 0 4 250 171
SAGROW 75 1211 1507 1212 1507 0 5 250 132
SAGROW 160 1210 1507 1212 1507 0 6 250 65
SAGROW 289 1211 1507 1212 1507 0 1 250 54
SAGROW 413 1212 1507 1212 1507 0 1 250 179
SAGROW 480 1211 1507 1212 1507 0 2 250 107
SAGROW 565 1211 1507 1212 1507 0 3 250 60
SAGROW 691 1211 1507 1212 1507 0 3 250 42
SAGROW 800 1212 1506 1212 1507 0 4 250 151
SAGROW 886 1212 1506 1212 1507 0 5 250 93
SAGROW 991 1212 1506 1212 1507 0 5 250 41
SAGROW 1084 1213 1506 1212 1507 0 6 250 135
SAGROW 1203 1212 1506 1212 1507 0 1 250 137
SAGROW 1280 1211 1506 1212 1507 0 2 250 71
SAGROW 1389 1211 1506 1212 1507 0 3 250 51
SAGROW 1478 1211 1506 1212 1507 0 3 250 141
SAGROW 1608 1210 1506 1212 1507 0 4 250 116
SAGROW 1685 1209 1507 1212 1507 0 5 250 54
SAGROW 1798 1210 1507 1212 1507 0 5 250 167
SAGROW 1881 1210 1507 1212 1507 0 6 250 98
SAGROW 1994 1211 1507 1212 1507 0 1 250 73
SAGROW 2097 1212 1507 1212 1507 0 1 250 53
SAGROW 2205 1214 1507 1212 1507 0 2 250 161
SAGROW 2290 1214 1507 1212 1507 0 3 250 106
SAGROW 2396 1215 1508 1212 1507 0 4 250 81
SAGROW 2501 1216 1507 1212 1507 0 4 250 185
SAGROW 2594 1216 1507 1212 1507 0 5 250 134
SAGROW 2704 1216 1507 1212 1507 0 6 250 100
SAGROW 2804 1215 1507 1212 1507 0 1 250 61
SAGROW 2917 1215 1507 1212 1507 0 1 250 173
SAGROW 3003 1213 1507 1212 1507 0 2 250 127
SAGROW 3092 1212 1507 1212 1507 0 3 250 66
SAGROW 3213 1211 1507 1212 1507 0 3 250 180
SAGROW 3319 1210 1507 1212 1507 0 4 250 141
SAGROW 3409 1210 1507 1212 1507 0 5 250 113
SAGROW 3494 1210 1507 1212 1507 0 6 250 54
SAGROW 3620 1211 1507 1212 1507 0 6 250 41
SAGROW 3709 1212 1507 1212 1507 0 1 250 131
SAGROW 3812 1213 1507 1212 1507 0 2 250 91
SAGROW 3904 1214 1507 1212 1507 0 3 250 47
SAGROW 4031 1215 1507 1212 1507 0 3 250 175
SAGROW 4143 1216 1507 1212 1507 0 4 250 134
SAGROW 4209 1214 1506 1212 1507 0 5 250 80
SAGROW 4321 1213 1506 1212 1507 0 6 250 47
SAGROW 4409 1213 1506 1212 1507 0 6 250 129
SAGROW 4520 1211 1506 1212 1507 0 1 250 99
SAGROW 4605 1211 1506 1212 1507 0 2 250 61
SAGROW 4732 1211 1506 1212 1507 0 2 250 40
SAGROW 4820 1213 1506 1212 1507 0 3 250 122
SAGROW 4921 1211 1507 1212 1507 0 4 250 86
SAGROW 5014 1212 1507 1212 1507 0 5 250 52
SAGROW 5138 1212 1507 1212 1507 0 5 250 176
SAGROW 5229 1213 1508 1212 1507 0 6 250 113
SAGROW 5327 1215 1507 1212 1507 0 1 250 71
SAGROW 5440 1214 1507 1212 1507 0 1 250 47
SAGROW 5522 1215 1508 1212 1507 0 2 250 129
SAGROW 5619 1214 1507 1212 1507 0 3 250 85
SAGROW 5739 1214 1507 1212 1507 0 4 250 61
SAGROW 5859 1214 1507 1212 1507 0 4 250 50
SAGROW 5927 1214 1506 1212 1507 0 5 250 118
SAGROW 6025 1213 1506 1212 1507 0 6 250 56
SAGROW 6131 1212 1506 1212 1507 0 6 250 44
SAGROW 6249 1212 1506 1212 1507 0 1 250 162
SAGROW 6334 1210 1506 1212 1507 0 2 250 108
SAGROW 6425 1211 1506 1212 1507 0 3 250 59
SAGROW 6533 1210 1506 1212 1507 0 3 250 168
SAGROW 6671 1209 1506 1212 1507 0 4 250 161
SAGROW 6743 1209 1506 1212 1507 0 5 250 92
SAGROW 6850 1211 1506 1212 1507 0 6 250 48
SAGROW 6952 1210 1506 1212 1507 0 6 250 150
SAGROW 7052 1210 1506 1212 1507 0 1 250 123
SAGROW 7144 1211 1506 1212 1507 0 2 250 81
SAGROW 7254 1211 1506 1212 1507 0 2 250 41
SAGROW 7349 1212 1506 1212 1507 0 3 250 136
SAGROW 7458 1213 1506 1212 1507 0 4 250 123
SAGROW 7543 1213 1506 1212 1507 0 5 250 63
SAGROW 7647 1213 1506 1212 1507 0 5 250 167
SAGROW 7752 1214 1506 1212 1507 0 6 250 131
SAGROW 7863 1215 1506 1212 1507 0 1 250 94
SAGROW 7950 1216 1506 1212 1507 0 2 250 52
SAGROW 8071 1216 1507 1212 1507 0 2 250 173
SAGROW 8142 1216 1507 1212 1507 0 3 250 97
SAGROW 8258 1215 1506 1212 1507 0 4 250 75
SAGROW 8366 1215 1506 1212 1507 0 4 250 182
SAGROW 8452 1212 1507 1212 1507 0 5 250 123
SAGROW 8563 1214 1507 1212 1507 0 6 250 104
SAGROW 8661 1212 1507 1212 1507 0 1 250 64
SAGROW 8773 1211 1507 1212 1507 0 1 250 176
SAGROW 8858 1212 1507 1212 1507 0 2 250 128
SAGROW 8955 1213 1507 1212 1507 0 3 250 79
SAGROW 9059 1214 1507 1212 1507 0 3 250 42
SAGROW 9184 1213 1507 1212 1507 0 4 250 159
SAGROW 9268 1214 1507 1212 1507 0 5 250 119
SAGROW 9359 1214 1507 1212 1507 0 6 250 57
SAGROW 9469 1214 1507 1212 1507 0 6 250 168
SAGROW 9582 1214 1507 1212 1507 0 1 250 139
SAGROW 9667 1214 1507 1212 1507 0 2 250 104
SAGROW 9760 1213 1507 1212 1507 0 3 250 50
SAGROW 9884 1214 1507 1212 1507 0 3 250 174
SAGROW 9996 1215 1507 1212 1507 0 4 250 134
SAGROW 10081 1213 1507 1212 1507 0 5 250 100
SAGROW 10181 1212 1507 1212 1507 0 6 250 46
SAGROW 10288 1213 1507 1212 1507 0 6 250 153
SAGROW 10374 1212 1507 1212 1507 0 1 250 99
SAGROW 10470 1213 1507 1212 1507 0 2 250 58
SAGROW 10567 1212 1507 1212 1507 0 2 250 155
SAGROW 10678 1210 1507 1212 1507 0 3 250 133
SAGROW 10783 1209 1507 1212 1507 0 4 250 88
SAGROW 10875 1211 1507 1212 1507 0 5 250 49
SAGROW 10997 1210 1507 1212 1507 0 5 250 170
SAGROW 11082 1210 1507 1212 1507 0 6 250 108
SAGROW 11189 1209 1507 1212 1507 0 1 250 82
SAGROW 11288 1208 1507 1212 1507 0 1 250 181
SAGROW 11407 1208 1507 1212 1507 0 2 250 159
SAGROW 11492 1210 1507 1212 1507 0 3 250 107
SAGROW 11585 1210 1507 1212 1507 0 4 250 63
SAGROW 11708 1210 1507 1212 1507 0 4 250 186
SAGROW 11792 1212 1507 1212 1507 0 5 250 120
SAGROW 11887 1212 1507 1212 1507 0 6 250 65
SAGROW 11986 1213 1507 1212 1507 0 6 250 164
SAGROW 12120 1213 1507 1212 1507 0 1 250 161
SAGROW 12206 1213 1507 1212 1507 0 2 250 122
SAGROW 12284 1213 1507 1212 1507 0 3 250 53
SAGROW 12412 1214 1507 1212 1507 0 4 250 57
SAGROW 12529 1213 1507 1212 1507 0 4 250 174
SAGROW 12600 1213 1507 1212 1507 0 5 250 91
SAGROW 12694 1211 1507 1212 1507 0 6 250 50
SAGROW 12808 1212 1507 1212 1507 0 6 250 165
SAGROW 12907 1211 1507 1212 1507 0 1 250 124
SAGROW 12998 1211 1507 1212 1507 0 2 250 80
SAGROW 13101 1211 1507 1212 1507 0 2 250 183
SAGROW 13230 1211 1507 1212 1507 0 3 250 164
SAGROW 13310 1211 1507 1212 1507 0 4 250 93
SAGROW 13395 1209 1507 1212 1507 0 5 250 61
SAGROW 13527 1210 1508 1212 1507 0 5 250 40
SAGROW 13628 1209 1508 1212 1507 0 6 250 121
SAGROW 13719 1211 1508 1212 1507 0 1 250 104
SAGROW 13804 1210 1508 1212 1507 0 2 250 54
SAGROW 13922 1210 1507 1212 1507 0 2 250 171
SAGROW 14013 1211 1507 1212 1507 0 3 250 116
SAGROW 14119 1212 1507 1212 1507 0 4 250 83
SAGROW 14220 1213 1507 1212 1507 0 4 250 52
SAGROW 14309 1214 1507 1212 1507 0 5 250 142
SAGROW 14412 1214 1507 1212 1507 0 6 250 90
SAGROW 14519 1214 1507 1212 1507 0 1 250 59
SAGROW 14640 1214 1507 1212 1507 0 1 250 47
SAGROW 14708 1214 1507 1212 1507 0 2 250 115
SAGROW 14824 1214 1507 1212 1507 0 3 250 93
SAGROW 14918 1212 1507 1212 1507 0 3 250 188
SAGROW 15051 1212 1506 1212 1507 0 4 250 169
SAGROW 15117 1211 1507 1212 1507 0 5 250 106
SAGROW 15220 1211 1507 1212 1507 0 6 250 66
SAGROW 15340 1210 1507 1212 1507 0 6 250 38
SAGROW 15447 1210 1507 1212 1507 0 1 250 146
SAGROW 15532 1210 1507 1212 1507 0 2 250 101
SAGROW 15617 1210 1507 1212 1507 0 3 250 54
SAGROW 15749 1210 1507 1212 1507 0 3 250 40
SAGROW 15858 1210 1507 1212 1507 0 4 250 136
SAGROW 15925 1210 1507 1212 1507 0 5 250 79
SAGROW 16051 1210 1507 1212 1507 0 5 250 43
SAGROW 16146 1210 1507 1212 1507 0 6 250 138
SAGROW 16239 1211 1507 1212 1507 0 1 250 113
SAGROW 16330 1212 1507 1212 1507 0 2 250 63
SAGROW 16444 1211 1507 1212 1507 0 2 250 39
SAGROW 16538 1212 1507 1212 1507 0 3 250 133
SAGROW 16648 1213 1507 1212 1507 0 4 250 99
SAGROW 16745 1212 1507 1212 1507 0 5 250 55
SAGROW 16853 1211 1507 1212 1507 0 5 250 163
SAGROW 16938 1211 1507 1212 1507 0 6 250 111
SAGROW 17040 1210 1507 1212 1507 0 1 250 62
SAGROW 17148 1208 1507 1212 1507 0 2 250 47
SAGROW 17270 1207 1507 1212 1507 0 2 250 168
SAGROW 17343 1208 1507 1212 1507 0 3 250 99
SAGROW 17450 1208 1507 1212 1507 0 4 250 73
SAGROW 17575 1209 1507 1212 1507 0 4 250 200
SAGROW 17641 1209 1507 1212 1507 0 5 250 108
SAGROW 17745 1210 1507 1212 1507 0 6 250 70
SAGROW 17845 1210 1507 1212 1507 0 6 250 44
SAGROW 17970 1211 1507 1212 1507 0 1 250 161
SAGROW 18054 1211 1507 1212 1507 0 2 250 118
SAGROW 18147 1209 1507 1212 1507 0 3 250 62
SAGROW 18261 1209 1507 1212 1507 0 4 250 54
SAGROW 18373 1209 1507 1212 1507 0 4 250 165
SAGROW 18464 1210 1507 1212 1507 0 5 250 104
SAGROW 18551 1210 1507 1212 1507 0 6 250 52
SAGROW 18675 1210 1507 1212 1507 0 6 250 39
SAGROW 18763 1210 1507 1212 1507 0 1 250 127
SAGROW 18854 1211 1507 1212 1507 0 2 250 85
SAGSLOW 1215 1506 1212 1507
SAGSLOW 1209 1507 1212 1507
SAGSLOW 1214 1507 1212 1507
SAGSLOW 1211 1507 1212 1507
SAGSLOW 1216 1507 1212 1507
SAGSLOW 1209 1506 1212 1507
SAGSLOW 1214 1507 1212 1507
SAGSLOW 1211 1508 1212 1507
SAGSLOW 1209 1508 1212 1507
SAGSLOW 1211 1506 1212 1507
SAGSLOW 1210 1507 1212 1507
SAGSLOW 1212 1506 1212 1507
SAGSLOW 1215 1508 1212 1507
SAGSLOW 1215 1507 1212 1507
SAGSLOW 1217 1507 1212 1507
SAGSLOW 1211 1506 1212 1507
SAGSLOW 1212 1506 1212 1507
SAGSLOW 1210 1507 1212 1507
SAGSLOW 1210 1507 1212 1507
SAGSLOW 1208 1507 1212 1507
SAGSLOW 1212 1506 1212 1507
SAGSLOW 1216 1508 1212 1507
SAGSLOW 1217 1508 1212 1507
SAGSLOW 1207 1507 1212 1507
SAGSLOW 1212 1508 1212 1507
SAGSLOW 1212 1507 1212 1507
SAGSLOW 1216 1507 1212 1507
SAGSLOW 1215 1506 1212 1507
SAGSLOW 1212 1508 1212 1507
SAGSLOW 1214 1506 1212 1507
SAGSLOW 1210 1506 1212 1507
SAGSLOW 1218 1506 1212 1507
SAGSLOW 1214 1507 1212 1507
SAGSLOW 1212 1507 1212 1507
SAGSLOW 1210 1507 1212 1507
SAGSLOW 1209 1507 1212 1507
SAGSLOW 1208 1506 1212 1507
SAGSLOW 1213 1508 1212 1507
SAGSLOW 1208 1508 1212 1507
SAGSLOW 1207 1506 1212 1507
SAGSLOW 1212 1507 1212 1507
SAGSLOW 1214 1507 1212 1507
SAGSLOW 1208 1507 1212 1507
SAGSLOW 1213 1506 1212 1507
SAGSLOW 1212 1507 1212 1507
SAGSLOW 1213 1506 1212 1507
SAGSLOW 1211 1507 1212 1507
SAGSLOW 1212 1507 1212 1507
SAGSLOW 1209 1507 1212 1507
SAGSLOW 1211 1508 1212 1507
SAGSLOW 1209 1508 1212 1507
SAGSLOW 1210 1507 1212 1507
SAGSLOW 1212 1508 1212 1507
SAGSLOW 1212 1506 1212 1507
SAGSLOW 1214 1507 1212 1507
SAGSLOW 1208 1507 1212 1507
SAGSLOW 1215 1507 1212 1507
SAGSLOW 1215 1507 1212 1507
SAGSLOW 1214 1507 1212 1507
SAGSLOW 1213 1508 1212 1507
SAGSLOW 1208 1506 1212 1507
SAGSLOW 1217 1507 1212 1507
SAGSLOW 1211 1507 1212 1507
SAGSLOW 1210 1507 1212 1507
SAGSLOW 1210 1507 1212 1507
SAGSLOW 1209 1508 1212 1507
SAGSLOW 1210 1507 1212 1507
SAGSLOW 1213 1507 1212 1507
SAGSLOW 1212 1506 1212 1507
SAGSLOW 1212 1507 1212 1507
SAGSLOW 1210 1507 1212 1507
SAGSLOW 1210 1506 1212 1507
SAGSLOW 1210 1507 1212 1507
SAGSLOW 1203 1507 1212 1507
SAGSLOW 1210 1506 1212 1507
SAGSLOW 1212 1507 1212 1507
SAGSLOW 1212 1507 1212 1507
SAGSLOW 1213 1507 1212 1507
SAGSLOW 1207 1507 1212 1507
SAGSLOW 1213 1507 1212 1507
SAGSLOW 1211 1506 1212 1507
SAGSLOW 1212 1507 1212 1507
SAGSLOW 1211 1507 1212 1507
SAGSLOW 1211 1507 1212 1507
SAGSLOW 1211 1507 1212 1507
SAGSLOW 1211 1507 1212 1507
SAGSLOW 1211 1507 1212 1507
SAGSLOW 1213 1507 1212 1507
SAGSLOW 1216 1508 1212 1507
SAGSLOW 1212 1507 1212 1507
SAGSLOW 1211 1506 1212 1507
SAGSLOW 1214 1507 1212 1507
SAGSLOW 1212 1507 1212 1507
SAGSLOW 1212 1506 1212 1507
SAGSLOW 1210 1506 1212 1507
SAGSLOW 1214 1507 1212 1507
SAGSLOW 1212 1508 1212 1507
SAGSLOW 1209 1507 1212 1507
SAGSLOW 1204 1507 1212 1507
SAGSLOW 1214 1507 1212 1507
SAGSLOW 1215 1507 1212 1507
SAGSLOW 1214 1507 1212 1507
SAGSLOW 1211 1507 1212 1507
SAGSLOW 1213 1507 1212 1507
SAGSLOW 1213 1506 1212 1507
SAGSLOW 1213 1507 1212 1507
SAGSLOW 1212 1506 1212 1507
SAGSLOW 1211 1508 1212 1507
SAGSLOW 1213 1507 1212 1507
SAGSLOW 1211 1507 1212 1507
SAGSLOW 1210 1507 1212 1507
SAGSLOW 1208 1507 1212 1507
SAGSLOW 1211 1507 1212 1507
SAGSLOW 1212 1506 1212 1507
SAGSLOW 1212 1507 1212 1507
SAGSLOW 1212 1507 1212 1507
SAGSLOW 1212 1506 1212 1507
SAGSLOW 1217 1506 1212 1507
SAGSLOW 1213 1507 1212 1507
SAGSLOW 1214 1506 1212 1507
SAGSLOW 1212 1507 1212 1507
SAGSLOW 1211 1507 1212 1507
SAGSLOW 1212 1506 1212 1507
SAGSLOW 1211 1506 1212 1507
SAGSLOW 1210 1506 1212 1507
SAGSLOW 1212 1508 1212 1507
SAGSLOW 1215 1508 1212 1507
SAGSLOW 1209 1507 1212 1507
SAGSLOW 1218 1506 1212 1507
SAGSLOW 1211 1507 1212 1507
SAGSLOW 1213 1507 1212 1507
SAGSLOW 1210 1507 1212 1507
SAGSLOW 1211 1507 1212 1507
SAGSLOW 1212 1508 1212 1507
SAGSLOW 1214 1508 1212 1507
SAGSLOW 1213 1507 1212 1507
SAGSLOW 1215 1507 1212 1507
SAGSLOW 1214 1507 1212 1507
SAGSLOW 1213 1506 1212 1507
SAGSLOW 1217 1506 1212 1507
SAGSLOW 1210 1507 1212 1507
SAGSLOW 1212 1506 1212 1507
SAGSLOW 1213 1507 1212 1507
SAGSLOW 1212 1507 1212 1507
SAGSLOW 1215 1507 1212 1507
SAGSLOW 1209 1506 1212 1507
SAGSLOW 1215 1507 1212 1507
SAGSLOW 1209 1507 1212 1507
SAGSLOW 1210 1507 1212 1507
SAGSLOW 1216 1507 1212 1507
SAGSLOW 1207 1507 1212 1507
SAGSLOW 1209 1507 1212 1507
SAGSLOW 1213 1508 1212 1507
SAGSLOW 1214 1507 1212 1507
SAGSLOW 1209 1506 1212 1507
SAGSLOW 1211 1507 1212 1507
SAGSLOW 1217 1506 1212 1507
SAGSLOW 1213 1507 1212 1507
SAGSLOW 1215 1506 1212 1507
SAGSLOW 1211 1507 1212 1507
SAGSLOW 1213 1507 1212 1507
SAGSLOW 1214 1506 1212 1507
SAGSLOW 1207 1507 1212 1507
SAGSLOW 1212 1507 1212 1507
SAGSLOW 1209 1506 1212 1507
SAGSLOW 1210 1507 1212 1507
SAGSLOW 1211 1507 1212 1507
SAGSLOW 1211 1508 1212 1507
SAGSLOW 1210 1507 1212 1507
SAGSLOW 1216 1506 1212 1507
SAGSLOW 1213 1506 1212 1507
SAGSLOW 1213 1507 1212 1507
SAGSLOW 1210 1508 1212 1507
SAGSLOW 1210 1507 1212 1507
SAGSLOW 1207 1507 1212 1507
SAGSLOW 1209 1507 1212 1507
SAGSLOW 1211 1506 1212 1507
SAGSLOW 1211 1507 1212 1507
SAGSLOW 1212 1507 1212 1507
SAGSLOW 1214 1507 1212 1507
SAGSLOW 1206 1507 1212 1507
SAGSLOW 1212 1506 1212 1507
SAGSLOW 1214 1508 1212 1507
SAGSLOW 1215 1507 1212 1507
SAGSLOW 1212 1507 1212 1507
SAGSLOW 1211 1507 1212 1507
SAGSLOW 1208 1506 1212 1507
SAGSLOW 1214 1507 1212 1507
SAGSLOW 1212 1507 1212 1507
SAGSLOW 1209 1507 1212 1507
SAGSLOW 1207 1506 1212 1507
SAGSLOW 1211 1507 1212 1507
SAGSLOW 1214 1506 1212 1507
SAGSLOW 1212 1508 1212 1507
SAGSLOW 1216 1509 1212 1507
SAGSLOW 1213 1507 1212 1507
SAGSLOW 1213 1508 1212 1507
SAGSLOW 1210 1507 1212 1507
SAGSLOW 1209 1507 1212 1507
SAGSLOW 1210 1507 1212 1507
SAGSLOW 1210 1507 1212 1507
SAGSLOW 1215 1507 1212 1507
SAGSLOW 1214 1507 1212 1507
SAGSLOW 1214 1507 1212 1507
SAGSLOW 1212 1506 1212 1507
SAGSLOW 1212 1507 1212 1507
SAGSLOW 1210 1507 1212 1507
SAGSLOW 1212 1507 1212 1507
SAGSLOW 1211 1507 1212 1507
SAGSLOW 1213 1507 1212 1507
SAGSLOW 1208 1507 1212 1507
SAGSLOW 1212 1506 1212 1507
SAGSLOW 1211 1507 1212 1507
SAGSLOW 1209 1507 1212 1507
SAGSLOW 1209 1507 1212 1507
SAGSLOW 1214 1507 1212 1507
SAGSLOW 1214 1506 1212 1507
SAGSLOW 1207 1507 1212 1507
SAGSLOW 1213 1507 1212 1507
SAGSLOW 1210 1506 1212 1507
SAGSLOW 1211 1508 1212 1507
SAGSLOW 1213 1507 1212 1507
SAGSLOW 1212 1507 1212 1507
SAGSLOW 1213 1507 1212 1507
SAGSLOW 1212 1507 1212 1507
SAGSLOW 1213 1507 1212 1507
SAGSLOW 1215 1506 1212 1507
SAGSLOW 1216 1505 1212 1507
SAGSLOW 1211 1507 1212 1507
SAGSLOW 1212 1506 1212 1507
SAGSLOW 1214 1508 1212 1507
SAGSLOW 1208 1507 1212 1507
SAGSLOW 1211 1507 1212 1507
SAGSLOW 1210 1507 1212 1507
SAGSLOW 1214 1507 1212 1507
SAGSLOW 1207 1507 1212 1507
SAGSLOW 1213 1507 1212 1507
SAGSLOW 1217 1507 1212 1507
SAGSLOW 1210 1506 1212 1507
SAGSLOW 1208 1506 1212 1507
SAGSLOW 1212 1506 1212 1507
SAGSLOW 1211 1506 1212 1507
SAGSLOW 1211 1507 1212 1507
SAGSLOW 1210 1507 1212 1507
SAGSLOW 1214 1506 1212 1507
SAGSLOW 1210 1507 1212 1507
SAGSLOW 1212 1507 1212 1507
SAGSLOW 1214 1506 1212 1507
SAGSLOW 1211 1508 1212 1507
SAGSLOW 1210 1507 1212 1507
SAGSLOW 1213 1508 1212 1507
SAGSLOW 1220 1508 1212 1507
SAGSLOW 1214 1507 1212 1507
SAGSLOW 1213 1507 1212 1507
SAGSLOW 1215 1508 1212 1507
SAGSLOW 1209 1507 1212 1507
SAGSLOW 1212 1508 1212 1507
SAGSLOW 1214 1507 1212 1507
SAGSLOW 1211 1507 1212 1507
SAGSLOW 1211 1506 1212 1507
SAGSLOW 1214 1506 1212 1507
SAGSLOW 1210 1507 1212 1507
SAGSLOW 1209 1506 1212 1507
SAGSLOW 1212 1507 1212 1507
SAGSLOW 1211 1506 1212 1507
SAGSLOW 1215 1507 1212 1507
SAGSLOW 1213 1507 1212 1507
SAGSLOW 1213 1507 1212 1507
SAGSLOW 1216 1507 1212 1507
SAGSLOW 1210 1507 1212 1507
SAGSLOW 1212 1507 1212 1507
SAGSLOW 1210 1506 1212 1507
SAGSLOW 1212 1507 1212 1507
SAGSLOW 1210 1507 1212 1507
SAGSLOW 1208 1507 1212 1507
SAGSLOW 1212 1507 1212 1507
SAGSLOW 1211 1507 1212 1507
SAGSLOW 1211 1507 1212 1507
SAGSLOW 1211 1506 1212 1507
SAGSLOW 1212 1507 1212 1507
SAGSLOW 1209 1507 1212 1507
SAGSLOW 1215 1507 1212 1507
SAGSLOW 1213 1506 1212 1507
SAGSLOW 1213 1507 1212 1507
SAGSLOW 1210 1507 1212 1507
SAGSLOW 1211 1508 1212 1507
SAGSLOW 1216 1507 1212 1507
SAGSLOW 1209 1508 1212 1507
SAGSLOW 1215 1507 1212 1507
SAGSLOW 1217 1507 1212 1507
SAGSLOW 1210 1507 1212 1507
SAGSLOW 1209 1507 1212 1507
SAGSLOW 1212 1507 1212 1507
SAGSLOW 1213 1506 1212 1507
SAGSLOW 1211 1507 1212 1507
SAGSLOW 1213 1507 1212 1507
SAGSLOW 1212 1507 1212 1507
SAGSLOW 1211 1506 1212 1507
SAGSLOW 1211 1508 1212 1507
SAGSLOW 1216 1507 1212 1507
SAGSLOW 1209 1506 1212 1507
SAGSLOW 1213 1508 1212 1507
SAGSLOW 1213 1507 1212 1507
SAGSLOW 1214 1507 1212 1507
SAGSLOW 1215 1508 1212 1507
SAGSLOW 1208 1507 1212 1507
SAGSLOW 1210 1507 1212 1507
SAGSLOW 1217 1507 1212 1507
SAGSLOW 1208 1507 1212 1507
SAGSLOW 1212 1506 1212 1507
SAGSLOW 1212 1507 1212 1507
SAGSLOW 1210 1507 1212 1507
SAGSLOW 1212 1507 1212 1507
SAGSLOW 1215 1507 1212 1507
SAGSLOW 1208 1507 1212 1507
SAGSLOW 1209 1507 1212 1507
SAGSLOW 1216 1507 1212 1507
SAGSLOW 1213 1506 1212 1507
SAGSLOW 1216 1507 1212 1507
SAGSLOW 1215 1508 1212 1507
SAGSLOW 1211 1507 1212 1507
SAGSLOW 1213 1508 1212 1507
SAGSLOW 1207 1508 1212 1507
SAGSLOW 1206 1507 1212 1507
SAGSLOW 1209 1508 1212 1507
SAGSLOW 1213 1506 1212 1507
SAGSLOW 1208 1507 1212 1507
SAGSLOW 1209 1506 1212 1507
SAGSLOW 1212 1507 1212 1507
SAGSLOW 1210 1506 1212 1507
SAGSLOW 1210 1507 1212 1507
SAGSLOW 1212 1507 1212 1507
SAGSLOW 1209 1506 1212 1507
SAGSLOW 1208 1508 1212 1507
SAGSLOW 1210 1508 1212 1507
SAGSLOW 1210 1507 1212 1507
SAGSLOW 1209 1506 1212 1507
SAGSLOW 1212 1506 1212 1507
SAGSLOW 1213 1507 1212 1507
SAGSLOW 1215 1507 1212 1507
SAGSLOW 1211 1506 1212 1507
SAGSLOW 1214 1507 1212 1507
SAGSLOW 1211 1506 1212 1507
SAGSLOW 1213 1506 1212 1507
SAGSLOW 1213 1507 1212 1507
SAGSLOW 1216 1507 1212 1507
SAGSLOW 1218 1506 1212 1507
SAGSLOW 1210 1507 1212 1507
SAGSLOW 1205 1506 1212 1507
SAGSLOW 1211 1507 1212 1507
SAGSLOW 1214 1507 1212 1507
SAGSLOW 1215 1507 1212 1507
SAGSLOW 1217 1507 1212 1507
SAGSLOW 1216 1507 1212 1507
SAGSLOW 1215 1507 1212 1507
SAGSLOW 1210 1507 1212 1507
SAGSLOW 1212 1507 1212 1507
SAGSLOW 1214 1507 1212 1507
SAGSLOW 1210 1507 1212 1507
SAGSLOW 1212 1507 1212 1507
SAGSLOW 1211 1507 1212 1507
SAGSLOW 1210 1508 1212 1507
SAGSLOW 1213 1506 1212 1507
SAGSLOW 1212 1506 1212 1507
SAGSLOW 1221 1507 1212 1507
SAGSLOW 1209 1506 1212 1507
SAGSLOW 1213 1507 1212 1507
SAGSLOW 1209 1507 1212 1507
SAGSLOW 1211 1507 1212 1507
SAGSLOW 1213 1506 1212 1507
SAGSLOW 1211 1507 1212 1507
SAGSLOW 1208 1506 1212 1507
SAGSLOW 1212 1506 1212 1507
SAGSLOW 1212 1507 1212 1507
SAGSLOW 1208 1507 1212 1507
SAGSLOW 1213 1507 1212 1507
SAGSLOW 1212 1507 1212 1507
SAGSLOW 1213 1507 1212 1507
SAGSLOW 1207 1507 1212 1507
SAGSLOW 1215 1507 1212 1507
SAGSLOW 1213 1507 1212 1507
SAGSLOW 1215 1507 1212 1507
SAGSLOW 1211 1507 1212 1507
SAGSLOW 1213 1507 1212 1507
SAGSLOW 1214 1506 1212 1507
SAGSLOW 1213 1508 1212 1507
SAGSLOW 1212 1507 1212 1507
SAGSLOW 1215 1507 1212 1507
SAGSLOW 1212 1506 1212 1507
SAGSLOW 1215 1506 1212 1507
SAGSLOW 1218 1507 1212 1507
SAGSLOW 1214 1507 1212 1507
SAGSLOW 1211 1508 1212 1507
SAGSLOW 1211 1507 1212 1507
SAGSLOW 1208 1507 1212 1507
SAGSLOW 1214 1507 1212 1507
SAGSLOW 1213 1506 1212 1507
SAGSLOW 1210 1507 1212 1507
SAGSLOW 1210 1507 1212 1507
SAGSLOW 1214 1507 1212 1507
SAGSLOW 1213 1507 1212 1507
SAGSLOW 1210 1507 1212 1507
SAGSLOW 1211 1507 1212 1507
SAGSLOW 1209 1508 1212 1507
SAGSLOW 1215 1506 1212 1507
SAGSLOW 1211 1506 1212 1507
SAGSLOW 1207 1507 1212 1507
SAGSLOW 1211 1507 1212 1507
SAGSLOW 1211 1507 1212 1507
SAGSLOW 1209 1507 1212 1507
SAGSLOW 1211 1507 1212 1507
SAGSLOW 1213 1507 1212 1507
SAGSLOW 1209 1507 1212 1507
SAGSLOW 1212 1507 1212 1507
SAGSLOW 1210 1507 1212 1507
SAGSLOW 1211 1507 1212 1507
SAGSLOW 1211 1507 1212 1507
SAGSLOW 1210 1508 1212 1507
SAGSLOW 1212 1507 1212 1507
SAGSLOW 1211 1506 1212 1507
SAGSLOW 1211 1507 1212 1507
SAGSLOW 1209 1507 1212 1507
SAGSLOW 1213 1508 1212 1507
SAGSLOW 1210 1507 1212 1507
SAGSLOW 1211 1507 1212 1507
SAGSLOW 1216 1507 1212 1507
SAGSLOW 1214 1507 1212 1507
SAGSLOW 1210 1507 1212 1507
SAGSLOW 1212 1507 1212 1507
SAGSLOW 1213 1507 1212 1507
SAGSLOW 1207 1507 1212 1507
SAGSLOW 1206 1508 1212 1507
SAGSLOW 1212 1507 1212 1507
SAGSLOW 1216 1506 1212 1507
SAGSLOW 1211 1507 1212 1507
SAGSLOW 1213 1507 1212 1507
SAGSLOW 1213 1506 1212 1507
SAGSLOW 1211 1507 1212 1507
SAGSLOW 1211 1507 1212 1507
SAGSLOW 1215 1508 1212 1507
SAGSLOW 1211 1507 1212 1507
SAGSLOW 1208 1507 1212 1507
SAGSLOW 1211 1507 1212 1507
SAGSLOW 1210 1507 1212 1507
SAGSLOW 1211 1507 1212 1507
SAGSLOW 1215 1507 1212 1507
SAGSLOW 1214 1507 1212 1507
SAGSLOW 1212 1506 1212 1507
SAGSLOW 1207 1507 1212 1507
SAGSLOW 1210 1507 1212 1507
SAGSLOW 1211 1507 1212 1507
SAGSLOW 1211 1507 1212 1507
SAGSLOW 1213 1507 1212 1507
SAGSLOW 1214 1507 1212 1507
SAGSLOW 1211 1507 1212 1507
SAGSLOW 1212 1507 1212 1507
SAGSLOW 1211 1507 1212 1507
SAGSLOW 1211 1508 1212 1507
SAGSLOW 1210 1507 1212 1507
SAGSLOW 1213 1508 1212 1507
SAGSLOW 1209 1507 1212 1507
SAGSLOW 1210 1506 1212 1507
SAGSLOW 1213 1507 1212 1507
SAGSLOW 1212 1506 1212 1507
SAGSLOW 1213 1507 1212 1507
SAGSLOW 1213 1507 1212 1507
SAGSLOW 1213 1507 1212 1507
SAGSLOW 1214 1507 1212 1507
SAGSLOW 1210 1508 1212 1507
SAGSLOW 1213 1507 1212 1507
SAGSLOW 1211 1507 1212 1507
SAGSLOW 1210 1507 1212 1507
SAGSLOW 1214 1505 1212 1507
SAGSLOW 1204 1507 1212 1507
SAGSLOW 1208 1507 1212 1507
SAGSLOW 1211 1507 1212 1507
SAGSLOW 1210 1507 1212 1507
SAGSLOW 1208 1506 1212 1507
SAGSLOW 1209 1507 1212 1507
SAGSLOW 1208 1507 1212 1507
SAGSLOW 1210 1507 1212 1507
SAGSLOW 1212 1507 1212 1507
SAGSLOW 1212 1506 1212 1507
SAGSLOW 1209 1507 1212 1507
SAGSLOW 1212 1506 1212 1507
SAGSLOW 1211 1507 1212 1507
SAGSLOW 1212 1507 1212 1507
SAGSLOW 1210 1507 1212 1507
SAGSLOW 1214 1507 1212 1507
SAGSLOW 1219 1507 1212 1507
SAGSLOW 1213 1507 1212 1507
SAGSLOW 1210 1507 1212 1507
SAGSLOW 1212 1507 1212 1507
SAGSLOW 1210 1506 1212 1507
SAGSLOW 1210 1507 1212 1507
SAGSLOW 1212 1506 1212 1507
SAGSLOW 1213 1506 1212 1507
SAGSLOW 1214 1506 1212 1507
SAGSLOW 1213 1508 1212 1507
SAGSLOW 1213 1507 1212 1507
SAGSLOW 1213 1508 1212 1507
SAGSLOW 1211 1508 1212 1507
SAGSLOW 1213 1507 1212 1507
SAGSLOW 1210 1507 1212 1507
SAGSLOW 1208 1507 1212 1507
SAGSLOW 1210 1506 1212 1507
SAGSLOW 1211 1507 1212 1507
SAGSLOW 1211 1507 1212 1507
SAGSLOW 1213 1507 1212 1507
SAGSLOW 1214 1507 1212 1507
SAGSLOW 1208 1507 1212 1507
SAGSLOW 1212 1506 1212 1507
SAGSLOW 1216 1508 1212 1507
SAGSLOW 1214 1507 1212 1507
SAGSLOW 1218 1507 1212 1507
SAGSLOW 1212 1507 1212 1507
SAGSLOW 1212 1507 1212 1507
SAGSLOW 1210 1507 1212 1507
SAGSLOW 1211 1507 1212 1507
SAGSLOW 1208 1507 1212 1507
SAGSLOW 1213 1507 1212 1507
SAGSLOW 1214 1507 1212 1507
SAGSLOW 1211 1506 1212 1507
SAGSLOW 1209 1507 1212 1507
SAGSLOW 1210 1507 1212 1507
SAGSLOW 1214 1507 1212 1507
SAGSLOW 1212 1507 1212 1507
SAGSLOW 1212 1507 1212 1507
SAGSLOW 1213 1506 1212 1507
SAGSLOW 1205 1507 1212 1507
SAGSLOW 1205 1507 1212 1507
SAGSLOW 1214 1507 1212 1507
SAGSLOW 1213 1507 1212 1507
SAGSLOW 1205 1507 1212 1507
SAGSLOW 1215 1507 1212 1507
SAGSLOW 1210 1507 1212 1507
SAGSLOW 1214 1508 1212 1507
SAGSLOW 1211 1507 1212 1507
SAGSLOW 1211 1507 1212 1507
SAGSLOW 1210 1507 1212 1507
SAGSLOW 1214 1506 1212 1507
SAGSLOW 1212 1507 1212 1507
SAGSLOW 1213 1507 1212 1507
SAGSLOW 1217 1506 1212 1507
SAGSLOW 1212 1506 1212 1507
SAGSLOW 1212 1507 1212 1507
SAGSLOW 1212 1506 1212 1507
SAGSLOW 1219 1507 1212 1507
SAGSLOW 1213 1507 1212 1507
SAGSLOW 1214 1507 1212 1507
SAGSLOW 1215 1506 1212 1507
SAGSLOW 1209 1507 1212 1507
SAGSLOW 1213 1507 1212 1507
SAGSLOW 1210 1506 1212 1507
SAGSLOW 1211 1507 1212 1507
SAGSLOW 1213 1506 1212 1507
SAGSLOW 1209 1507 1212 1507
SAGSLOW 1209 1507 1212 1507
SAGSLOW 1211 1506 1212 1507
SAGSLOW 1207 1507 1212 1507
SAGSLOW 1210 1507 1212 1507
SAGSLOW 1212 1507 1212 1507
SAGSLOW 1212 1507 1212 1507
SAGSLOW 1211 1506 1212 1507
SAGSLOW 1215 1507 1212 1507
SAGSLOW 1211 1507 1212 1507
SAGSLOW 1211 1507 1212 1507
SAGSLOW 1217 1507 1212 1507
SAGSLOW 1211 1507 1212 1507
SAGSLOW 1215 1507 1212 1507
SAGSLOW 1213 1507 1212 1507
SAGSLOW 1216 1507 1212 1507
SAGSLOW 1209 1506 1212 1507
SAGSLOW 1208 1508 1212 1507
SAGSLOW 1213 1507 1212 1507
SAGSLOW 1212 1506 1212 1507
SAGSLOW 1210 1507 1212 1507
SAGSLOW 1212 1507 1212 1507
SAGSLOW 1212 1507 1212 1507
SAGSLOW 1211 1508 1212 1507
SAGSLOW 1211 1507 1212 1507
SAGSLOW 1210 1506 1212 1507
SAGSLOW 1214 1507 1212 1507
SAGSLOW 1212 1506 1212 1507
SAGSLOW 1211 1507 1212 1507
SAGSLOW 1212 1507 1212 1507
SAGSLOW 1213 1507 1212 1507
SAGSLOW 1213 1507 1212 1507
SAGSLOW 1215 1507 1212 1507
SAGSLOW 1209 1506 1212 1507
SAGSLOW 1214 1507 1212 1507
SAGSLOW 1210 1507 1212 1507
SAGSLOW 1214 1507 1212 1507
SAGSLOW 1213 1507 1212 1507
SAGSLOW 1209 1508 1212 1507
SAGSLOW 1212 1507 1212 1507
SAGSLOW 1215 1506 1212 1507
SAGSLOW 1219 1507 1212 1507
SAGSLOW 1206 1507 1212 1507
SAGSLOW 1212 1508 1212 1507
SAGSLOW 1208 1507 1212 1507
SAGSLOW 1210 1507 1212 1507
SAGSLOW 1209 1507 1212 1507
SAGSLOW 1208 1508 1212 1507
SAGSLOW 1212 1507 1212 1507
SAGSLOW 1209 1507 1212 1507
SAGSLOW 1213 1507 1212 1507
SAGSLOW 1214 1506 1212 1507
SAGSLOW 1218 1506 1212 1507
SAGSLOW 1208 1506 1212 1507
SAGSLOW 1215 1506 1212 1507
SAGSLOW 1213 1506 1212 1507
SAGSLOW 1209 1507 1212 1507
SAGSLOW 1217 1506 1212 1507
SAGSLOW 1214 1506 1212 1507
SAGSLOW 1208 1506 1212 1507
SAGSLOW 1214 1508 1212 1507
SAGSLOW 1208 1507 1212 1507
SAGSLOW 1214 1507 1212 1507
SAGSLOW 1207 1507 1212 1507
SAGSLOW 1214 1508 1212 1507
SAGSLOW 1211 1508 1212 1507
SAGSLOW 1213 1507 1212 1507
SAGSLOW 1213 1507 1212 1507
SAGSLOW 1211 1507 1212 1507
SAGSLOW 1214 1507 1212 1507
SAGSLOW 1212 1507 1212 1507
SAGSLOW 1211 1507 1212 1507
SAGSLOW 1216 1506 1212 1507
SAGSLOW 1213 1507 1212 1507
SAGSLOW 1213 1506 1212 1507
SAGSLOW 1211 1507 1212 1507
SAGSLOW 1210 1506 1212 1507
SAGSLOW 1213 1507 1212 1507
SAGSLOW 1210 1506 1212 1507
SAGSLOW 1210 1507 1212 1507
SAGSLOW 1213 1507 1212 1507
SAGSLOW 1212 1506 1212 1507
SAGSLOW 1209 1507 1212 1507
SAGSLOW 1212 1506 1212 1507
SAGSLOW 1216 1506 1212 1507
SAGSLOW 1209 1507 1212 1507
SAGSLOW 1217 1507 1212 1507
SAGSLOW 1214 1506 1212 1507
SAGSLOW 1211 1507 1212 1507
SAGSLOW 1211 1507 1212 1507
SAGSLOW 1213 1507 1212 1507
SAGSLOW 1212 1507 1212 1507
SAGSLOW 1212 1507 1212 1507
SAGSLOW 1212 1507 1212 1507
SAGSLOW 1212 1507 1212 1507
SAGSLOW 1209 1507 1212 1507
SAGSLOW 1214 1506 1212 1507
SAGSLOW 1211 1506 1212 1507
SAGSLOW 1209 1507 1212 1507
SAGSLOW 1211 1506 1212 1507
SAGSLOW 1214 1507 1212 1507
SAGSLOW 1214 1507 1212 1507
SAGSLOW 1212 1507 1212 1507
SAGSLOW 1213 1508 1212 1507
SAGSLOW 1215 1507 1212 1507
SAGSLOW 1214 1507 1212 1507
SAGSLOW 1210 1507 1212 1507
SAGSLOW 1209 1507 1212 1507
SAGSLOW 1215 1508 1212 1507
SAGSLOW 1211 1507 1212 1507
SAGSLOW 1212 1507 1212 1507
SAGSLOW 1213 1507 1212 1507
SAGSLOW 1215 1507 1212 1507
SAGSLOW 1207 1507 1212 1507
SAGSLOW 1209 1507 1212 1507
SAGSLOW 1213 1507 1212 1507
SAGSLOW 1213 1507 1212 1507
SAGSLOW 1209 1507 1212 1507
SAGSLOW 1210 1507 1212 1507
SAGSLOW 1215 1508 1212 1507
SAGSLOW 1213 1507 1212 1507
SAGSLOW 1210 1507 1212 1507
SAGSLOW 1206 1506 1212 1507
SAGSLOW 1214 1507 1212 1507
SAGSLOW 1210 1507 1212 1507
SAGSLOW 1210 1507 1212 1507
SAGSLOW 1213 1507 1212 1507
SAGSLOW 1209 1507 1212 1507
SAGSLOW 1209 1506 1212 1507
SAGSLOW 1216 1507 1212 1507
SAGSLOW 1211 1507 1212 1507
SAGSLOW 1215 1507 1212 1507
SAGSLOW 1212 1507 1212 1507
SAGSLOW 1211 1507 1212 1507
SAGSLOW 1211 1507 1212 1507
SAGSLOW 1214 1507 1212 1507
SAGSLOW 1216 1507 1212 1507
SAGSLOW 1211 1507 1212 1507
SAGSLOW 1213 1506 1212 1507
SAGSLOW 1213 1507 1212 1507
SAGSLOW 1213 1506 1212 1507
SAGSLOW 1208 1507 1212 1507
SAGSLOW 1201 1506 1212 1507
SAGSLOW 1211 1507 1212 1507
SAGSLOW 1218 1506 1212 1507
SAGSLOW 1216 1507 1212 1507
SAGSLOW 1213 1507 1212 1507
SAGSLOW 1210 1506 1212 1507
SAGSLOW 1212 1508 1212 1507
SAGSLOW 1210 1506 1212 1507
SAGSLOW 1212 1506 1212 1507
SAGSLOW 1212 1507 1212 1507
SAGSLOW 1212 1507 1212 1507
SAGSLOW 1211 1508 1212 1507
SAGSLOW 1211 1507 1212 1507
SAGSLOW 1211 1506 1212 1507
SAGSLOW 1214 1507 1212 1507
SAGSLOW 1209 1507 1212 1507
SAGSLOW 1213 1507 1212 1507
SAGSLOW 1208 1507 1212 1507
SAGSLOW 1211 1507 1212 1507
SAGSLOW 1209 1507 1212 1507
SAGSLOW 1212 1508 1212 1507
SAGSLOW 1213 1507 1212 1507
SAGSLOW 1209 1507 1212 1507
SAGSLOW 1209 1507 1212 1507
SAGSLOW 1214 1507 1212 1507
SAGSLOW 1212 1507 1212 1507
SAGSLOW 1211 1507 1212 1507
SAGSLOW 1213 1506 1212 1507
SAGSLOW 1210 1506 1212 1507
SAGSLOW 1214 1507 1212 1507
SAGSLOW 1212 1506 1212 1507
SAGSLOW 1212 1507 1212 1507
SAGSLOW 1212 1506 1212 1507
SAGSLOW 1212 1507 1212 1507
SAGSLOW 1214 1508 1212 1507
SAGSLOW 1211 1507 1212 1507
SAGSLOW 1212 1507 1212 1507
SAGSLOW 1211 1506 1212 1507
SAGSLOW 1215 1508 1212 1507
SAGSLOW 1211 1507 1212 1507
SAGSLOW 1208 1508 1212 1507
SAGSLOW 1216 1507 1212 1507
SAGSLOW 1212 1507 1212 1507
SAGSLOW 1216 1506 1212 1507
SAGSLOW 1212 1508 1212 1507
SAGSLOW 1211 1507 1212 1507
SAGSLOW 1212 1506 1212 1507
SAGSLOW 1210 1507 1212 1507
SAGSLOW 1215 1507 1212 1507
SAGSLOW 1211 1507 1212 1507
SAGSLOW 1212 1507 1212 1507
SAGSLOW 1218 1507 1212 1507
SAGSLOW 1212 1506 1212 1507
SAGSLOW 1212 1507 1212 1507
SAGSLOW 1214 1507 1212 1507
SAGSLOW 1210 1506 1212 1507
SAGSLOW 1213 1507 1212 1507
SAGSLOW 1210 1506 1212 1507
SAGSLOW 1210 1506 1212 1507
SAGSLOW 1214 1507 1212 1507
SAGSLOW 1212 1508 1212 1507
SAGSLOW 1212 1507 1212 1507
SAGSLOW 1211 1506 1212 1507
SAGSLOW 1211 1507 1212 1507
SAGSLOW 1210 1508 1212 1507
SAGSLOW 1210 1507 1212 1507
SAGSLOW 1210 1507 1212 1507
SAGSLOW 1213 1507 1212 1507
SAGSLOW 1213 1507 1212 1507
SAGSLOW 1204 1506 1212 1507
SAGSLOW 1213 1507 1212 1507
SAGSLOW 1213 1507 1212 1507
SAGSLOW 1213 1506 1212 1507
SAGSLOW 1211 1507 1212 1507
SAGSLOW 1216 1507 1212 1507
SAGSLOW 1212 1507 1212 1507
SAGSLOW 1213 1506 1212 1507
SAGSLOW 1211 1508 1212 1507
SAGSLOW 1216 1507 1212 1507
SAGSLOW 1217 1506 1212 1507
SAGSLOW 1214 1507 1212 1507
SAGSLOW 1211 1507 1212 1507
SAGSLOW 1208 1507 1212 1507
SAGSLOW 1215 1507 1212 1507
SAGSLOW 1209 1507 1212 1507
SAGSLOW 1209 1507 1212 1507
SAGSLOW 1213 1507 1212 1507
SAGSLOW 1215 1507 1212 1507
SAGSLOW 1214 1507 1212 1507
SAGSLOW 1213 1507 1212 1507
SAGSLOW 1212 1506 1212 1507
SAGSLOW 1214 1506 1212 1507
SAGSLOW 1207 1507 1212 1507
SAGSLOW 1211 1506 1212 1507
SAGSLOW 1212 1507 1212 1507
SAGSLOW 1211 1506 1212 1507
SAGSLOW 1216 1507 1212 1507
SAGSLOW 1211 1507 1212 1507
SAGSLOW 1208 1506 1212 1507
SAGSLOW 1215 1507 1212 1507
SAGSLOW 1214 1507 1212 1507
SAGSLOW 1211 1507 1212 1507
SAGSLOW 1213 1507 1212 1507
SAGSLOW 1211 1507 1212 1507
SAGSLOW 1210 1507 1212 1507
SAGSLOW 1210 1506 1212 1507
SAGSLOW 1211 1507 1212 1507
SAGSLOW 1212 1507 1212 1507
SAGSLOW 1211 1507 1212 1507
SAGSLOW 1212 1507 1212 1507
SAGSLOW 1212 1506 1212 1507
SAGSLOW 1212 1507 1212 1507
SAGSLOW 1213 1507 1212 1507
SAGSLOW 1212 1506 1212 1507
SAGSLOW 1213 1508 1212 1507
SAGSLOW 1214 1506 1212 1507
SAGSLOW 1212 1507 1212 1507
SAGSLOW 1209 1507 1212 1507
SAGSLOW 1213 1507 1212 1507
SAGSLOW 1213 1507 1212 1507
SAGSLOW 1213 1507 1212 1507
SAGSLOW 1215 1506 1212 1507
SAGSLOW 1211 1507 1212 1507
SAGSLOW 1214 1508 1212 1507
SAGSLOW 1211 1507 1212 1507
SAGSLOW 1208 1506 1212 1507
SAGSLOW 1211 1506 1212 1507
SAGSLOW 1214 1507 1212 1507
SAGSLOW 1211 1507 1212 1507
SAGSLOW 1215 1507 1212 1507
SAGSLOW 1216 1506 1212 1507
SAGSLOW 1212 1507 1212 1507
SAGSLOW 1213 1505 1212 1507
SAGSLOW 1211 1507 1212 1507
SAGSLOW 1212 1507 1212 1507
SAGSLOW 1208 1507 1212 1507
SAGSLOW 1212 1507 1212 1507
SAGSLOW 1212 1507 1212 1507
SAGSLOW 1211 1507 1212 1507
SAGSLOW 1209 1507 1212 1507
SAGSLOW 1211 1508 1212 1507
SAGSLOW 1213 1507 1212 1507
SAGSLOW 1212 1507 1212 1507
SAGSLOW 1212 1507 1212 1507
SAGSLOW 1211 1507 1212 1507
SAGSLOW 1215 1507 1212 1507
SAGSLOW 1215 1507 1212 1507
SAGSLOW 1213 1507 1212 1507
SAGSLOW 1213 1507 1212 1507
SAGSLOW 1213 1507 1212 1507
SAGSLOW 1210 1507 1212 1507
SAGSLOW 1212 1507 1212 1507
SAGSLOW 1208 1507 1212 1507
SAGSLOW 1209 1507 1212 1507
SAGSLOW 1212 1508 1212 1507
SAGSLOW 1211 1506 1212 1507
SAGSLOW 1213 1507 1212 1507
SAGSLOW 1213 1507 1212 1507
SAGSLOW 1210 1507 1212 1507
SAGSLOW 1211 1506 1212 1507
SAGSLOW 1214 1507 1212 1507
SAGSLOW 1210 1507 1212 1507
SAGSLOW 1212 1506 1212 1507
SAGSLOW 1214 1507 1212 1507
SAGSLOW 1212 1507 1212 1507
SAGSLOW 1209 1507 1212 1507
SAGSLOW 1219 1507 1212 1507
SAGSLOW 1215 1507 1212 1507
SAGSLOW 1211 1507 1212 1507
SAGSLOW 1209 1507 1212 1507
SAGSLOW 1209 1507 1212 1507
SAGSLOW 1212 1507 1212 1507
SAGSLOW 1209 1507 1212 1507
SAGSLOW 1212 1507 1212 1507
SAGSLOW 1211 1507 1212 1507
SAGSLOW 1213 1507 1212 1507
SAGSLOW 1209 1507 1212 1507
SAGSLOW 1208 1507 1212 1507
SAGSLOW 1211 1507 1212 1507
SAGSLOW 1211 1506 1212 1507
SAGSLOW 1214 1506 1212 1507
SAGSLOW 1212 1507 1212 1507
SAGSLOW 1209 1507 1212 1507
SAGSLOW 1210 1507 1212 1507
SAGSLOW 1211 1507 1212 1507
SAGSLOW 1213 1506 1212 1507
SAGSLOW 1215 1507 1212 1507
SAGSLOW 1216 1506 1212 1507
SAGSLOW 1211 1506 1212 1507
SAGSLOW 1217 1507 1212 1507
SAGSLOW 1215 1507 1212 1507
SAGSLOW 1213 1507 1212 1507
SAGSLOW 1218 1507 1212 1507
SAGSLOW 1216 1506 1212 1507
SAGSLOW 1211 1507 1212 1507
SAGSLOW 1209 1506 1212 1507
SAGSLOW 1211 1508 1212 1507
SAGSLOW 1213 1507 1212 1507
SAGSLOW 1209 1507 1212 1507
SAGSLOW 1215 1507 1212 1507
SAGSLOW 1215 1506 1212 1507
SAGSLOW 1215 1507 1212 1507
SAGSLOW 1214 1507 1212 1507
SAGSLOW 1211 1507 1212 1507
SAGSLOW 1213 1507 1212 1507
SAGSLOW 1211 1507 1212 1507
SAGSLOW 1214 1506 1212 1507
SAGSLOW 1203 1507 1212 1507
SAGSLOW 1214 1506 1212 1507
SAGSLOW 1214 1507 1212 1507
SAGSLOW 1211 1507 1212 1507
SAGSLOW 1210 1506 1212 1507
SAGSLOW 1212 1507 1212 1507
SAGSLOW 1217 1507 1212 1507
SAGSLOW 1211 1507 1212 1507
SAGSLOW 1211 1506 1212 1507
SAGSLOW 1213 1507 1212 1507
SAGSLOW 1210 1507 1212 1507
SAGSLOW 1213 1506 1212 1507
SAGSLOW 1208 1507 1212 1507
SAGSLOW 1210 1506 1212 1507
SAGSLOW 1211 1507 1212 1507
SAGSLOW 1212 1508 1212 1507
SAGSLOW 1211 1507 1212 1507
SAGSLOW 1213 1507 1212 1507
SAGSLOW 1213 1507 1212 1507
SAGSLOW 1211 1508 1212 1507
SAGSLOW 1213 1506 1212 1507
SAGSLOW 1213 1507 1212 1507
SAGSLOW 1209 1507 1212 1507
SAGSLOW 1211 1506 1212 1507
SAGSLOW 1211 1507 1212 1507
SAGSLOW 1206 1507 1212 1507
SAGSLOW 1213 1507 1212 1507
SAGSLOW 1211 1507 1212 1507
SAGSLOW 1209 1506 1212 1507
SAGSLOW 1208 1506 1212 1507
SAGSLOW 1209 1507 1212 1507
SAGSLOW 1210 1508 1212 1507
SAGSLOW 1212 1507 1212 1507
SAGSLOW 1214 1506 1212 1507
SAGSLOW 1211 1507 1212 1507
SAGSLOW 1213 1507 1212 1507
SAGSLOW 1212 1506 1212 1507
SAGSLOW 1212 1507 1212 1507
SAGSLOW 1213 1507 1212 1507
SAGSLOW 1211 1508 1212 1507
SAGSLOW 1210 1506 1212 1507
SAGSLOW 1210 1507 1212 1507
SAGSLOW 1215 1507 1212 1507
SAGSLOW 1210 1507 1212 1507
SAGSLOW 1213 1507 1212 1507
SAGSLOW 1213 1506 1212 1507
SAGSLOW 1212 1507 1212 1507
SAGSLOW 1212 1506 1212 1507
SAGSLOW 1214 1506 1212 1507
SAGSLOW 1213 1508 1212 1507
SAGSLOW 1209 1507 1212 1507
SAGSLOW 1210 1505 1212 1507
SAGSLOW 1213 1507 1212 1507
SAGSLOW 1213 1507 1212 1507
SAGSLOW 1210 1506 1212 1507
SAGSLOW 1211 1508 1212 1507
SAGSLOW 1213 1507 1212 1507
SAGSLOW 1213 1507 1212 1507
SAGSLOW 1208 1506 1212 1507
SAGSLOW 1207 1507 1212 1507
SAGSLOW 1216 1507 1212 1507
SAGSLOW 1214 1507 1212 1507
SAGSLOW 1212 1507 1212 1507
SAGSLOW 1210 1508 1212 1507
SAGSLOW 1212 1507 1212 1507
SAGSLOW 1210 1506 1212 1507
SAGSLOW 1214 1507 1212 1507
SAGSLOW 1212 1508 1212 1507
SAGSLOW 1210 1506 1212 1507
SAGSLOW 1212 1507 1212 1507
SAGSLOW 1214 1507 1212 1507
SAGSLOW 1206 1507 1212 1507
SAGSLOW 1211 1507 1212 1507
SAGSLOW 1212 1507 1212 1507
SAGSLOW 1213 1506 1212 1507
SAGSLOW 1211 1507 1212 1507
SAGSLOW 1211 1507 1212 1507
SAGSLOW 1216 1507 1212 1507
SAGSLOW 1211 1507 1212 1507
SAGSLOW 1212 1506 1212 1507
SAGSLOW 1211 1508 1212 1507
SAGSLOW 1218 1507 1212 1507
SAGSLOW 1211 1507 1212 1507
SAGSLOW 1211 1507 1212 1507
SAGSLOW 1216 1507 1212 1507
SAGSLOW 1214 1508 1212 1507
SAGSLOW 1213 1507 1212 1507
SAGSLOW 1211 1507 1212 1507
SAGSLOW 1213 1507 1212 1507
SAGSLOW 1211 1507 1212 1507
SAGSLOW 1212 1506 1212 1507
SAGSLOW 1209 1507 1212 1507
SAGSLOW 1213 1507 1212 1507
SAGSLOW 1207 1507 1212 1507
SAGSLOW 1213 1508 1212 1507
SAGSLOW 1214 1507 1212 1507
SAGSLOW 1212 1507 1212 1507
SAGSLOW 1209 1506 1212 1507
SAGSLOW 1213 1508 1212 1507
SAGSLOW 1212 1508 1212 1507
SAGSLOW 1214 1507 1212 1507
SAGSLOW 1210 1508 1212 1507
SAGSLOW 1211 1507 1212 1507
SAGSLOW 1214 1507 1212 1507
SAGSLOW 1210 1507 1212 1507
SAGSLOW 1210 1507 1212 1507
SAGSLOW 1213 1507 1212 1507
SAGSLOW 1211 1507 1212 1507
SAGSLOW 1207 1508 1212 1507
SAGSLOW 1208 1507 1212 1507
SAGSLOW 1218 1506 1212 1507
SAGSLOW 1211 1507 1212 1507
SAGSLOW 1214 1507 1212 1507
SAGSLOW 1211 1507 1212 1507
SAGSLOW 1215 1507 1212 1507
SAGSLOW 1212 1506 1212 1507
SAGSLOW 1214 1507 1212 1507
SAGSLOW 1213 1507 1212 1507
SAGSLOW 1210 1507 1212 1507
SAGEND
