# elf_sha256 C1F71104EA003157F01636E59E651087C8D8C0853AA1A332FDA1318227A3B8C5
# started 2026-09-24T00:47:08
BEMFRUN handoff_ehz=200 target_duty_tenths=250 advance_level=20 total_ms=80000 inject=0
PREFLIGHT moe=0 ccr1=0 ccr2=0 ccr3=0 gates_low=1 en=0 nfault=1 verdict=PASS
POSTSTOP
PREFLIGHT moe=0 ccr1=0 ccr2=0 ccr3=0 gates_low=1 en=0 nfault=1 verdict=PASS
BEMFDONE reason=2 accepted=517197 forced=0 zc_acc=517198 too_early=0 unstable=1679499 ci_us=137 bus_ref=1219 bus_min=1106
BEMFSAG ref_bus=1219 ref_vref=1506 filt_bus=1212 filt_vref=1507 streak=0 tripped=0
BEMFGATE closed_ms=74774 hold_ms=67274 target_tenths=250 zc_per_s=6916 comm_per_s=6916 ehz_from_ci_last=1216 forced_pct=0
BEMFRATE hold_ms=67274 hold_accepted=481719 hold_forced=0 mean_ci_us=139 mean_sector_us=139 ehz_from_sector=1199 zc_per_s=7160 zc_expected_per_s=7194 zc_rate_permille_of_expected=995 hold_forced_pct=0
BEMFTAIL accepts=23446 span_us=3272162 start_before_stop_us=3272339 end_before_stop_us=177 window_us=2000000
BEMFRCOMP spent_max_us=11 late_arms=0 com_preempts=0 com_arm_preempts=0
BEMFSECTOR a1=65535 f1=0 a2=65535 f2=0 a3=65535 f3=0 a4=65535 f4=0 a5=65535 f5=0 a6=65535 f6=0
BEMFPHASE lt075=1762 to100=65535 to125=65535 to150=2149 gt150=1
BEMFREVISIT r1=5132 v1=5132 r2=9112 v2=9112 r3=12056 v3=12056 r4=9572 v4=9572 r5=10805 v5=10805 r6=15515 v6=15515
BEMFDRIVEN entered=1 epochs=22 accepts=13 early=16 unstable=296 defers=1 retries=0 late_max_us=17 qual_intervals=12 qual_reanchors=0 qual_fault=0 fail=0 seeded=1 seed_step=4 seed_us=825 commanded_us=833 irq_peak_per_ms=42 closed_irq_peak_per_ms=66 storm=0 storm_step=0 cap_armed=1 comp_call_max_us=16 overrun=0 blank_arms=517199 blank_latched=0 com_count=517199 com_late_max_us=11
BEMFGUARD reason=0 ticks=786939 gap_max_us=110 track_fault=0 track_max_us=378 fast_events=508399 fast_min_us=86 loop_iters_closed=2980941 loop_gap_max_us=171 acquire_us=18274
BEMFDRVROWS 10:4:8357:684 11:5:797:695 12:6:741:622 13:1:731:515 14:2:630:323 15:3:794:263 16:4:657:95 17:5:763:18
BEMFDRVROWS 18:6:883:78 19:1:786:13 20:2:815:21 21:3:832:15 22:4:1473:646
BEMFCURRENT blocks=7869 mean_residual=2652 mean_ma=332 hold_blocks=6660 hold_ma=359 zero_blocks=50 zero_start=619040 zero_end=617250 zero_drift_ma=-224 ref_ma=326 duty_tenths=250
BEMFWITNESS samples=183279 bemf_min=0 bemf_max=0 mid=0 mid_fixed=0 alt=0 hyst_codes=12 driven_rotation=0
vsenc_min=0 vsenc_max=0 star_min=0 star_max=0 bus_ref=1219
BEMFCOAST reason=2 pp_first=0 pp_last=0 crossings=0 spun=1 comp_edges=1455 comp_hi=383808 comp_polls=549105
COASTTIMING trans=913 offset_us=37 first_us=205 iv_us=428,412,430,412,429,414,434,414 ehz_first=1168
SAGSNAP judged=786915 fast_len=512 slow_len=1024 slow_every=32 frozen=1 num=95 den=100 streak_to_latch=3 adc_rail=4095
SAGROW 23568 1215 1507 1212 1507 0 4 250 107
SAGROW 23664 1215 1507 1212 1507 0 5 250 55
SAGROW 23779 1213 1507 1212 1507 0 5 250 170
SAGROW 23870 1213 1507 1212 1507 0 6 250 110
SAGROW 23969 1212 1506 1212 1507 0 1 250 91
SAGROW 24076 1212 1506 1212 1507 0 2 250 52
SAGROW 24186 1211 1506 1212 1507 0 2 250 163
SAGROW 24270 1209 1506 1212 1507 0 3 250 98
SAGROW 24369 1209 1506 1212 1507 0 4 250 66
SAGROW 24491 1209 1506 1212 1507 0 4 250 52
SAGROW 24562 1211 1506 1212 1507 0 5 250 122
SAGROW 24672 1211 1506 1212 1507 0 6 250 88
SAGROW 24778 1211 1507 1212 1507 0 1 250 56
SAGROW 24907 1211 1507 1212 1507 0 1 250 50
SAGROW 24975 1211 1507 1212 1507 0 2 250 118
SAGROW 25065 1211 1507 1212 1507 0 3 250 61
SAGROW 25180 1212 1507 1212 1507 0 3 250 175
SAGROW 25293 1212 1507 1212 1507 0 4 250 136
SAGROW 25378 1212 1507 1212 1507 0 5 250 104
SAGROW 25470 1213 1507 1212 1507 0 6 250 52
SAGROW 25596 1214 1507 1212 1507 0 6 250 39
SAGROW 25712 1215 1506 1212 1507 0 1 250 155
SAGROW 25777 1216 1507 1212 1507 0 2 250 87
SAGROW 25889 1217 1507 1212 1507 0 3 250 53
SAGROW 25992 1218 1507 1212 1507 0 3 250 156
SAGROW 26103 1219 1507 1212 1507 0 4 250 125
SAGROW 26180 1218 1507 1212 1507 0 5 250 72
SAGROW 26291 1216 1507 1212 1507 0 5 250 182
SAGROW 26415 1216 1507 1212 1507 0 6 250 152
SAGROW 26489 1216 1507 1212 1507 0 1 250 88
SAGROW 26591 1214 1507 1212 1507 0 1 250 54
SAGROW 26711 1213 1507 1212 1507 0 2 250 42
SAGROW 26800 1212 1507 1212 1507 0 3 250 130
SAGROW 26900 1208 1507 1212 1507 0 4 250 85
SAGROW 27006 1209 1507 1212 1507 0 4 250 52
SAGROW 27109 1211 1507 1212 1507 0 5 250 154
SAGROW 27192 1212 1507 1212 1507 0 6 250 97
SAGROW 27304 1212 1507 1212 1507 0 1 250 73
SAGROW 27411 1210 1507 1212 1507 0 1 250 179
SAGROW 27522 1209 1506 1212 1507 0 2 250 147
SAGROW 27613 1209 1506 1212 1507 0 3 250 111
SAGROW 27708 1212 1506 1212 1507 0 4 250 60
SAGROW 27832 1213 1507 1212 1507 0 4 250 184
SAGROW 27904 1212 1507 1212 1507 0 5 250 102
SAGROW 28002 1210 1507 1212 1507 0 6 250 68
SAGROW 28115 1210 1507 1212 1507 0 6 250 181
SAGROW 28228 1212 1507 1212 1507 0 1 250 139
SAGROW 28313 1215 1507 1212 1507 0 2 250 104
SAGROW 28404 1215 1508 1212 1507 0 3 250 54
SAGROW 28524 1214 1508 1212 1507 0 3 250 43
SAGROW 28620 1213 1507 1212 1507 0 4 250 139
SAGROW 28711 1214 1507 1212 1507 0 5 250 84
SAGROW 28823 1213 1507 1212 1507 0 6 250 52
SAGROW 28923 1214 1507 1212 1507 0 6 250 153
SAGROW 29037 1215 1507 1212 1507 0 1 250 129
SAGROW 29114 1213 1507 1212 1507 0 2 250 70
SAGROW 29232 1213 1507 1212 1507 0 2 250 189
SAGROW 29311 1214 1506 1212 1507 0 3 250 113
SAGROW 29422 1214 1507 1212 1507 0 4 250 93
SAGROW 29515 1215 1507 1212 1507 0 5 250 54
SAGROW 29639 1216 1507 1212 1507 0 5 250 177
SAGROW 29730 1215 1507 1212 1507 0 6 250 116
SAGROW 29823 1214 1507 1212 1507 0 1 250 79
SAGROW 29929 1216 1507 1212 1507 0 1 250 185
SAGROW 30021 1215 1507 1212 1507 0 2 250 135
SAGROW 30121 1214 1508 1212 1507 0 3 250 80
SAGROW 30233 1215 1508 1212 1507 0 4 250 69
SAGROW 30340 1214 1507 1212 1507 0 4 250 176
SAGROW 30427 1213 1507 1212 1507 0 5 250 123
SAGROW 30526 1212 1507 1212 1507 0 6 250 79
SAGROW 30630 1213 1507 1212 1507 0 6 250 44
SAGROW 30766 1212 1507 1212 1507 0 1 250 179
SAGROW 30832 1213 1507 1212 1507 0 2 250 107
SAGROW 30928 1213 1507 1212 1507 0 3 250 72
SAGROW 31048 1213 1507 1212 1507 0 3 250 38
SAGROW 31156 1212 1507 1212 1507 0 4 250 146
SAGROW 31241 1214 1507 1212 1507 0 5 250 101
SAGROW 31336 1216 1506 1212 1507 0 6 250 54
SAGROW 31461 1213 1506 1212 1507 0 6 250 41
SAGROW 31551 1211 1506 1212 1507 0 1 250 131
SAGROW 31642 1211 1507 1212 1507 0 2 250 83
SAGROW 31741 1210 1507 1212 1507 0 2 250 43
SAGROW 31851 1209 1507 1212 1507 0 3 250 153
SAGROW 31969 1206 1506 1212 1507 0 4 250 129
SAGROW 32040 1204 1506 1212 1507 0 5 250 59
SAGROW 32155 1205 1506 1212 1507 0 5 250 175
SAGROW 32262 1207 1506 1212 1507 0 6 250 128
SAGROW 32347 1208 1506 1212 1507 0 1 250 73
SAGROW 32450 1207 1506 1212 1507 0 1 250 53
SAGROW 32583 1208 1505 1212 1507 0 2 250 38
SAGROW 32653 1208 1505 1212 1507 0 3 250 108
SAGROW 32753 1211 1505 1212 1507 0 4 250 85
SAGROW 32865 1211 1506 1212 1507 0 5 250 52
SAGROW 32968 1208 1506 1212 1507 0 5 250 142
SAGROW 33047 1210 1506 1212 1507 0 6 250 91
SAGROW 33165 1208 1506 1212 1507 0 1 250 70
SAGROW 33266 1207 1506 1212 1507 0 1 250 171
SAGROW 33391 1207 1506 1212 1507 0 2 250 161
SAGROW 33457 1212 1506 1212 1507 0 3 250 79
SAGROW 33561 1212 1507 1212 1507 0 3 250 45
SAGROW 33685 1214 1507 1212 1507 0 4 250 170
SAGROW 33777 1216 1507 1212 1507 0 5 250 124
SAGROW 33856 1216 1507 1212 1507 0 6 250 64
SAGROW 33970 1219 1507 1212 1507 0 6 250 42
SAGROW 34087 1220 1507 1212 1507 0 1 250 159
SAGROW 34178 1221 1507 1212 1507 0 2 250 115
SAGROW 34263 1215 1507 1212 1507 0 3 250 53
SAGROW 34389 1217 1507 1212 1507 0 3 250 42
SAGROW 34478 1217 1507 1212 1507 0 4 250 131
SAGROW 34561 1215 1507 1212 1507 0 5 250 71
SAGROW 34677 1216 1507 1212 1507 0 5 250 43
SAGROW 34791 1213 1507 1212 1507 0 6 250 157
SAGROW 34890 1212 1507 1212 1507 0 1 250 125
SAGROW 34970 1210 1507 1212 1507 0 2 250 54
SAGROW 35074 1210 1507 1212 1507 0 2 250 158
SAGROW 35179 1208 1507 1212 1507 0 3 250 127
SAGROW 35284 1208 1507 1212 1507 0 4 250 97
SAGROW 35368 1209 1507 1212 1507 0 5 250 55
SAGROW 35492 1206 1507 1212 1507 0 5 250 178
SAGROW 35583 1207 1506 1212 1507 0 6 250 116
SAGROW 35680 1208 1506 1212 1507 0 1 250 68
SAGROW 35797 1211 1507 1212 1507 0 1 250 53
SAGROW 35893 1210 1506 1212 1507 0 2 250 148
SAGROW 35985 1208 1507 1212 1507 0 3 250 109
SAGROW 36089 1209 1507 1212 1507 0 4 250 69
SAGROW 36211 1208 1507 1212 1507 0 4 250 52
SAGROW 36320 1211 1507 1212 1507 0 5 250 160
SAGROW 36386 1212 1508 1212 1507 0 6 250 79
SAGROW 36498 1206 1507 1212 1507 0 1 250 61
SAGROW 36604 1205 1507 1212 1507 0 1 250 167
SAGROW 36689 1206 1507 1212 1507 0 2 250 112
SAGROW 36788 1210 1507 1212 1507 0 3 250 78
SAGROW 36900 1209 1507 1212 1507 0 3 250 47
SAGROW 37016 1207 1507 1212 1507 0 4 250 162
SAGROW 37093 1207 1507 1212 1507 0 5 250 71
SAGROW 37200 1207 1507 1212 1507 0 5 250 47
SAGROW 37316 1215 1507 1212 1507 0 6 250 155
SAGROW 37408 1215 1507 1212 1507 0 1 250 126
SAGROW 37499 1215 1507 1212 1507 0 2 250 83
SAGROW 37601 1214 1507 1212 1507 0 2 250 186
SAGROW 37724 1215 1507 1212 1507 0 3 250 37
SAGROW 37811 1215 1507 1212 1507 0 4 250 124
SAGROW 37901 1216 1507 1212 1507 0 5 250 60
SAGROW 37999 1215 1507 1212 1507 0 5 250 157
SAGROW 38104 1214 1507 1212 1507 0 6 250 127
SAGROW 38214 1214 1507 1212 1507 0 1 250 94
SAGROW 38301 1213 1507 1212 1507 0 2 250 51
SAGROW 38423 1213 1507 1212 1507 0 2 250 174
SAGROW 38514 1213 1507 1212 1507 0 3 250 117
SAGROW 38620 1214 1507 1212 1507 0 4 250 86
SAGROW 38713 1213 1507 1212 1507 0 5 250 46
SAGROW 38827 1213 1507 1212 1507 0 5 250 160
SAGROW 38913 1214 1506 1212 1507 0 6 250 101
SAGROW 39023 1212 1507 1212 1507 0 1 250 72
SAGROW 39130 1211 1506 1212 1507 0 1 250 179
SAGROW 39222 1212 1507 1212 1507 0 2 250 130
SAGROW 39319 1212 1507 1212 1507 0 3 250 89
SAGROW 39438 1212 1507 1212 1507 0 4 250 59
SAGROW 39538 1212 1507 1212 1507 0 4 250 158
SAGROW 39624 1211 1507 1212 1507 0 5 250 124
SAGROW 39715 1211 1507 1212 1507 0 6 250 61
SAGROW 39825 1211 1507 1212 1507 0 6 250 171
SAGROW 39956 1213 1507 1212 1507 0 1 250 167
SAGROW 40030 1212 1507 1212 1507 0 2 250 95
SAGROW 40116 1211 1507 1212 1507 0 3 250 53
SAGROW 40231 1211 1507 1212 1507 0 3 250 167
SAGROW 40357 1211 1507 1212 1507 0 4 250 152
SAGROW 40431 1211 1507 1212 1507 0 5 250 98
SAGROW 40530 1211 1507 1212 1507 0 5 250 43
SAGROW 40644 1209 1507 1212 1507 0 6 250 158
SAGROW 40743 1208 1507 1212 1507 0 1 250 120
SAGROW 40829 1208 1508 1212 1507 0 2 250 63
SAGROW 40933 1209 1507 1212 1507 0 2 250 167
SAGROW 41038 1209 1507 1212 1507 0 3 250 132
SAGROW 41149 1208 1507 1212 1507 0 4 250 99
SAGROW 41236 1209 1507 1212 1507 0 4 250 54
SAGROW 41366 1209 1507 1212 1507 0 5 250 184
SAGROW 41437 1211 1507 1212 1507 0 6 250 97
SAGROW 41539 1212 1507 1212 1507 0 1 250 61
SAGROW 41654 1213 1507 1212 1507 0 2 250 52
SAGROW 41757 1213 1507 1212 1507 0 2 250 155
SAGROW 41843 1213 1507 1212 1507 0 3 250 102
SAGROW 41949 1215 1507 1212 1507 0 4 250 76
SAGROW 42070 1214 1507 1212 1507 0 4 250 196
SAGROW 42157 1215 1507 1212 1507 0 5 250 128
SAGROW 42248 1216 1508 1212 1507 0 6 250 85
SAGROW 42346 1215 1508 1212 1507 0 6 250 45
SAGROW 42471 1213 1508 1212 1507 0 1 250 163
SAGROW 42555 1214 1508 1212 1507 0 2 250 119
SAGROW 42645 1213 1508 1212 1507 0 3 250 60
SAGROW 42762 1213 1508 1212 1507 0 3 250 177
SAGROW 42875 1214 1507 1212 1507 0 4 250 139
SAGROW 42966 1214 1507 1212 1507 0 5 250 113
SAGROW 43059 1213 1507 1212 1507 0 6 250 52
SAGROW 43162 1213 1507 1212 1507 0 6 250 156
SAGROW 43262 1215 1507 1212 1507 0 1 250 125
SAGROW 43353 1214 1508 1212 1507 0 2 250 84
SAGROW 43471 1214 1508 1212 1507 0 3 250 47
SAGROW 43579 1214 1508 1212 1507 0 3 250 141
SAGROW 43676 1213 1508 1212 1507 0 4 250 109
SAGROW 43753 1213 1508 1212 1507 0 5 250 66
SAGROW 43864 1213 1508 1212 1507 0 5 250 177
SAGROW 43955 1212 1508 1212 1507 0 6 250 115
SAGROW 44077 1213 1508 1212 1507 0 1 250 105
SAGROW 44169 1213 1507 1212 1507 0 1 250 52
SAGROW 44283 1213 1507 1212 1507 0 2 250 167
SAGROW 44367 1212 1507 1212 1507 0 3 250 118
SAGROW 44473 1211 1507 1212 1507 0 4 250 80
SAGROW 44572 1211 1507 1212 1507 0 4 250 53
SAGROW 44662 1211 1507 1212 1507 0 5 250 143
SAGROW 44784 1211 1506 1212 1507 0 6 250 110
SAGROW 44883 1210 1506 1212 1507 0 1 250 63
SAGROW 44987 1210 1506 1212 1507 0 1 250 168
SAGROW 45073 1210 1506 1212 1507 0 2 250 124
SAGROW 45190 1209 1507 1212 1507 0 3 250 108
SAGROW 45284 1210 1506 1212 1507 0 4 250 57
SAGROW 45401 1209 1506 1212 1507 0 4 250 174
SAGROW 45472 1210 1507 1212 1507 0 5 250 98
SAGROW 45581 1211 1507 1212 1507 0 6 250 68
SAGROW 45690 1209 1507 1212 1507 0 6 250 43
SAGROW 45807 1208 1507 1212 1507 0 1 250 161
SAGROW 45893 1209 1507 1212 1507 0 2 250 104
SAGROW 45978 1209 1507 1212 1507 0 3 250 49
SAGROW 46094 1208 1507 1212 1507 0 3 250 165
SAGROW 46218 1209 1507 1212 1507 0 4 250 149
SAGROW 46284 1208 1506 1212 1507 0 5 250 79
SAGROW 46397 1207 1507 1212 1507 0 6 250 49
SAGROW 46513 1209 1506 1212 1507 0 6 250 164
SAGROW 46608 1210 1506 1212 1507 0 1 250 122
SAGROW 46683 1210 1506 1212 1507 0 2 250 52
SAGROW 46813 1211 1506 1212 1507 0 2 250 44
SAGROW 46901 1213 1506 1212 1507 0 3 250 131
SAGROW 47012 1214 1507 1212 1507 0 4 250 103
SAGROW 47097 1213 1507 1212 1507 0 5 250 57
SAGROW 47223 1214 1507 1212 1507 0 5 250 38
SAGROW 47303 1215 1507 1212 1507 0 6 250 118
SAGROW 47409 1216 1507 1212 1507 0 1 250 86
SAGROW 47502 1215 1507 1212 1507 0 2 250 46
SAGROW 47617 1213 1507 1212 1507 0 2 250 161
SAGROW 47702 1213 1507 1212 1507 0 3 250 100
SAGROW 47802 1212 1507 1212 1507 0 4 250 59
SAGROW 47913 1214 1507 1212 1507 0 4 250 171
SAGROW 48005 1214 1507 1212 1507 0 5 250 130
SAGROW 48104 1214 1507 1212 1507 0 6 250 75
SAGROW 48207 1213 1507 1212 1507 0 6 250 180
SAGROW 48345 1212 1507 1212 1507 0 1 250 175
SAGROW 48411 1213 1507 1212 1507 0 2 250 108
SAGROW 48508 1212 1507 1212 1507 0 3 250 72
SAGROW 48628 1213 1507 1212 1507 0 3 250 39
SAGROW 48748 1213 1507 1212 1507 0 4 250 159
SAGROW 48819 1212 1507 1212 1507 0 5 250 92
SAGROW 48918 1211 1506 1212 1507 0 6 250 52
SAGROW 49036 1211 1507 1212 1507 0 6 250 39
SAGROW 49120 1213 1506 1212 1507 0 1 250 123
SAGROW 49219 1213 1506 1212 1507 0 2 250 78
SAGROW 49330 1214 1506 1212 1507 0 2 250 39
SAGROW 49410 1216 1506 1212 1507 0 3 250 119
SAGROW 49539 1215 1507 1212 1507 0 4 250 117
SAGROW 49615 1215 1507 1212 1507 0 5 250 54
SAGROW 49742 1215 1507 1212 1507 0 5 250 43
SAGROW 49824 1214 1507 1212 1507 0 6 250 125
SAGROW 49928 1214 1507 1212 1507 0 1 250 88
SAGROW 50029 1213 1507 1212 1507 0 1 250 53
SAGROW 50155 1212 1507 1212 1507 0 2 250 40
SAGROW 50237 1210 1507 1212 1507 0 3 250 122
SAGROW 50335 1209 1507 1212 1507 0 4 250 72
SAGROW 50443 1210 1507 1212 1507 0 4 250 180
SAGROW 50528 1210 1507 1212 1507 0 5 250 126
SAGROW 50639 1211 1507 1212 1507 0 6 250 101
SAGROW 50736 1211 1507 1212 1507 0 1 250 63
SAGROW 50850 1213 1506 1212 1507 0 1 250 176
SAGROW 50936 1213 1506 1212 1507 0 2 250 127
SAGROW 51035 1212 1506 1212 1507 0 3 250 79
SAGROW 51154 1212 1506 1212 1507 0 4 250 58
SAGROW 51267 1213 1506 1212 1507 0 4 250 170
SAGROW 51339 1212 1506 1212 1507 0 5 250 112
SAGROW 51431 1212 1506 1212 1507 0 6 250 52
SAGROW 51561 1211 1506 1212 1507 0 6 250 42
SAGROW 51682 1210 1506 1212 1507 0 1 250 163
SAGROW 51736 1211 1507 1212 1507 0 2 250 81
SAGROW 51843 1211 1507 1212 1507 0 3 250 53
SAGROW 51967 1211 1507 1212 1507 0 3 250 177
SAGROW 52052 1210 1507 1212 1507 0 4 250 110
SAGROW 52137 1209 1507 1212 1507 0 5 250 64
SAGROW 52248 1209 1507 1212 1507 0 5 250 176
SAGROW 52374 1210 1507 1212 1507 0 6 250 162
SAGROW 52469 1211 1507 1212 1507 0 1 250 110
SAGROW 52542 1211 1507 1212 1507 0 2 250 49
SAGROW 52658 1212 1507 1212 1507 0 2 250 165
SAGROW 52750 1213 1507 1212 1507 0 3 250 122
SAGROW 52871 1211 1508 1212 1507 0 4 250 104
SAGROW 52975 1213 1508 1212 1507 0 4 250 208
SAGROW 53080 1212 1507 1212 1507 0 5 250 148
SAGROW 53164 1212 1507 1212 1507 0 6 250 98
SAGROW 53262 1211 1507 1212 1507 0 1 250 68
SAGROW 53378 1212 1507 1212 1507 0 1 250 49
SAGROW 53465 1210 1506 1212 1507 0 2 250 137
SAGROW 53568 1210 1506 1212 1507 0 3 250 91
SAGROW 53661 1213 1506 1212 1507 0 4 250 61
SAGROW 53795 1210 1506 1212 1507 0 4 250 48
SAGROW 53863 1211 1507 1212 1507 0 5 250 117
SAGROW 53960 1210 1507 1212 1507 0 6 250 70
SAGROW 54083 1211 1507 1212 1507 0 1 250 55
SAGROW 54188 1211 1507 1212 1507 0 1 250 161
SAGROW 54279 1211 1507 1212 1507 0 2 250 117
SAGROW 54365 1211 1507 1212 1507 0 3 250 57
SAGROW 54473 1211 1507 1212 1507 0 3 250 165
SAGROW 54600 1212 1507 1212 1507 0 4 250 152
SAGROW 54671 1211 1507 1212 1507 0 5 250 91
SAGROW 54783 1212 1507 1212 1507 0 6 250 50
SAGROW 54890 1210 1507 1212 1507 0 6 250 157
SAGROW 54988 1210 1507 1212 1507 0 1 250 117
SAGROW 55079 1210 1507 1212 1507 0 2 250 85
SAGROW 55175 1211 1507 1212 1507 0 2 250 180
SAGROW 55280 1211 1507 1212 1507 0 3 250 129
SAGROW 55404 1212 1507 1212 1507 0 4 250 119
SAGROW 55481 1213 1507 1212 1507 0 5 250 69
SAGROW 55592 1211 1506 1212 1507 0 5 250 172
SAGROW 55678 1212 1506 1212 1507 0 6 250 121
SAGROW 55797 1211 1506 1212 1507 0 1 250 90
SAGROW 55894 1212 1507 1212 1507 0 2 250 52
SAGROW 55990 1211 1507 1212 1507 0 2 250 147
SAGROW 56093 1210 1507 1212 1507 0 3 250 118
SAGROW 56186 1210 1506 1212 1507 0 4 250 66
SAGROW 56308 1208 1507 1212 1507 0 4 250 49
SAGROW 56397 1210 1507 1212 1507 0 5 250 130
SAGROW 56488 1210 1507 1212 1507 0 6 250 85
SAGROW 56603 1210 1507 1212 1507 0 1 250 61
SAGROW 56716 1210 1506 1212 1507 0 1 250 167
SAGROW 56799 1210 1506 1212 1507 0 2 250 119
SAGROW 56885 1211 1506 1212 1507 0 3 250 65
SAGROW 57014 1211 1506 1212 1507 0 4 250 61
SAGROW 57138 1211 1506 1212 1507 0 4 250 185
SAGROW 57210 1213 1506 1212 1507 0 5 250 109
SAGROW 57296 1213 1506 1212 1507 0 6 250 54
SAGROW 57422 1212 1507 1212 1507 0 6 250 43
SAGROW 57512 1212 1507 1212 1507 0 1 250 132
SAGROW 57595 1211 1507 1212 1507 0 2 250 71
SAGROW 57715 1212 1507 1212 1507 0 3 250 51
SAGROW 57828 1212 1507 1212 1507 0 3 250 165
SAGROW 57926 1213 1507 1212 1507 0 4 250 111
SAGROW 58003 1210 1507 1212 1507 0 5 250 70
SAGROW 58116 1210 1507 1212 1507 0 5 250 40
SAGROW 58232 1210 1507 1212 1507 0 6 250 155
SAGROW 58324 1210 1507 1212 1507 0 1 250 107
SAGROW 58408 1210 1507 1212 1507 0 2 250 60
SAGROW 58535 1210 1507 1212 1507 0 2 250 39
SAGROW 58615 1208 1507 1212 1507 0 3 250 119
SAGROW 58714 1208 1507 1212 1507 0 4 250 68
SAGROW 58820 1209 1507 1212 1507 0 5 250 54
SAGROW 58917 1209 1507 1212 1507 0 5 250 145
SAGROW 59014 1209 1507 1212 1507 0 6 250 95
SAGROW 59121 1210 1507 1212 1507 0 1 250 62
SAGROW 59247 1209 1507 1212 1507 0 1 250 50
SAGROW 59309 1208 1507 1212 1507 0 2 250 113
SAGROW 59428 1210 1507 1212 1507 0 3 250 98
SAGROW 59528 1211 1507 1212 1507 0 4 250 55
SAGROW 59639 1211 1507 1212 1507 0 4 250 166
SAGROW 59731 1213 1507 1212 1507 0 5 250 132
SAGROW 59816 1212 1507 1212 1507 0 6 250 64
SAGROW 59927 1213 1507 1212 1507 0 6 250 174
SAGROW 60066 1214 1507 1212 1507 0 1 250 164
SAGROW 60132 1216 1507 1212 1507 0 2 250 101
SAGROW 60229 1218 1507 1212 1507 0 3 250 68
SAGROW 60333 1217 1507 1212 1507 0 3 250 171
SAGROW 60470 1216 1507 1212 1507 0 4 250 164
SAGROW 60522 1215 1507 1212 1507 0 5 250 68
SAGROW 60643 1216 1507 1212 1507 0 6 250 51
SAGROW 60725 1215 1507 1212 1507 0 6 250 133
SAGROW 60856 1215 1507 1212 1507 0 1 250 119
SAGROW 60933 1214 1507 1212 1507 0 2 250 65
SAGROW 61047 1213 1507 1212 1507 0 2 250 39
SAGROW 61154 1213 1507 1212 1507 0 3 250 146
SAGROW 61248 1213 1507 1212 1507 0 4 250 108
SAGROW 61344 1213 1506 1212 1507 0 5 250 55
SAGROW 61448 1213 1507 1212 1507 0 5 250 159
SAGROW 61552 1214 1507 1212 1507 0 6 250 124
SAGROW 61645 1214 1507 1212 1507 0 1 250 80
SAGROW 61754 1212 1506 1212 1507 0 1 250 53
SAGROW 61864 1211 1506 1212 1507 0 2 250 162
SAGROW 61956 1215 1506 1212 1507 0 3 250 101
SAGROW 62054 1216 1506 1212 1507 0 4 250 65
SAGROW 62171 1216 1506 1212 1507 0 4 250 52
SAGROW 62241 1215 1506 1212 1507 0 5 250 123
SAGROW 62358 1215 1506 1212 1507 0 6 250 88
SAGROW 62458 1215 1506 1212 1507 0 1 250 57
SAGROW 62570 1215 1507 1212 1507 0 1 250 169
SAGROW 62661 1215 1507 1212 1507 0 2 250 118
SAGROW 62746 1211 1507 1212 1507 0 3 250 65
SAGROW 62866 1211 1507 1212 1507 0 3 250 42
SAGROW 62991 1211 1507 1212 1507 0 4 250 167
SAGROW 63063 1211 1507 1212 1507 0 5 250 110
SAGROW 63156 1211 1507 1212 1507 0 6 250 51
SAGROW 63286 1210 1507 1212 1507 0 6 250 40
SAGROW 63387 1210 1507 1212 1507 0 1 250 142
SAGROW 63453 1210 1507 1212 1507 0 2 250 85
SAGROW 63565 1213 1507 1212 1507 0 3 250 50
SAGROW 63655 1212 1507 1212 1507 0 3 250 140
SAGROW 63798 1212 1507 1212 1507 0 4 250 117
SAGROW 63864 1212 1507 1212 1507 0 5 250 78
SAGROW 63982 1212 1507 1212 1507 0 5 250 41
SAGROW 64070 1212 1506 1212 1507 0 6 250 129
SAGROW 64174 1212 1507 1212 1507 0 1 250 99
SAGROW 64270 1213 1506 1212 1507 0 2 250 54
SAGROW 64390 1210 1507 1212 1507 0 2 250 43
SAGROW 64478 1210 1507 1212 1507 0 3 250 131
SAGROW 64579 1210 1507 1212 1507 0 4 250 87
SAGROW 64683 1211 1506 1212 1507 0 5 250 52
SAGROW 64791 1211 1507 1212 1507 0 5 250 146
SAGROW 64869 1210 1507 1212 1507 0 6 250 90
SAGROW 64981 1210 1507 1212 1507 0 1 250 69
SAGROW 65102 1210 1507 1212 1507 0 1 250 191
SAGROW 65175 1210 1506 1212 1507 0 2 250 114
SAGROW 65280 1212 1507 1212 1507 0 3 250 80
SAGROW 65389 1212 1506 1212 1507 0 4 250 54
SAGROW 65506 1213 1507 1212 1507 0 4 250 157
SAGROW 53 1215 1507 1212 1507 0 5 250 96
SAGROW 142 1216 1506 1212 1507 0 6 250 67
SAGROW 249 1216 1507 1212 1507 0 6 250 173
SAGROW 370 1216 1507 1212 1507 0 1 250 158
SAGROW 455 1216 1507 1212 1507 0 2 250 103
SAGROW 554 1215 1507 1212 1507 0 3 250 52
SAGROW 656 1215 1507 1212 1507 0 3 250 155
SAGROW 761 1213 1507 1212 1507 0 4 250 129
SAGROW 852 1214 1506 1212 1507 0 5 250 84
SAGROW 965 1213 1506 1212 1507 0 6 250 52
SAGROW 1069 1212 1506 1212 1507 0 6 250 156
SAGROW 1155 1212 1507 1212 1507 0 1 250 104
SAGROW 1252 1212 1507 1212 1507 0 2 250 66
SAGROW 1364 1213 1507 1212 1507 0 2 250 171
SAGROW 1468 1213 1507 1212 1507 0 3 250 138
SAGROW 1573 1213 1507 1212 1507 0 4 250 99
SAGROW 1657 1211 1508 1212 1507 0 5 250 55
SAGROW 1781 1211 1508 1212 1507 0 5 250 178
SAGROW 1872 1211 1507 1212 1507 0 6 250 116
SAGROW 1977 1212 1507 1212 1507 0 1 250 93
SAGROW 2069 1214 1507 1212 1507 0 2 250 51
SAGROW 2186 1217 1507 1212 1507 0 2 250 168
SAGROW 2278 1216 1507 1212 1507 0 3 250 112
SAGROW 2362 1217 1507 1212 1507 0 3 250 47
SAGROW 2496 1217 1507 1212 1507 0 4 250 51
SAGROW 2577 1217 1507 1212 1507 0 5 250 133
SAGROW 2680 1216 1507 1212 1507 0 6 250 90
SAGROW 2787 1216 1507 1212 1507 0 1 250 58
SAGROW 2902 1214 1507 1212 1507 0 1 250 50
SAGROW 2989 1210 1507 1212 1507 0 2 250 137
SAGROW 3067 1211 1507 1212 1507 0 3 250 68
SAGROW 3177 1211 1507 1212 1507 0 3 250 179
SAGROW 3302 1210 1507 1212 1507 0 4 250 151
SAGROW 3386 1210 1507 1212 1507 0 5 250 96
SAGROW 3477 1210 1507 1212 1507 0 6 250 55
SAGROW 3586 1209 1507 1212 1507 0 6 250 163
SAGROW 3723 1210 1507 1212 1507 0 1 250 162
SAGROW 3777 1210 1507 1212 1507 0 2 250 78
SAGROW 3884 1208 1507 1212 1507 0 3 250 52
SAGROW 4001 1209 1507 1212 1507 0 3 250 169
SAGROW 4100 1211 1507 1212 1507 0 4 250 124
SAGROW 4182 1211 1507 1212 1507 0 5 250 71
SAGROW 4297 1213 1508 1212 1507 0 5 250 39
SAGROW 4410 1214 1508 1212 1507 0 6 250 151
SAGROW 4495 1214 1508 1212 1507 0 1 250 101
SAGROW 4591 1216 1508 1212 1507 0 2 250 57
SAGROW 4695 1220 1507 1212 1507 0 2 250 160
SAGROW 4800 1218 1508 1212 1507 0 3 250 127
SAGROW 4912 1217 1507 1212 1507 0 4 250 95
SAGROW 5003 1219 1508 1212 1507 0 4 250 185
SAGROW 5115 1217 1507 1212 1507 0 5 250 157
SAGROW 5200 1217 1508 1212 1507 0 6 250 105
SAGROW 5302 1217 1507 1212 1507 0 1 250 61
SAGROW 5412 1216 1507 1212 1507 0 1 250 171
SAGROW 5497 1215 1507 1212 1507 0 2 250 128
SAGROW 5607 1216 1507 1212 1507 0 3 250 87
SAGROW 5702 1216 1507 1212 1507 0 4 250 59
SAGROW 5835 1216 1507 1212 1507 0 4 250 48
SAGROW 5903 1218 1506 1212 1507 0 5 250 116
SAGROW 6000 1219 1506 1212 1507 0 6 250 70
SAGROW 6116 1219 1506 1212 1507 0 6 250 46
SAGROW 6228 1219 1507 1212 1507 0 1 250 158
SAGROW 6320 1216 1506 1212 1507 0 2 250 115
SAGROW 6405 1216 1506 1212 1507 0 3 250 60
SAGROW 6508 1215 1506 1212 1507 0 3 250 163
SAGROW 6640 1214 1506 1212 1507 0 4 250 154
SAGROW 6712 1213 1506 1212 1507 0 5 250 83
SAGROW 6818 1213 1506 1212 1507 0 6 250 53
SAGROW 6944 1213 1506 1212 1507 0 6 250 39
SAGROW 7032 1213 1506 1212 1507 0 1 250 127
SAGROW 7109 1212 1506 1212 1507 0 2 250 71
SAGROW 7221 1212 1505 1212 1507 0 2 250 183
SAGROW 7340 1210 1505 1212 1507 0 3 250 145
SAGROW 7431 1209 1506 1212 1507 0 4 250 105
SAGROW 7517 1209 1506 1212 1507 0 5 250 61
SAGROW 7650 1208 1506 1212 1507 0 5 250 40
SAGROW 7738 1208 1506 1212 1507 0 6 250 128
SAGROW 7836 1207 1507 1212 1507 0 1 250 82
SAGROW 7935 1209 1507 1212 1507 0 2 250 52
SAGROW 8036 1209 1507 1212 1507 0 2 250 154
SAGROW 8128 1210 1507 1212 1507 0 3 250 110
SAGROW 8234 1211 1507 1212 1507 0 4 250 73
SAGROW 8335 1212 1507 1212 1507 0 4 250 173
SAGROW 8426 1211 1507 1212 1507 0 5 250 137
SAGROW 8530 1211 1507 1212 1507 0 6 250 87
SAGROW 8622 1209 1506 1212 1507 0 6 250 45
SAGROW 8746 1208 1506 1212 1507 0 1 250 168
SAGROW 8831 1209 1506 1212 1507 0 2 250 110
SAGROW 8930 1207 1507 1212 1507 0 3 250 79
SAGROW 9049 1208 1507 1212 1507 0 4 250 54
SAGROW 9167 1207 1507 1212 1507 0 4 250 171
SAGROW 9238 1207 1507 1212 1507 0 5 250 95
SAGROW 9335 1208 1508 1212 1507 0 6 250 54
SAGROW 9462 1210 1508 1212 1507 0 6 250 39
SAGROW 9550 1211 1508 1212 1507 0 1 250 127
SAGROW 9641 1211 1508 1212 1507 0 2 250 85
SAGSLOW 1212 1507 1212 1507
SAGSLOW 1213 1508 1212 1507
SAGSLOW 1219 1506 1212 1507
SAGSLOW 1214 1507 1212 1507
SAGSLOW 1215 1507 1212 1507
SAGSLOW 1213 1507 1212 1507
SAGSLOW 1215 1507 1212 1507
SAGSLOW 1210 1507 1212 1507
SAGSLOW 1210 1506 1212 1507
SAGSLOW 1212 1507 1212 1507
SAGSLOW 1209 1507 1212 1507
SAGSLOW 1212 1507 1212 1507
SAGSLOW 1214 1508 1212 1507
SAGSLOW 1212 1507 1212 1507
SAGSLOW 1212 1507 1212 1507
SAGSLOW 1212 1507 1212 1507
SAGSLOW 1211 1507 1212 1507
SAGSLOW 1210 1507 1212 1507
SAGSLOW 1213 1507 1212 1507
SAGSLOW 1217 1507 1212 1507
SAGSLOW 1208 1507 1212 1507
SAGSLOW 1206 1507 1212 1507
SAGSLOW 1214 1507 1212 1507
SAGSLOW 1204 1507 1212 1507
SAGSLOW 1211 1507 1212 1507
SAGSLOW 1210 1507 1212 1507
SAGSLOW 1212 1508 1212 1507
SAGSLOW 1210 1506 1212 1507
SAGSLOW 1211 1506 1212 1507
SAGSLOW 1213 1508 1212 1507
SAGSLOW 1212 1507 1212 1507
SAGSLOW 1213 1507 1212 1507
SAGSLOW 1215 1507 1212 1507
SAGSLOW 1213 1507 1212 1507
SAGSLOW 1212 1508 1212 1507
SAGSLOW 1212 1506 1212 1507
SAGSLOW 1209 1507 1212 1507
SAGSLOW 1213 1507 1212 1507
SAGSLOW 1213 1507 1212 1507
SAGSLOW 1212 1508 1212 1507
SAGSLOW 1211 1508 1212 1507
SAGSLOW 1215 1507 1212 1507
SAGSLOW 1213 1507 1212 1507
SAGSLOW 1211 1507 1212 1507
SAGSLOW 1214 1507 1212 1507
SAGSLOW 1207 1507 1212 1507
SAGSLOW 1214 1507 1212 1507
SAGSLOW 1209 1506 1212 1507
SAGSLOW 1213 1506 1212 1507
SAGSLOW 1211 1507 1212 1507
SAGSLOW 1213 1508 1212 1507
SAGSLOW 1217 1508 1212 1507
SAGSLOW 1214 1508 1212 1507
SAGSLOW 1207 1507 1212 1507
SAGSLOW 1214 1507 1212 1507
SAGSLOW 1211 1507 1212 1507
SAGSLOW 1216 1507 1212 1507
SAGSLOW 1212 1506 1212 1507
SAGSLOW 1215 1506 1212 1507
SAGSLOW 1210 1506 1212 1507
SAGSLOW 1209 1507 1212 1507
SAGSLOW 1213 1507 1212 1507
SAGSLOW 1215 1507 1212 1507
SAGSLOW 1214 1506 1212 1507
SAGSLOW 1213 1507 1212 1507
SAGSLOW 1213 1507 1212 1507
SAGSLOW 1210 1507 1212 1507
SAGSLOW 1214 1507 1212 1507
SAGSLOW 1212 1507 1212 1507
SAGSLOW 1212 1506 1212 1507
SAGSLOW 1216 1506 1212 1507
SAGSLOW 1213 1507 1212 1507
SAGSLOW 1211 1507 1212 1507
SAGSLOW 1214 1507 1212 1507
SAGSLOW 1213 1507 1212 1507
SAGSLOW 1216 1507 1212 1507
SAGSLOW 1210 1507 1212 1507
SAGSLOW 1216 1506 1212 1507
SAGSLOW 1211 1508 1212 1507
SAGSLOW 1213 1507 1212 1507
SAGSLOW 1210 1507 1212 1507
SAGSLOW 1211 1507 1212 1507
SAGSLOW 1213 1508 1212 1507
SAGSLOW 1212 1507 1212 1507
SAGSLOW 1209 1506 1212 1507
SAGSLOW 1211 1507 1212 1507
SAGSLOW 1217 1508 1212 1507
SAGSLOW 1209 1507 1212 1507
SAGSLOW 1218 1508 1212 1507
SAGSLOW 1210 1507 1212 1507
SAGSLOW 1212 1507 1212 1507
SAGSLOW 1216 1507 1212 1507
SAGSLOW 1214 1507 1212 1507
SAGSLOW 1209 1507 1212 1507
SAGSLOW 1217 1506 1212 1507
SAGSLOW 1206 1506 1212 1507
SAGSLOW 1212 1506 1212 1507
SAGSLOW 1212 1507 1212 1507
SAGSLOW 1213 1506 1212 1507
SAGSLOW 1209 1507 1212 1507
SAGSLOW 1209 1507 1212 1507
SAGSLOW 1212 1506 1212 1507
SAGSLOW 1212 1508 1212 1507
SAGSLOW 1214 1507 1212 1507
SAGSLOW 1213 1506 1212 1507
SAGSLOW 1210 1507 1212 1507
SAGSLOW 1209 1508 1212 1507
SAGSLOW 1212 1507 1212 1507
SAGSLOW 1212 1507 1212 1507
SAGSLOW 1208 1507 1212 1507
SAGSLOW 1211 1507 1212 1507
SAGSLOW 1209 1508 1212 1507
SAGSLOW 1215 1507 1212 1507
SAGSLOW 1214 1507 1212 1507
SAGSLOW 1212 1508 1212 1507
SAGSLOW 1212 1507 1212 1507
SAGSLOW 1211 1507 1212 1507
SAGSLOW 1213 1507 1212 1507
SAGSLOW 1211 1507 1212 1507
SAGSLOW 1213 1507 1212 1507
SAGSLOW 1218 1507 1212 1507
SAGSLOW 1210 1507 1212 1507
SAGSLOW 1215 1507 1212 1507
SAGSLOW 1212 1508 1212 1507
SAGSLOW 1213 1508 1212 1507
SAGSLOW 1212 1506 1212 1507
SAGSLOW 1212 1508 1212 1507
SAGSLOW 1211 1507 1212 1507
SAGSLOW 1217 1507 1212 1507
SAGSLOW 1210 1506 1212 1507
SAGSLOW 1207 1506 1212 1507
SAGSLOW 1211 1507 1212 1507
SAGSLOW 1216 1505 1212 1507
SAGSLOW 1215 1506 1212 1507
SAGSLOW 1215 1506 1212 1507
SAGSLOW 1207 1505 1212 1507
SAGSLOW 1205 1507 1212 1507
SAGSLOW 1216 1507 1212 1507
SAGSLOW 1212 1507 1212 1507
SAGSLOW 1211 1506 1212 1507
SAGSLOW 1214 1507 1212 1507
SAGSLOW 1211 1506 1212 1507
SAGSLOW 1212 1507 1212 1507
SAGSLOW 1215 1508 1212 1507
SAGSLOW 1209 1507 1212 1507
SAGSLOW 1213 1507 1212 1507
SAGSLOW 1212 1507 1212 1507
SAGSLOW 1217 1507 1212 1507
SAGSLOW 1215 1507 1212 1507
SAGSLOW 1212 1508 1212 1507
SAGSLOW 1210 1507 1212 1507
SAGSLOW 1212 1508 1212 1507
SAGSLOW 1210 1507 1212 1507
SAGSLOW 1210 1506 1212 1507
SAGSLOW 1213 1507 1212 1507
SAGSLOW 1214 1506 1212 1507
SAGSLOW 1216 1507 1212 1507
SAGSLOW 1214 1508 1212 1507
SAGSLOW 1212 1507 1212 1507
SAGSLOW 1217 1506 1212 1507
SAGSLOW 1212 1506 1212 1507
SAGSLOW 1203 1507 1212 1507
SAGSLOW 1217 1507 1212 1507
SAGSLOW 1207 1507 1212 1507
SAGSLOW 1213 1507 1212 1507
SAGSLOW 1211 1508 1212 1507
SAGSLOW 1213 1507 1212 1507
SAGSLOW 1210 1507 1212 1507
SAGSLOW 1209 1506 1212 1507
SAGSLOW 1210 1506 1212 1507
SAGSLOW 1211 1506 1212 1507
SAGSLOW 1209 1507 1212 1507
SAGSLOW 1207 1508 1212 1507
SAGSLOW 1211 1507 1212 1507
SAGSLOW 1208 1506 1212 1507
SAGSLOW 1211 1506 1212 1507
SAGSLOW 1217 1506 1212 1507
SAGSLOW 1214 1507 1212 1507
SAGSLOW 1208 1505 1212 1507
SAGSLOW 1213 1507 1212 1507
SAGSLOW 1210 1507 1212 1507
SAGSLOW 1210 1508 1212 1507
SAGSLOW 1212 1506 1212 1507
SAGSLOW 1212 1507 1212 1507
SAGSLOW 1213 1507 1212 1507
SAGSLOW 1212 1508 1212 1507
SAGSLOW 1213 1507 1212 1507
SAGSLOW 1215 1507 1212 1507
SAGSLOW 1209 1508 1212 1507
SAGSLOW 1213 1507 1212 1507
SAGSLOW 1211 1507 1212 1507
SAGSLOW 1213 1507 1212 1507
SAGSLOW 1214 1507 1212 1507
SAGSLOW 1212 1507 1212 1507
SAGSLOW 1212 1507 1212 1507
SAGSLOW 1213 1506 1212 1507
SAGSLOW 1212 1507 1212 1507
SAGSLOW 1212 1506 1212 1507
SAGSLOW 1211 1507 1212 1507
SAGSLOW 1211 1506 1212 1507
SAGSLOW 1213 1507 1212 1507
SAGSLOW 1217 1506 1212 1507
SAGSLOW 1217 1507 1212 1507
SAGSLOW 1213 1507 1212 1507
SAGSLOW 1211 1507 1212 1507
SAGSLOW 1206 1507 1212 1507
SAGSLOW 1215 1507 1212 1507
SAGSLOW 1215 1507 1212 1507
SAGSLOW 1213 1507 1212 1507
SAGSLOW 1215 1507 1212 1507
SAGSLOW 1211 1507 1212 1507
SAGSLOW 1212 1506 1212 1507
SAGSLOW 1212 1505 1212 1507
SAGSLOW 1211 1508 1212 1507
SAGSLOW 1213 1507 1212 1507
SAGSLOW 1214 1507 1212 1507
SAGSLOW 1214 1507 1212 1507
SAGSLOW 1211 1507 1212 1507
SAGSLOW 1214 1506 1212 1507
SAGSLOW 1216 1506 1212 1507
SAGSLOW 1211 1507 1212 1507
SAGSLOW 1207 1507 1212 1507
SAGSLOW 1214 1507 1212 1507
SAGSLOW 1206 1508 1212 1507
SAGSLOW 1214 1507 1212 1507
SAGSLOW 1211 1506 1212 1507
SAGSLOW 1212 1507 1212 1507
SAGSLOW 1210 1507 1212 1507
SAGSLOW 1214 1507 1212 1507
SAGSLOW 1213 1508 1212 1507
SAGSLOW 1213 1506 1212 1507
SAGSLOW 1208 1507 1212 1507
SAGSLOW 1215 1506 1212 1507
SAGSLOW 1209 1507 1212 1507
SAGSLOW 1211 1507 1212 1507
SAGSLOW 1211 1507 1212 1507
SAGSLOW 1214 1507 1212 1507
SAGSLOW 1212 1507 1212 1507
SAGSLOW 1212 1507 1212 1507
SAGSLOW 1214 1507 1212 1507
SAGSLOW 1213 1507 1212 1507
SAGSLOW 1212 1507 1212 1507
SAGSLOW 1214 1508 1212 1507
SAGSLOW 1210 1507 1212 1507
SAGSLOW 1213 1507 1212 1507
SAGSLOW 1213 1507 1212 1507
SAGSLOW 1210 1507 1212 1507
SAGSLOW 1215 1507 1212 1507
SAGSLOW 1216 1507 1212 1507
SAGSLOW 1211 1507 1212 1507
SAGSLOW 1215 1507 1212 1507
SAGSLOW 1210 1507 1212 1507
SAGSLOW 1210 1506 1212 1507
SAGSLOW 1214 1506 1212 1507
SAGSLOW 1208 1507 1212 1507
SAGSLOW 1211 1507 1212 1507
SAGSLOW 1213 1507 1212 1507
SAGSLOW 1213 1507 1212 1507
SAGSLOW 1214 1507 1212 1507
SAGSLOW 1215 1508 1212 1507
SAGSLOW 1210 1507 1212 1507
SAGSLOW 1207 1507 1212 1507
SAGSLOW 1215 1507 1212 1507
SAGSLOW 1209 1507 1212 1507
SAGSLOW 1214 1507 1212 1507
SAGSLOW 1213 1507 1212 1507
SAGSLOW 1210 1508 1212 1507
SAGSLOW 1213 1507 1212 1507
SAGSLOW 1215 1507 1212 1507
SAGSLOW 1220 1507 1212 1507
SAGSLOW 1214 1507 1212 1507
SAGSLOW 1213 1508 1212 1507
SAGSLOW 1212 1507 1212 1507
SAGSLOW 1213 1507 1212 1507
SAGSLOW 1210 1507 1212 1507
SAGSLOW 1214 1508 1212 1507
SAGSLOW 1212 1507 1212 1507
SAGSLOW 1210 1506 1212 1507
SAGSLOW 1213 1507 1212 1507
SAGSLOW 1212 1507 1212 1507
SAGSLOW 1215 1507 1212 1507
SAGSLOW 1215 1507 1212 1507
SAGSLOW 1214 1507 1212 1507
SAGSLOW 1212 1507 1212 1507
SAGSLOW 1211 1507 1212 1507
SAGSLOW 1212 1507 1212 1507
SAGSLOW 1202 1506 1212 1507
SAGSLOW 1213 1508 1212 1507
SAGSLOW 1215 1507 1212 1507
SAGSLOW 1218 1507 1212 1507
SAGSLOW 1213 1507 1212 1507
SAGSLOW 1210 1506 1212 1507
SAGSLOW 1214 1507 1212 1507
SAGSLOW 1207 1507 1212 1507
SAGSLOW 1211 1507 1212 1507
SAGSLOW 1214 1507 1212 1507
SAGSLOW 1209 1508 1212 1507
SAGSLOW 1211 1507 1212 1507
SAGSLOW 1210 1507 1212 1507
SAGSLOW 1212 1507 1212 1507
SAGSLOW 1214 1507 1212 1507
SAGSLOW 1210 1507 1212 1507
SAGSLOW 1217 1507 1212 1507
SAGSLOW 1207 1507 1212 1507
SAGSLOW 1210 1506 1212 1507
SAGSLOW 1211 1507 1212 1507
SAGSLOW 1213 1507 1212 1507
SAGSLOW 1211 1508 1212 1507
SAGSLOW 1213 1507 1212 1507
SAGSLOW 1221 1507 1212 1507
SAGSLOW 1214 1507 1212 1507
SAGSLOW 1214 1507 1212 1507
SAGSLOW 1213 1506 1212 1507
SAGSLOW 1213 1506 1212 1507
SAGSLOW 1212 1508 1212 1507
SAGSLOW 1214 1507 1212 1507
SAGSLOW 1208 1507 1212 1507
SAGSLOW 1210 1507 1212 1507
SAGSLOW 1215 1507 1212 1507
SAGSLOW 1214 1506 1212 1507
SAGSLOW 1210 1507 1212 1507
SAGSLOW 1215 1506 1212 1507
SAGSLOW 1212 1507 1212 1507
SAGSLOW 1211 1507 1212 1507
SAGSLOW 1208 1507 1212 1507
SAGSLOW 1214 1507 1212 1507
SAGSLOW 1215 1506 1212 1507
SAGSLOW 1215 1507 1212 1507
SAGSLOW 1209 1506 1212 1507
SAGSLOW 1212 1506 1212 1507
SAGSLOW 1209 1507 1212 1507
SAGSLOW 1212 1506 1212 1507
SAGSLOW 1208 1507 1212 1507
SAGSLOW 1217 1508 1212 1507
SAGSLOW 1212 1507 1212 1507
SAGSLOW 1212 1507 1212 1507
SAGSLOW 1215 1508 1212 1507
SAGSLOW 1212 1507 1212 1507
SAGSLOW 1216 1507 1212 1507
SAGSLOW 1212 1506 1212 1507
SAGSLOW 1209 1507 1212 1507
SAGSLOW 1211 1506 1212 1507
SAGSLOW 1210 1506 1212 1507
SAGSLOW 1213 1507 1212 1507
SAGSLOW 1211 1507 1212 1507
SAGSLOW 1212 1506 1212 1507
SAGSLOW 1214 1507 1212 1507
SAGSLOW 1213 1506 1212 1507
SAGSLOW 1213 1507 1212 1507
SAGSLOW 1210 1507 1212 1507
SAGSLOW 1210 1507 1212 1507
SAGSLOW 1207 1507 1212 1507
SAGSLOW 1210 1507 1212 1507
SAGSLOW 1213 1507 1212 1507
SAGSLOW 1212 1507 1212 1507
SAGSLOW 1211 1507 1212 1507
SAGSLOW 1211 1507 1212 1507
SAGSLOW 1215 1507 1212 1507
SAGSLOW 1210 1506 1212 1507
SAGSLOW 1214 1507 1212 1507
SAGSLOW 1214 1506 1212 1507
SAGSLOW 1212 1506 1212 1507
SAGSLOW 1211 1508 1212 1507
SAGSLOW 1210 1506 1212 1507
SAGSLOW 1214 1506 1212 1507
SAGSLOW 1210 1507 1212 1507
SAGSLOW 1207 1506 1212 1507
SAGSLOW 1210 1508 1212 1507
SAGSLOW 1209 1507 1212 1507
SAGSLOW 1206 1507 1212 1507
SAGSLOW 1214 1507 1212 1507
SAGSLOW 1211 1507 1212 1507
SAGSLOW 1210 1507 1212 1507
SAGSLOW 1215 1507 1212 1507
SAGSLOW 1211 1507 1212 1507
SAGSLOW 1209 1506 1212 1507
SAGSLOW 1211 1507 1212 1507
SAGSLOW 1213 1508 1212 1507
SAGSLOW 1215 1507 1212 1507
SAGSLOW 1209 1507 1212 1507
SAGSLOW 1213 1507 1212 1507
SAGSLOW 1212 1507 1212 1507
SAGSLOW 1212 1507 1212 1507
SAGSLOW 1212 1507 1212 1507
SAGSLOW 1212 1507 1212 1507
SAGSLOW 1211 1506 1212 1507
SAGSLOW 1212 1508 1212 1507
SAGSLOW 1212 1507 1212 1507
SAGSLOW 1209 1507 1212 1507
SAGSLOW 1212 1507 1212 1507
SAGSLOW 1214 1506 1212 1507
SAGSLOW 1214 1508 1212 1507
SAGSLOW 1211 1507 1212 1507
SAGSLOW 1211 1507 1212 1507
SAGSLOW 1212 1507 1212 1507
SAGSLOW 1213 1507 1212 1507
SAGSLOW 1212 1506 1212 1507
SAGSLOW 1217 1507 1212 1507
SAGSLOW 1211 1507 1212 1507
SAGSLOW 1214 1508 1212 1507
SAGSLOW 1217 1508 1212 1507
SAGSLOW 1211 1508 1212 1507
SAGSLOW 1210 1507 1212 1507
SAGSLOW 1214 1507 1212 1507
SAGSLOW 1213 1507 1212 1507
SAGSLOW 1214 1508 1212 1507
SAGSLOW 1210 1507 1212 1507
SAGSLOW 1217 1507 1212 1507
SAGSLOW 1212 1508 1212 1507
SAGSLOW 1210 1508 1212 1507
SAGSLOW 1210 1507 1212 1507
SAGSLOW 1208 1507 1212 1507
SAGSLOW 1209 1507 1212 1507
SAGSLOW 1210 1507 1212 1507
SAGSLOW 1216 1507 1212 1507
SAGSLOW 1216 1506 1212 1507
SAGSLOW 1211 1506 1212 1507
SAGSLOW 1209 1507 1212 1507
SAGSLOW 1213 1507 1212 1507
SAGSLOW 1211 1508 1212 1507
SAGSLOW 1208 1506 1212 1507
SAGSLOW 1215 1506 1212 1507
SAGSLOW 1213 1506 1212 1507
SAGSLOW 1212 1506 1212 1507
SAGSLOW 1215 1507 1212 1507
SAGSLOW 1219 1507 1212 1507
SAGSLOW 1211 1507 1212 1507
SAGSLOW 1212 1506 1212 1507
SAGSLOW 1211 1506 1212 1507
SAGSLOW 1211 1506 1212 1507
SAGSLOW 1213 1507 1212 1507
SAGSLOW 1214 1507 1212 1507
SAGSLOW 1211 1506 1212 1507
SAGSLOW 1217 1507 1212 1507
SAGSLOW 1211 1508 1212 1507
SAGSLOW 1213 1507 1212 1507
SAGSLOW 1214 1507 1212 1507
SAGSLOW 1216 1507 1212 1507
SAGSLOW 1214 1507 1212 1507
SAGSLOW 1211 1507 1212 1507
SAGSLOW 1209 1507 1212 1507
SAGSLOW 1210 1506 1212 1507
SAGSLOW 1213 1507 1212 1507
SAGSLOW 1212 1507 1212 1507
SAGSLOW 1212 1507 1212 1507
SAGSLOW 1214 1506 1212 1507
SAGSLOW 1221 1506 1212 1507
SAGSLOW 1212 1507 1212 1507
SAGSLOW 1214 1508 1212 1507
SAGSLOW 1213 1507 1212 1507
SAGSLOW 1207 1506 1212 1507
SAGSLOW 1210 1508 1212 1507
SAGSLOW 1216 1508 1212 1507
SAGSLOW 1215 1507 1212 1507
SAGSLOW 1213 1507 1212 1507
SAGSLOW 1211 1507 1212 1507
SAGSLOW 1214 1506 1212 1507
SAGSLOW 1210 1507 1212 1507
SAGSLOW 1212 1507 1212 1507
SAGSLOW 1211 1507 1212 1507
SAGSLOW 1212 1507 1212 1507
SAGSLOW 1212 1507 1212 1507
SAGSLOW 1214 1507 1212 1507
SAGSLOW 1214 1507 1212 1507
SAGSLOW 1213 1507 1212 1507
SAGSLOW 1215 1507 1212 1507
SAGSLOW 1213 1507 1212 1507
SAGSLOW 1213 1507 1212 1507
SAGSLOW 1207 1507 1212 1507
SAGSLOW 1218 1507 1212 1507
SAGSLOW 1210 1506 1212 1507
SAGSLOW 1211 1506 1212 1507
SAGSLOW 1215 1507 1212 1507
SAGSLOW 1214 1507 1212 1507
SAGSLOW 1213 1507 1212 1507
SAGSLOW 1211 1507 1212 1507
SAGSLOW 1211 1507 1212 1507
SAGSLOW 1212 1507 1212 1507
SAGSLOW 1210 1507 1212 1507
SAGSLOW 1212 1506 1212 1507
SAGSLOW 1214 1507 1212 1507
SAGSLOW 1215 1507 1212 1507
SAGSLOW 1207 1507 1212 1507
SAGSLOW 1212 1507 1212 1507
SAGSLOW 1215 1507 1212 1507
SAGSLOW 1217 1507 1212 1507
SAGSLOW 1208 1507 1212 1507
SAGSLOW 1210 1508 1212 1507
SAGSLOW 1213 1507 1212 1507
SAGSLOW 1215 1507 1212 1507
SAGSLOW 1210 1506 1212 1507
SAGSLOW 1211 1507 1212 1507
SAGSLOW 1212 1506 1212 1507
SAGSLOW 1209 1507 1212 1507
SAGSLOW 1208 1508 1212 1507
SAGSLOW 1215 1506 1212 1507
SAGSLOW 1216 1507 1212 1507
SAGSLOW 1211 1507 1212 1507
SAGSLOW 1210 1507 1212 1507
SAGSLOW 1214 1507 1212 1507
SAGSLOW 1210 1506 1212 1507
SAGSLOW 1209 1506 1212 1507
SAGSLOW 1213 1507 1212 1507
SAGSLOW 1211 1506 1212 1507
SAGSLOW 1212 1507 1212 1507
SAGSLOW 1215 1506 1212 1507
SAGSLOW 1211 1507 1212 1507
SAGSLOW 1215 1507 1212 1507
SAGSLOW 1213 1508 1212 1507
SAGSLOW 1211 1506 1212 1507
SAGSLOW 1207 1506 1212 1507
SAGSLOW 1207 1505 1212 1507
SAGSLOW 1213 1507 1212 1507
SAGSLOW 1207 1506 1212 1507
SAGSLOW 1210 1506 1212 1507
SAGSLOW 1214 1506 1212 1507
SAGSLOW 1214 1506 1212 1507
SAGSLOW 1216 1507 1212 1507
SAGSLOW 1213 1506 1212 1507
SAGSLOW 1213 1507 1212 1507
SAGSLOW 1211 1507 1212 1507
SAGSLOW 1213 1507 1212 1507
SAGSLOW 1215 1507 1212 1507
SAGSLOW 1212 1507 1212 1507
SAGSLOW 1213 1507 1212 1507
SAGSLOW 1212 1507 1212 1507
SAGSLOW 1211 1507 1212 1507
SAGSLOW 1209 1506 1212 1507
SAGSLOW 1212 1508 1212 1507
SAGSLOW 1210 1507 1212 1507
SAGSLOW 1212 1506 1212 1507
SAGSLOW 1210 1507 1212 1507
SAGSLOW 1213 1507 1212 1507
SAGSLOW 1210 1507 1212 1507
SAGSLOW 1218 1507 1212 1507
SAGSLOW 1210 1507 1212 1507
SAGSLOW 1212 1507 1212 1507
SAGSLOW 1213 1507 1212 1507
SAGSLOW 1213 1508 1212 1507
SAGSLOW 1216 1507 1212 1507
SAGSLOW 1215 1507 1212 1507
SAGSLOW 1212 1507 1212 1507
SAGSLOW 1212 1507 1212 1507
SAGSLOW 1211 1507 1212 1507
SAGSLOW 1211 1506 1212 1507
SAGSLOW 1212 1507 1212 1507
SAGSLOW 1216 1507 1212 1507
SAGSLOW 1212 1506 1212 1507
SAGSLOW 1213 1506 1212 1507
SAGSLOW 1213 1507 1212 1507
SAGSLOW 1219 1506 1212 1507
SAGSLOW 1216 1507 1212 1507
SAGSLOW 1212 1506 1212 1507
SAGSLOW 1208 1507 1212 1507
SAGSLOW 1214 1507 1212 1507
SAGSLOW 1213 1506 1212 1507
SAGSLOW 1211 1507 1212 1507
SAGSLOW 1210 1507 1212 1507
SAGSLOW 1211 1507 1212 1507
SAGSLOW 1214 1507 1212 1507
SAGSLOW 1211 1507 1212 1507
SAGSLOW 1214 1506 1212 1507
SAGSLOW 1212 1506 1212 1507
SAGSLOW 1215 1507 1212 1507
SAGSLOW 1210 1507 1212 1507
SAGSLOW 1212 1507 1212 1507
SAGSLOW 1210 1506 1212 1507
SAGSLOW 1211 1507 1212 1507
SAGSLOW 1211 1507 1212 1507
SAGSLOW 1208 1507 1212 1507
SAGSLOW 1208 1507 1212 1507
SAGSLOW 1213 1508 1212 1507
SAGSLOW 1210 1506 1212 1507
SAGSLOW 1213 1507 1212 1507
SAGSLOW 1213 1507 1212 1507
SAGSLOW 1215 1507 1212 1507
SAGSLOW 1211 1507 1212 1507
SAGSLOW 1216 1506 1212 1507
SAGSLOW 1216 1507 1212 1507
SAGSLOW 1213 1506 1212 1507
SAGSLOW 1212 1508 1212 1507
SAGSLOW 1212 1506 1212 1507
SAGSLOW 1212 1507 1212 1507
SAGSLOW 1212 1506 1212 1507
SAGSLOW 1210 1506 1212 1507
SAGSLOW 1214 1506 1212 1507
SAGSLOW 1214 1508 1212 1507
SAGSLOW 1211 1507 1212 1507
SAGSLOW 1212 1506 1212 1507
SAGSLOW 1211 1507 1212 1507
SAGSLOW 1212 1507 1212 1507
SAGSLOW 1213 1506 1212 1507
SAGSLOW 1211 1506 1212 1507
SAGSLOW 1209 1507 1212 1507
SAGSLOW 1212 1508 1212 1507
SAGSLOW 1211 1506 1212 1507
SAGSLOW 1212 1506 1212 1507
SAGSLOW 1212 1507 1212 1507
SAGSLOW 1210 1506 1212 1507
SAGSLOW 1214 1507 1212 1507
SAGSLOW 1213 1507 1212 1507
SAGSLOW 1208 1507 1212 1507
SAGSLOW 1213 1508 1212 1507
SAGSLOW 1213 1507 1212 1507
SAGSLOW 1212 1507 1212 1507
SAGSLOW 1215 1507 1212 1507
SAGSLOW 1212 1507 1212 1507
SAGSLOW 1212 1507 1212 1507
SAGSLOW 1213 1507 1212 1507
SAGSLOW 1215 1507 1212 1507
SAGSLOW 1214 1507 1212 1507
SAGSLOW 1214 1508 1212 1507
SAGSLOW 1208 1507 1212 1507
SAGSLOW 1210 1506 1212 1507
SAGSLOW 1215 1507 1212 1507
SAGSLOW 1210 1507 1212 1507
SAGSLOW 1214 1507 1212 1507
SAGSLOW 1212 1507 1212 1507
SAGSLOW 1212 1507 1212 1507
SAGSLOW 1209 1508 1212 1507
SAGSLOW 1217 1507 1212 1507
SAGSLOW 1215 1507 1212 1507
SAGSLOW 1211 1507 1212 1507
SAGSLOW 1202 1506 1212 1507
SAGSLOW 1212 1507 1212 1507
SAGSLOW 1215 1507 1212 1507
SAGSLOW 1211 1507 1212 1507
SAGSLOW 1216 1507 1212 1507
SAGSLOW 1216 1507 1212 1507
SAGSLOW 1210 1508 1212 1507
SAGSLOW 1209 1507 1212 1507
SAGSLOW 1212 1508 1212 1507
SAGSLOW 1213 1506 1212 1507
SAGSLOW 1212 1507 1212 1507
SAGSLOW 1213 1507 1212 1507
SAGSLOW 1206 1508 1212 1507
SAGSLOW 1209 1507 1212 1507
SAGSLOW 1210 1507 1212 1507
SAGSLOW 1210 1507 1212 1507
SAGSLOW 1210 1506 1212 1507
SAGSLOW 1211 1507 1212 1507
SAGSLOW 1213 1508 1212 1507
SAGSLOW 1212 1507 1212 1507
SAGSLOW 1208 1506 1212 1507
SAGSLOW 1216 1507 1212 1507
SAGSLOW 1213 1507 1212 1507
SAGSLOW 1216 1507 1212 1507
SAGSLOW 1212 1507 1212 1507
SAGSLOW 1213 1506 1212 1507
SAGSLOW 1213 1507 1212 1507
SAGSLOW 1208 1507 1212 1507
SAGSLOW 1211 1507 1212 1507
SAGSLOW 1210 1507 1212 1507
SAGSLOW 1214 1507 1212 1507
SAGSLOW 1212 1507 1212 1507
SAGSLOW 1212 1508 1212 1507
SAGSLOW 1213 1507 1212 1507
SAGSLOW 1213 1506 1212 1507
SAGSLOW 1212 1507 1212 1507
SAGSLOW 1215 1506 1212 1507
SAGSLOW 1210 1507 1212 1507
SAGSLOW 1203 1507 1212 1507
SAGSLOW 1214 1507 1212 1507
SAGSLOW 1212 1506 1212 1507
SAGSLOW 1212 1507 1212 1507
SAGSLOW 1212 1507 1212 1507
SAGSLOW 1217 1506 1212 1507
SAGSLOW 1211 1507 1212 1507
SAGSLOW 1212 1507 1212 1507
SAGSLOW 1215 1507 1212 1507
SAGSLOW 1209 1507 1212 1507
SAGSLOW 1213 1508 1212 1507
SAGSLOW 1210 1507 1212 1507
SAGSLOW 1210 1507 1212 1507
SAGSLOW 1213 1507 1212 1507
SAGSLOW 1215 1507 1212 1507
SAGSLOW 1210 1506 1212 1507
SAGSLOW 1219 1507 1212 1507
SAGSLOW 1211 1507 1212 1507
SAGSLOW 1214 1507 1212 1507
SAGSLOW 1210 1507 1212 1507
SAGSLOW 1213 1507 1212 1507
SAGSLOW 1212 1507 1212 1507
SAGSLOW 1216 1506 1212 1507
SAGSLOW 1210 1508 1212 1507
SAGSLOW 1210 1507 1212 1507
SAGSLOW 1209 1506 1212 1507
SAGSLOW 1215 1507 1212 1507
SAGSLOW 1209 1507 1212 1507
SAGSLOW 1207 1507 1212 1507
SAGSLOW 1212 1506 1212 1507
SAGSLOW 1211 1507 1212 1507
SAGSLOW 1214 1507 1212 1507
SAGSLOW 1211 1508 1212 1507
SAGSLOW 1212 1507 1212 1507
SAGSLOW 1208 1507 1212 1507
SAGSLOW 1210 1507 1212 1507
SAGSLOW 1210 1507 1212 1507
SAGSLOW 1210 1507 1212 1507
SAGSLOW 1209 1507 1212 1507
SAGSLOW 1217 1507 1212 1507
SAGSLOW 1215 1507 1212 1507
SAGSLOW 1212 1507 1212 1507
SAGSLOW 1217 1507 1212 1507
SAGSLOW 1214 1507 1212 1507
SAGSLOW 1211 1507 1212 1507
SAGSLOW 1216 1507 1212 1507
SAGSLOW 1214 1507 1212 1507
SAGSLOW 1213 1507 1212 1507
SAGSLOW 1211 1507 1212 1507
SAGSLOW 1211 1506 1212 1507
SAGSLOW 1213 1507 1212 1507
SAGSLOW 1211 1506 1212 1507
SAGSLOW 1212 1507 1212 1507
SAGSLOW 1211 1508 1212 1507
SAGSLOW 1215 1507 1212 1507
SAGSLOW 1213 1507 1212 1507
SAGSLOW 1215 1506 1212 1507
SAGSLOW 1210 1507 1212 1507
SAGSLOW 1212 1508 1212 1507
SAGSLOW 1209 1508 1212 1507
SAGSLOW 1209 1507 1212 1507
SAGSLOW 1211 1506 1212 1507
SAGSLOW 1208 1507 1212 1507
SAGSLOW 1215 1507 1212 1507
SAGSLOW 1213 1507 1212 1507
SAGSLOW 1209 1507 1212 1507
SAGSLOW 1209 1506 1212 1507
SAGSLOW 1211 1507 1212 1507
SAGSLOW 1210 1506 1212 1507
SAGSLOW 1214 1506 1212 1507
SAGSLOW 1214 1507 1212 1507
SAGSLOW 1208 1507 1212 1507
SAGSLOW 1212 1508 1212 1507
SAGSLOW 1213 1506 1212 1507
SAGSLOW 1213 1507 1212 1507
SAGSLOW 1209 1507 1212 1507
SAGSLOW 1208 1506 1212 1507
SAGSLOW 1214 1507 1212 1507
SAGSLOW 1213 1507 1212 1507
SAGSLOW 1213 1507 1212 1507
SAGSLOW 1209 1507 1212 1507
SAGSLOW 1213 1508 1212 1507
SAGSLOW 1210 1507 1212 1507
SAGSLOW 1207 1507 1212 1507
SAGSLOW 1210 1507 1212 1507
SAGSLOW 1211 1507 1212 1507
SAGSLOW 1213 1507 1212 1507
SAGSLOW 1212 1507 1212 1507
SAGSLOW 1215 1506 1212 1507
SAGSLOW 1213 1507 1212 1507
SAGSLOW 1214 1507 1212 1507
SAGSLOW 1212 1507 1212 1507
SAGSLOW 1212 1507 1212 1507
SAGSLOW 1215 1507 1212 1507
SAGSLOW 1210 1506 1212 1507
SAGSLOW 1210 1507 1212 1507
SAGSLOW 1214 1507 1212 1507
SAGSLOW 1213 1507 1212 1507
SAGSLOW 1210 1507 1212 1507
SAGSLOW 1210 1506 1212 1507
SAGSLOW 1208 1507 1212 1507
SAGSLOW 1215 1507 1212 1507
SAGSLOW 1213 1507 1212 1507
SAGSLOW 1204 1507 1212 1507
SAGSLOW 1214 1507 1212 1507
SAGSLOW 1211 1507 1212 1507
SAGSLOW 1212 1508 1212 1507
SAGSLOW 1207 1507 1212 1507
SAGSLOW 1212 1508 1212 1507
SAGSLOW 1212 1508 1212 1507
SAGSLOW 1211 1507 1212 1507
SAGSLOW 1209 1506 1212 1507
SAGSLOW 1214 1507 1212 1507
SAGSLOW 1214 1507 1212 1507
SAGSLOW 1209 1506 1212 1507
SAGSLOW 1212 1507 1212 1507
SAGSLOW 1212 1507 1212 1507
SAGSLOW 1215 1507 1212 1507
SAGSLOW 1212 1507 1212 1507
SAGSLOW 1210 1507 1212 1507
SAGSLOW 1214 1507 1212 1507
SAGSLOW 1209 1507 1212 1507
SAGSLOW 1215 1507 1212 1507
SAGSLOW 1212 1507 1212 1507
SAGSLOW 1213 1507 1212 1507
SAGSLOW 1206 1506 1212 1507
SAGSLOW 1217 1507 1212 1507
SAGSLOW 1211 1506 1212 1507
SAGSLOW 1214 1506 1212 1507
SAGSLOW 1210 1506 1212 1507
SAGSLOW 1213 1506 1212 1507
SAGSLOW 1208 1507 1212 1507
SAGSLOW 1215 1507 1212 1507
SAGSLOW 1209 1507 1212 1507
SAGSLOW 1214 1507 1212 1507
SAGSLOW 1212 1506 1212 1507
SAGSLOW 1212 1508 1212 1507
SAGSLOW 1213 1507 1212 1507
SAGSLOW 1213 1507 1212 1507
SAGSLOW 1211 1507 1212 1507
SAGSLOW 1214 1507 1212 1507
SAGSLOW 1218 1507 1212 1507
SAGSLOW 1213 1506 1212 1507
SAGSLOW 1212 1507 1212 1507
SAGSLOW 1210 1508 1212 1507
SAGSLOW 1213 1507 1212 1507
SAGSLOW 1215 1506 1212 1507
SAGSLOW 1213 1506 1212 1507
SAGSLOW 1210 1507 1212 1507
SAGSLOW 1213 1507 1212 1507
SAGSLOW 1207 1507 1212 1507
SAGSLOW 1212 1507 1212 1507
SAGSLOW 1214 1507 1212 1507
SAGSLOW 1212 1507 1212 1507
SAGSLOW 1210 1507 1212 1507
SAGSLOW 1210 1506 1212 1507
SAGSLOW 1215 1507 1212 1507
SAGSLOW 1214 1506 1212 1507
SAGSLOW 1211 1507 1212 1507
SAGSLOW 1211 1507 1212 1507
SAGSLOW 1213 1507 1212 1507
SAGSLOW 1212 1507 1212 1507
SAGSLOW 1214 1507 1212 1507
SAGSLOW 1212 1506 1212 1507
SAGSLOW 1213 1507 1212 1507
SAGSLOW 1215 1506 1212 1507
SAGSLOW 1210 1507 1212 1507
SAGSLOW 1216 1507 1212 1507
SAGSLOW 1214 1507 1212 1507
SAGSLOW 1214 1506 1212 1507
SAGSLOW 1214 1506 1212 1507
SAGSLOW 1216 1506 1212 1507
SAGSLOW 1214 1507 1212 1507
SAGSLOW 1212 1507 1212 1507
SAGSLOW 1213 1507 1212 1507
SAGSLOW 1209 1507 1212 1507
SAGSLOW 1213 1507 1212 1507
SAGSLOW 1214 1507 1212 1507
SAGSLOW 1210 1507 1212 1507
SAGSLOW 1212 1507 1212 1507
SAGSLOW 1207 1506 1212 1507
SAGSLOW 1213 1507 1212 1507
SAGSLOW 1212 1508 1212 1507
SAGSLOW 1210 1506 1212 1507
SAGSLOW 1212 1507 1212 1507
SAGSLOW 1214 1506 1212 1507
SAGSLOW 1218 1506 1212 1507
SAGSLOW 1208 1507 1212 1507
SAGSLOW 1214 1507 1212 1507
SAGSLOW 1213 1507 1212 1507
SAGSLOW 1211 1506 1212 1507
SAGSLOW 1210 1507 1212 1507
SAGSLOW 1213 1507 1212 1507
SAGSLOW 1209 1506 1212 1507
SAGSLOW 1212 1507 1212 1507
SAGSLOW 1215 1506 1212 1507
SAGSLOW 1215 1507 1212 1507
SAGSLOW 1209 1507 1212 1507
SAGSLOW 1211 1507 1212 1507
SAGSLOW 1209 1507 1212 1507
SAGSLOW 1213 1507 1212 1507
SAGSLOW 1210 1506 1212 1507
SAGSLOW 1214 1506 1212 1507
SAGSLOW 1209 1506 1212 1507
SAGSLOW 1215 1506 1212 1507
SAGSLOW 1214 1507 1212 1507
SAGSLOW 1209 1506 1212 1507
SAGSLOW 1205 1507 1212 1507
SAGSLOW 1208 1507 1212 1507
SAGSLOW 1216 1507 1212 1507
SAGSLOW 1213 1506 1212 1507
SAGSLOW 1210 1507 1212 1507
SAGSLOW 1216 1508 1212 1507
SAGSLOW 1213 1507 1212 1507
SAGSLOW 1211 1507 1212 1507
SAGSLOW 1209 1506 1212 1507
SAGSLOW 1213 1506 1212 1507
SAGSLOW 1211 1506 1212 1507
SAGSLOW 1208 1507 1212 1507
SAGSLOW 1209 1507 1212 1507
SAGSLOW 1211 1507 1212 1507
SAGSLOW 1214 1506 1212 1507
SAGSLOW 1211 1508 1212 1507
SAGSLOW 1214 1507 1212 1507
SAGSLOW 1212 1508 1212 1507
SAGSLOW 1208 1508 1212 1507
SAGSLOW 1208 1506 1212 1507
SAGSLOW 1216 1508 1212 1507
SAGSLOW 1212 1507 1212 1507
SAGSLOW 1209 1507 1212 1507
SAGSLOW 1212 1507 1212 1507
SAGSLOW 1215 1507 1212 1507
SAGSLOW 1213 1507 1212 1507
SAGSLOW 1215 1507 1212 1507
SAGSLOW 1214 1506 1212 1507
SAGSLOW 1212 1507 1212 1507
SAGSLOW 1209 1506 1212 1507
SAGSLOW 1208 1506 1212 1507
SAGSLOW 1213 1507 1212 1507
SAGSLOW 1210 1507 1212 1507
SAGSLOW 1212 1507 1212 1507
SAGSLOW 1216 1507 1212 1507
SAGSLOW 1211 1507 1212 1507
SAGSLOW 1213 1507 1212 1507
SAGSLOW 1210 1507 1212 1507
SAGSLOW 1215 1506 1212 1507
SAGSLOW 1213 1507 1212 1507
SAGSLOW 1210 1508 1212 1507
SAGSLOW 1211 1506 1212 1507
SAGSLOW 1213 1506 1212 1507
SAGSLOW 1211 1507 1212 1507
SAGSLOW 1212 1508 1212 1507
SAGSLOW 1211 1507 1212 1507
SAGSLOW 1215 1506 1212 1507
SAGSLOW 1215 1507 1212 1507
SAGSLOW 1214 1506 1212 1507
SAGSLOW 1215 1506 1212 1507
SAGSLOW 1211 1507 1212 1507
SAGSLOW 1213 1506 1212 1507
SAGSLOW 1213 1507 1212 1507
SAGSLOW 1208 1506 1212 1507
SAGSLOW 1215 1506 1212 1507
SAGSLOW 1214 1506 1212 1507
SAGSLOW 1214 1507 1212 1507
SAGSLOW 1211 1507 1212 1507
SAGSLOW 1210 1506 1212 1507
SAGSLOW 1224 1508 1212 1507
SAGSLOW 1215 1507 1212 1507
SAGSLOW 1212 1506 1212 1507
SAGSLOW 1210 1507 1212 1507
SAGSLOW 1209 1508 1212 1507
SAGSLOW 1210 1507 1212 1507
SAGSLOW 1212 1508 1212 1507
SAGSLOW 1214 1507 1212 1507
SAGSLOW 1213 1507 1212 1507
SAGSLOW 1212 1507 1212 1507
SAGSLOW 1214 1507 1212 1507
SAGSLOW 1211 1507 1212 1507
SAGSLOW 1216 1507 1212 1507
SAGSLOW 1211 1507 1212 1507
SAGSLOW 1214 1507 1212 1507
SAGSLOW 1212 1506 1212 1507
SAGSLOW 1212 1507 1212 1507
SAGSLOW 1213 1507 1212 1507
SAGSLOW 1214 1507 1212 1507
SAGSLOW 1212 1506 1212 1507
SAGSLOW 1214 1507 1212 1507
SAGSLOW 1213 1506 1212 1507
SAGSLOW 1209 1506 1212 1507
SAGSLOW 1213 1507 1212 1507
SAGSLOW 1213 1507 1212 1507
SAGSLOW 1218 1507 1212 1507
SAGSLOW 1210 1507 1212 1507
SAGSLOW 1210 1507 1212 1507
SAGSLOW 1213 1507 1212 1507
SAGSLOW 1210 1507 1212 1507
SAGSLOW 1214 1507 1212 1507
SAGSLOW 1214 1506 1212 1507
SAGSLOW 1212 1507 1212 1507
SAGSLOW 1213 1507 1212 1507
SAGSLOW 1211 1507 1212 1507
SAGSLOW 1208 1507 1212 1507
SAGSLOW 1215 1507 1212 1507
SAGSLOW 1216 1507 1212 1507
SAGSLOW 1211 1507 1212 1507
SAGSLOW 1212 1507 1212 1507
SAGSLOW 1214 1507 1212 1507
SAGSLOW 1207 1507 1212 1507
SAGSLOW 1212 1507 1212 1507
SAGSLOW 1214 1506 1212 1507
SAGSLOW 1209 1507 1212 1507
SAGSLOW 1210 1508 1212 1507
SAGSLOW 1210 1506 1212 1507
SAGSLOW 1213 1507 1212 1507
SAGSLOW 1220 1508 1212 1507
SAGSLOW 1210 1506 1212 1507
SAGSLOW 1209 1507 1212 1507
SAGSLOW 1208 1507 1212 1507
SAGSLOW 1211 1507 1212 1507
SAGSLOW 1210 1507 1212 1507
SAGSLOW 1213 1507 1212 1507
SAGSLOW 1209 1507 1212 1507
SAGSLOW 1213 1507 1212 1507
SAGSLOW 1213 1507 1212 1507
SAGSLOW 1212 1507 1212 1507
SAGSLOW 1210 1505 1212 1507
SAGSLOW 1210 1507 1212 1507
SAGSLOW 1212 1507 1212 1507
SAGSLOW 1211 1507 1212 1507
SAGSLOW 1210 1507 1212 1507
SAGSLOW 1212 1507 1212 1507
SAGSLOW 1212 1507 1212 1507
SAGSLOW 1210 1506 1212 1507
SAGSLOW 1209 1507 1212 1507
SAGSLOW 1215 1507 1212 1507
SAGSLOW 1213 1507 1212 1507
SAGSLOW 1215 1507 1212 1507
SAGSLOW 1213 1506 1212 1507
SAGSLOW 1210 1507 1212 1507
SAGSLOW 1209 1507 1212 1507
SAGSLOW 1212 1506 1212 1507
SAGSLOW 1210 1508 1212 1507
SAGSLOW 1215 1507 1212 1507
SAGSLOW 1212 1508 1212 1507
SAGSLOW 1213 1507 1212 1507
SAGSLOW 1212 1507 1212 1507
SAGSLOW 1213 1508 1212 1507
SAGSLOW 1216 1507 1212 1507
SAGSLOW 1215 1507 1212 1507
SAGSLOW 1208 1506 1212 1507
SAGSLOW 1208 1507 1212 1507
SAGSLOW 1212 1507 1212 1507
SAGSLOW 1213 1508 1212 1507
SAGSLOW 1209 1507 1212 1507
SAGSLOW 1213 1506 1212 1507
SAGSLOW 1210 1507 1212 1507
SAGSLOW 1211 1506 1212 1507
SAGSLOW 1209 1507 1212 1507
SAGSLOW 1216 1506 1212 1507
SAGSLOW 1212 1507 1212 1507
SAGSLOW 1210 1507 1212 1507
SAGSLOW 1219 1507 1212 1507
SAGSLOW 1210 1508 1212 1507
SAGEND
