# elf_crc32 63C0061D
# elf_sha256 828501C1596B3C1425F3D77CCE5AAEBDE343D25109FC0F7F0BACBA965B74D8D5
# started 2026-09-24T04:13:57
BEMFRUN handoff_ehz=200 target_duty_tenths=500 advance_level=22 total_ms=80000 inject=0
PREFLIGHT moe=0 ccr1=0 ccr2=0 ccr3=0 gates_low=1 en=0 nfault=1 verdict=PASS
POSTSTOP
PREFLIGHT moe=0 ccr1=0 ccr2=0 ccr3=0 gates_low=1 en=0 nfault=1 verdict=PASS
BEMFDONE reason=2 accepted=865912 forced=0 zc_acc=867840 too_early=8 unstable=1410110 ci_us=78 bus_ref=1219 bus_min=1111
BEMFSAG ref_bus=1219 ref_vref=1507 filt_bus=1198 filt_vref=1507 streak=0 tripped=0
BEMFGATE closed_ms=74776 hold_ms=54776 target_tenths=500 zc_per_s=11580 comm_per_s=11580 ehz_from_ci_last=2136 forced_pct=0
BEMFRATE hold_ms=54776 hold_accepted=707704 hold_forced=0 mean_ci_us=77 mean_sector_us=77 ehz_from_sector=2164 zc_per_s=12919 zc_expected_per_s=12987 zc_rate_permille_of_expected=994 hold_forced_pct=0
BEMFTAIL accepts=35874 span_us=2774904 start_before_stop_us=2775021 end_before_stop_us=117 window_us=2000000
BEMFRCOMP spent_max_us=11 late_arms=0 com_preempts=0 com_arm_preempts=0
BEMFSECTOR a1=65535 f1=0 a2=65535 f2=0 a3=65535 f3=0 a4=65535 f4=0 a5=65535 f5=0 a6=65535 f6=0
BEMFPHASE lt075=34754 to100=65535 to125=65535 to150=25609 gt150=4354
BEMFREVISIT r1=30507 v1=13847 r2=29699 v2=12263 r3=25148 v3=15125 r4=44491 v4=15011 r5=21696 v5=13005 r6=34074 v6=17773
BEMFDRIVEN entered=1 epochs=21 accepts=13 early=20 unstable=290 defers=2 retries=0 late_max_us=18 qual_intervals=12 qual_reanchors=0 qual_fault=0 fail=0 seeded=1 seed_step=3 seed_us=756 commanded_us=833 irq_peak_per_ms=50 closed_irq_peak_per_ms=62 storm=0 storm_step=0 cap_armed=1 comp_call_max_us=16 overrun=0 blank_arms=867816 blank_latched=0 com_count=867841 com_late_max_us=10
BEMFGUARD reason=0 ticks=786939 gap_max_us=109 track_fault=0 track_max_us=240 fast_events=859062 fast_min_us=32 loop_iters_closed=2358610 loop_gap_max_us=152 acquire_us=16803
BEMFDRVROWS 9:3:7710:925 10:4:647:632 11:5:838:739 12:6:640:560 13:1:781:504 14:2:641:322 15:3:783:251 16:4:660:87
BEMFDRVROWS 17:5:771:17 18:6:882:77 19:1:781:13 20:2:820:19 21:3:834:15
BEMFCURRENT blocks=7869 mean_residual=11305 mean_ma=1419 hold_blocks=5423 hold_ma=1803 zero_blocks=50 zero_start=619234 zero_end=617368 zero_drift_ma=-234 ref_ma=326 duty_tenths=500 ceiling_tenths=500 worst_residual=17088 worst_ma=2145
BEMFWITNESS samples=118309 bemf_min=0 bemf_max=0 mid=0 mid_fixed=0 alt=0 hyst_codes=12 driven_rotation=0
vsenc_min=0 vsenc_max=0 star_min=0 star_max=0 bus_ref=1219
BEMFCOAST reason=2 pp_first=0 pp_last=0 crossings=0 spun=1 comp_edges=1856 comp_hi=360436 comp_polls=551552
COASTTIMING trans=1376 offset_us=37 first_us=235 iv_us=232,236,231,236,232,238,230,239 ehz_first=2155
SAGSNAP judged=786910 fast_len=512 slow_len=1024 slow_every=32 frozen=1 num=95 den=100 streak_to_latch=3 adc_rail=4095
SAGROW 24041 1200 1508 1197 1507 0 3 500 130
SAGROW 24168 1198 1507 1197 1507 0 4 500 110
SAGROW 24246 1198 1508 1197 1507 0 6 500 42
SAGROW 24351 1198 1507 1197 1507 0 1 500 58
SAGROW 24438 1200 1507 1197 1507 0 2 500 67
SAGROW 24582 1200 1507 1197 1507 0 4 500 51
SAGROW 24638 1201 1507 1197 1507 0 5 500 108
SAGROW 24758 1202 1507 1197 1507 0 6 500 70
SAGROW 24873 1201 1507 1197 1507 0 1 500 110
SAGROW 24942 1201 1507 1197 1507 0 2 500 99
SAGROW 25056 1202 1507 1197 1507 0 4 500 63
SAGROW 25169 1202 1507 1197 1507 0 5 500 89
SAGROW 25265 1201 1507 1197 1507 0 1 500 123
SAGROW 25341 1200 1507 1197 1507 0 2 500 116
SAGROW 25447 1199 1507 1197 1507 0 3 500 56
SAGROW 25575 1198 1507 1197 1507 0 5 500 39
SAGROW 25652 1198 1507 1197 1507 0 6 500 117
SAGROW 25753 1197 1507 1197 1507 0 1 500 67
SAGROW 25881 1197 1507 1197 1507 0 2 500 115
SAGROW 25956 1197 1507 1197 1507 0 3 500 107
SAGROW 26055 1197 1508 1197 1507 0 5 500 57
SAGROW 26155 1198 1508 1197 1507 0 6 500 77
SAGROW 26277 1199 1508 1197 1507 0 2 500 39
SAGROW 26354 1198 1508 1197 1507 0 3 500 47
SAGROW 26490 1199 1508 1197 1507 0 4 500 101
SAGROW 26567 1200 1508 1197 1507 0 5 500 109
SAGROW 26676 1199 1508 1197 1507 0 1 500 57
SAGROW 26783 1198 1507 1197 1507 0 2 500 82
SAGROW 26886 1197 1507 1197 1507 0 4 500 115
SAGROW 26968 1196 1507 1197 1507 0 5 500 122
SAGROW 27063 1197 1507 1197 1507 0 6 500 131
SAGROW 27191 1198 1506 1197 1507 0 1 500 110
SAGROW 27274 1197 1506 1197 1507 0 3 500 114
SAGROW 27389 1196 1506 1197 1507 0 4 500 68
SAGROW 27495 1196 1506 1197 1507 0 5 500 101
SAGROW 27603 1196 1506 1197 1507 0 1 500 51
SAGROW 27678 1197 1506 1197 1507 0 2 500 58
SAGROW 27779 1199 1507 1197 1507 0 3 500 77
SAGROW 27885 1198 1506 1197 1507 0 5 500 101
SAGROW 27969 1197 1507 1197 1507 0 6 500 116
SAGROW 28090 1196 1507 1197 1507 0 1 500 74
SAGROW 28194 1199 1507 1197 1507 0 3 500 99
SAGROW 28302 1200 1507 1197 1507 0 4 500 61
SAGROW 28377 1200 1507 1197 1507 0 5 500 51
SAGROW 28502 1201 1507 1197 1507 0 6 500 98
SAGROW 28592 1200 1507 1197 1507 0 1 500 116
SAGROW 28688 1199 1507 1197 1507 0 3 500 131
SAGROW 28815 1200 1507 1197 1507 0 4 500 99
SAGROW 28896 1200 1507 1197 1507 0 6 500 46
SAGROW 28998 1198 1507 1197 1507 0 1 500 60
SAGROW 29091 1197 1507 1197 1507 0 2 500 77
SAGROW 29204 1198 1507 1197 1507 0 3 500 106
SAGROW 29296 1197 1507 1197 1507 0 5 500 49
SAGROW 29404 1197 1507 1197 1507 0 6 500 77
SAGROW 29519 1197 1507 1197 1507 0 1 500 110
SAGROW 29598 1197 1507 1197 1507 0 3 500 43
SAGROW 29702 1198 1507 1197 1507 0 4 500 65
SAGROW 29824 1199 1507 1197 1507 0 5 500 95
SAGROW 29898 1200 1507 1197 1507 0 6 500 100
SAGROW 29996 1198 1508 1197 1507 0 2 500 47
SAGROW 30102 1199 1507 1197 1507 0 3 500 75
SAGROW 30216 1198 1507 1197 1507 0 4 500 108
SAGROW 30290 1198 1508 1197 1507 0 5 500 111
SAGROW 30407 1198 1507 1197 1507 0 1 500 76
SAGROW 30520 1198 1507 1197 1507 0 2 500 107
SAGROW 30626 1197 1507 1197 1507 0 4 500 53
SAGROW 30699 1197 1507 1197 1507 0 5 500 56
SAGROW 30831 1198 1507 1197 1507 0 6 500 109
SAGROW 30921 1199 1507 1197 1507 0 2 500 40
SAGROW 31010 1201 1508 1197 1507 0 3 500 58
SAGROW 31123 1203 1507 1197 1507 0 4 500 91
SAGROW 31225 1204 1507 1197 1507 0 6 500 88
SAGROW 31311 1204 1507 1197 1507 0 1 500 119
SAGROW 31408 1203 1507 1197 1507 0 2 500 62
SAGROW 31540 1203 1507 1197 1507 0 4 500 48
SAGROW 31617 1202 1507 1197 1507 0 5 500 43
SAGROW 31708 1200 1507 1197 1507 0 6 500 133
SAGROW 31838 1199 1507 1197 1507 0 1 500 112
SAGROW 31929 1198 1506 1197 1507 0 3 500 43
SAGROW 32020 1196 1507 1197 1507 0 4 500 54
SAGROW 32146 1195 1507 1197 1507 0 5 500 108
SAGROW 32215 1195 1507 1197 1507 0 6 500 97
SAGROW 32330 1194 1507 1197 1507 0 2 500 100
SAGROW 32423 1195 1507 1197 1507 0 3 500 73
SAGROW 32531 1197 1507 1197 1507 0 5 500 102
SAGROW 32613 1196 1507 1197 1507 0 6 500 114
SAGROW 32766 1195 1508 1197 1507 0 1 500 105
SAGROW 32841 1197 1507 1197 1507 0 2 500 102
SAGROW 32934 1197 1507 1197 1507 0 4 500 123
SAGROW 33032 1198 1507 1197 1507 0 5 500 61
SAGROW 33152 1198 1507 1197 1507 0 6 500 115
SAGROW 33237 1201 1507 1197 1507 0 1 500 115
SAGROW 33330 1199 1507 1197 1507 0 3 500 48
SAGROW 33459 1200 1507 1197 1507 0 4 500 99
SAGROW 33541 1201 1506 1197 1507 0 5 500 109
SAGROW 33645 1201 1506 1197 1507 0 1 500 132
SAGROW 33738 1199 1506 1197 1507 0 2 500 75
SAGROW 33851 1200 1507 1197 1507 0 3 500 107
SAGROW 33943 1201 1507 1197 1507 0 5 500 50
SAGROW 34052 1199 1506 1197 1507 0 6 500 79
SAGROW 34167 1199 1506 1197 1507 0 1 500 109
SAGROW 34256 1198 1507 1197 1507 0 3 500 121
SAGROW 34364 1198 1507 1197 1507 0 4 500 81
SAGROW 34451 1198 1507 1197 1507 0 5 500 85
SAGROW 34560 1199 1507 1197 1507 0 1 500 98
SAGROW 34655 1197 1507 1197 1507 0 2 500 58
SAGROW 34736 1196 1507 1197 1507 0 3 500 55
SAGROW 34861 1196 1507 1197 1507 0 4 500 105
SAGROW 34943 1196 1507 1197 1507 0 6 500 117
SAGROW 35051 1194 1507 1197 1507 0 1 500 62
SAGROW 35164 1196 1507 1197 1507 0 2 500 96
SAGROW 35260 1196 1507 1197 1507 0 4 500 122
SAGROW 35355 1196 1507 1197 1507 0 5 500 65
SAGROW 35449 1197 1507 1197 1507 0 6 500 79
SAGROW 35568 1198 1507 1197 1507 0 1 500 114
SAGROW 35662 1198 1507 1197 1507 0 3 500 54
SAGROW 35783 1198 1507 1197 1507 0 4 500 105
SAGROW 35890 1201 1507 1197 1507 0 6 500 128
SAGROW 35955 1200 1507 1197 1507 0 1 500 97
SAGROW 36069 1200 1507 1197 1507 0 2 500 77
SAGROW 36181 1202 1507 1197 1507 0 3 500 107
SAGROW 36263 1202 1507 1197 1507 0 4 500 112
SAGROW 36365 1200 1507 1197 1507 0 6 500 60
SAGROW 36487 1200 1507 1197 1507 0 1 500 102
SAGROW 36562 1201 1507 1197 1507 0 2 500 98
SAGROW 36681 1200 1507 1197 1507 0 4 500 67
SAGROW 36784 1199 1506 1197 1507 0 5 500 68
SAGROW 36885 1199 1506 1197 1507 0 1 500 121
SAGROW 36961 1197 1506 1197 1507 0 2 500 116
SAGROW 37094 1199 1506 1197 1507 0 3 500 89
SAGROW 37195 1201 1506 1197 1507 0 4 500 122
SAGROW 37271 1201 1506 1197 1507 0 5 500 113
SAGROW 37372 1197 1506 1197 1507 0 1 500 63
SAGROW 37501 1198 1506 1197 1507 0 3 500 113
SAGROW 37583 1200 1506 1197 1507 0 3 500 115
SAGROW 37675 1199 1507 1197 1507 0 5 500 55
SAGROW 37769 1200 1507 1197 1507 0 6 500 69
SAGROW 37898 1198 1507 1197 1507 0 2 500 38
SAGROW 37972 1196 1507 1197 1507 0 3 500 44
SAGROW 38117 1196 1507 1197 1507 0 4 500 106
SAGROW 38202 1197 1507 1197 1507 0 6 500 43
SAGROW 38290 1197 1507 1197 1507 0 1 500 129
SAGROW 38386 1195 1507 1197 1507 0 2 500 65
SAGROW 38492 1194 1507 1197 1507 0 3 500 92
SAGROW 38588 1195 1507 1197 1507 0 5 500 108
SAGROW 38694 1196 1507 1197 1507 0 6 500 60
SAGROW 38795 1196 1507 1197 1507 0 1 500 78
SAGROW 38896 1198 1507 1197 1507 0 2 500 113
SAGROW 38997 1199 1507 1197 1507 0 4 500 54
SAGROW 39090 1200 1507 1197 1507 0 5 500 74
SAGROW 39202 1202 1507 1197 1507 0 6 500 106
SAGROW 39291 1203 1507 1197 1507 0 2 500 114
SAGROW 39390 1200 1507 1197 1507 0 3 500 59
SAGROW 39524 1200 1507 1197 1507 0 4 500 118
SAGROW 39600 1200 1506 1197 1507 0 6 500 89
SAGROW 39703 1198 1507 1197 1507 0 1 500 63
SAGROW 39817 1198 1507 1197 1507 0 2 500 98
SAGROW 39924 1199 1507 1197 1507 0 4 500 59
SAGROW 39999 1199 1507 1197 1507 0 5 500 50
SAGROW 40112 1198 1507 1197 1507 0 6 500 70
SAGROW 40218 1200 1507 1197 1507 0 2 500 39
SAGROW 40296 1200 1507 1197 1507 0 3 500 117
SAGROW 40423 1199 1507 1197 1507 0 4 500 81
SAGROW 40520 1200 1507 1197 1507 0 5 500 108
SAGROW 40602 1199 1507 1197 1507 0 6 500 112
SAGROW 40704 1198 1506 1197 1507 0 2 500 51
SAGROW 40796 1197 1507 1197 1507 0 3 500 77
SAGROW 40929 1198 1507 1197 1507 0 5 500 128
SAGROW 41010 1197 1507 1197 1507 0 6 500 49
SAGROW 41112 1199 1507 1197 1507 0 1 500 77
SAGROW 41230 1200 1507 1197 1507 0 2 500 112
SAGROW 41331 1199 1507 1197 1507 0 4 500 65
SAGROW 41406 1198 1507 1197 1507 0 5 500 62
SAGROW 41546 1203 1508 1197 1507 0 1 500 51
SAGROW 41611 1201 1508 1197 1507 0 2 500 115
SAGROW 41711 1200 1508 1197 1507 0 3 500 55
SAGROW 41839 1200 1507 1197 1507 0 4 500 101
SAGROW 41916 1200 1507 1197 1507 0 5 500 108
SAGROW 42025 1198 1507 1197 1507 0 1 500 56
SAGROW 42125 1200 1507 1197 1507 0 2 500 77
SAGROW 42239 1199 1507 1197 1507 0 4 500 103
SAGROW 42326 1194 1507 1197 1507 0 5 500 46
SAGROW 42412 1196 1507 1197 1507 0 6 500 55
SAGROW 42541 1197 1506 1197 1507 0 1 500 110
SAGROW 42625 1197 1507 1197 1507 0 2 500 114
SAGROW 42764 1195 1506 1197 1507 0 4 500 104
SAGROW 42844 1195 1506 1197 1507 0 5 500 105
SAGROW 42951 1195 1506 1197 1507 0 1 500 51
SAGROW 43026 1197 1506 1197 1507 0 2 500 56
SAGROW 43158 1197 1506 1197 1507 0 3 500 105
SAGROW 43240 1197 1506 1197 1507 0 4 500 106
SAGROW 43341 1197 1506 1197 1507 0 6 500 58
SAGROW 43469 1196 1506 1197 1507 0 1 500 106
SAGROW 43549 1199 1507 1197 1507 0 2 500 107
SAGROW 43624 1200 1507 1197 1507 0 3 500 100
SAGROW 43746 1201 1507 1197 1507 0 5 500 72
SAGROW 43852 1200 1507 1197 1507 0 6 500 99
SAGROW 43942 1201 1507 1197 1507 0 1 500 116
SAGROW 44037 1201 1507 1197 1507 0 3 500 130
SAGROW 44169 1201 1507 1197 1507 0 4 500 104
SAGROW 44262 1202 1507 1197 1507 0 6 500 43
SAGROW 44344 1200 1507 1197 1507 0 1 500 56
SAGROW 44470 1200 1507 1197 1507 0 2 500 104
SAGROW 44577 1202 1507 1197 1507 0 4 500 48
SAGROW 44651 1202 1507 1197 1507 0 5 500 53
SAGROW 44772 1203 1507 1197 1507 0 6 500 92
SAGROW 44875 1202 1507 1197 1507 0 1 500 115
SAGROW 44960 1204 1507 1197 1507 0 3 500 41
SAGROW 45056 1203 1507 1197 1507 0 4 500 68
SAGROW 45174 1204 1508 1197 1507 0 5 500 102
SAGROW 45273 1203 1508 1197 1507 0 1 500 52
SAGROW 45362 1200 1507 1197 1507 0 2 500 61
SAGROW 45460 1199 1507 1197 1507 0 3 500 159
SAGROW 45577 1197 1507 1197 1507 0 4 500 83
SAGROW 45645 1197 1507 1197 1507 0 5 500 94
SAGROW 45759 1197 1507 1197 1507 0 1 500 76
SAGROW 45873 1197 1507 1197 1507 0 2 500 113
SAGROW 45970 1199 1507 1197 1507 0 4 500 127
SAGROW 46056 1201 1506 1197 1507 0 5 500 53
SAGROW 46183 1201 1506 1197 1507 0 6 500 109
SAGROW 46279 1202 1506 1197 1507 0 2 500 43
SAGROW 46356 1203 1506 1197 1507 0 3 500 48
SAGROW 46496 1204 1507 1197 1507 0 4 500 112
SAGROW 46575 1203 1507 1197 1507 0 5 500 94
SAGROW 46674 1204 1507 1197 1507 0 1 500 55
SAGROW 46800 1202 1507 1197 1507 0 2 500 95
SAGROW 46906 1201 1507 1197 1507 0 4 500 48
SAGROW 46970 1201 1507 1197 1507 0 4 500 113
SAGROW 47072 1200 1506 1197 1507 0 6 500 61
SAGROW 47202 1200 1506 1197 1507 0 1 500 103
SAGROW 47270 1199 1506 1197 1507 0 2 500 101
SAGROW 47385 1199 1506 1197 1507 0 4 500 64
SAGROW 47467 1197 1506 1197 1507 0 5 500 56
SAGROW 47581 1199 1506 1197 1507 0 6 500 113
SAGROW 47671 1199 1506 1197 1507 0 2 500 117
SAGROW 47776 1198 1506 1197 1507 0 3 500 57
SAGROW 47895 1198 1507 1197 1507 0 4 500 113
SAGROW 47986 1200 1507 1197 1507 0 6 500 42
SAGROW 48082 1200 1507 1197 1507 0 1 500 68
SAGROW 48209 1199 1507 1197 1507 0 2 500 115
SAGROW 48283 1198 1507 1197 1507 0 3 500 107
SAGROW 48376 1197 1507 1197 1507 0 5 500 51
SAGROW 48485 1196 1508 1197 1507 0 6 500 79
SAGROW 48585 1197 1508 1197 1507 0 2 500 95
SAGROW 48686 1198 1508 1197 1507 0 3 500 46
SAGROW 48827 1197 1508 1197 1507 0 4 500 110
SAGROW 48901 1197 1508 1197 1507 0 5 500 102
SAGROW 49001 1197 1508 1197 1507 0 1 500 51
SAGROW 49090 1200 1508 1197 1507 0 2 500 59
SAGROW 49211 1199 1507 1197 1507 0 3 500 74
SAGROW 49300 1200 1508 1197 1507 0 5 500 40
SAGROW 49403 1198 1507 1197 1507 0 6 500 60
SAGROW 49520 1198 1507 1197 1507 0 1 500 97
SAGROW 49603 1197 1507 1197 1507 0 2 500 113
SAGROW 49704 1198 1507 1197 1507 0 4 500 52
SAGROW 49792 1198 1507 1197 1507 0 5 500 69
SAGROW 49913 1198 1507 1197 1507 0 6 500 111
SAGROW 50003 1200 1507 1197 1507 0 1 500 120
SAGROW 50096 1199 1507 1197 1507 0 3 500 53
SAGROW 50232 1200 1507 1197 1507 0 4 500 120
SAGROW 50307 1199 1507 1197 1507 0 5 500 112
SAGROW 50409 1199 1506 1197 1507 0 1 500 64
SAGROW 50504 1199 1506 1197 1507 0 2 500 78
SAGROW 50636 1198 1507 1197 1507 0 4 500 48
SAGROW 50710 1199 1507 1197 1507 0 5 500 52
SAGROW 50802 1197 1507 1197 1507 0 6 500 64
SAGROW 50925 1197 1507 1197 1507 0 2 500 40
SAGROW 51003 1196 1507 1197 1507 0 3 500 118
SAGROW 51117 1195 1506 1197 1507 0 4 500 67
SAGROW 51223 1196 1507 1197 1507 0 5 500 96
SAGROW 51330 1196 1507 1197 1507 0 1 500 48
SAGROW 51402 1197 1507 1197 1507 0 2 500 42
SAGROW 51531 1196 1507 1197 1507 0 3 500 99
SAGROW 51625 1197 1507 1197 1507 0 5 500 117
SAGROW 51707 1195 1507 1197 1507 0 6 500 116
SAGROW 51843 1195 1506 1197 1507 0 1 500 100
SAGROW 51938 1196 1507 1197 1507 0 2 500 116
SAGROW 52044 1194 1507 1197 1507 0 4 500 61
SAGROW 52111 1193 1506 1197 1507 0 5 500 57
SAGROW 52231 1192 1506 1197 1507 0 6 500 97
SAGROW 52333 1192 1507 1197 1507 0 2 500 41
SAGROW 52430 1192 1507 1197 1507 0 3 500 67
SAGROW 52538 1194 1507 1197 1507 0 4 500 93
SAGROW 52640 1195 1507 1197 1507 0 6 500 91
SAGROW 52729 1195 1507 1197 1507 0 1 500 51
SAGROW 52857 1198 1507 1197 1507 0 2 500 100
SAGROW 52938 1199 1507 1197 1507 0 3 500 104
SAGROW 53028 1199 1507 1197 1507 0 5 500 42
SAGROW 53128 1197 1507 1197 1507 0 6 500 61
SAGROW 53251 1198 1507 1197 1507 0 1 500 112
SAGROW 53342 1199 1507 1197 1507 0 3 500 41
SAGROW 53433 1201 1508 1197 1507 0 4 500 52
SAGROW 53525 1202 1508 1197 1507 0 5 500 75
SAGROW 53664 1200 1508 1197 1507 0 1 500 53
SAGROW 53738 1199 1508 1197 1507 0 2 500 60
SAGROW 53833 1198 1508 1197 1507 0 3 500 71
SAGROW 53962 1200 1508 1197 1507 0 5 500 40
SAGROW 54034 1200 1508 1197 1507 0 6 500 112
SAGROW 54151 1200 1508 1197 1507 0 1 500 76
SAGROW 54251 1198 1507 1197 1507 0 2 500 98
SAGROW 54363 1196 1507 1197 1507 0 4 500 51
SAGROW 54438 1197 1507 1197 1507 0 5 500 54
SAGROW 54559 1196 1507 1197 1507 0 6 500 94
SAGROW 54660 1197 1507 1197 1507 0 2 500 43
SAGROW 54738 1197 1507 1197 1507 0 3 500 42
SAGROW 54879 1197 1507 1197 1507 0 4 500 104
SAGROW 54957 1198 1507 1197 1507 0 6 500 110
SAGROW 55038 1196 1507 1197 1507 0 6 500 113
SAGROW 55149 1196 1507 1197 1507 0 2 500 61
SAGROW 55276 1196 1507 1197 1507 0 4 500 122
SAGROW 55361 1199 1507 1197 1507 0 5 500 39
SAGROW 55461 1199 1507 1197 1507 0 6 500 64
SAGROW 55584 1201 1507 1197 1507 0 1 500 114
SAGROW 55658 1200 1507 1197 1507 0 2 500 109
SAGROW 55765 1198 1507 1197 1507 0 4 500 55
SAGROW 55857 1199 1507 1197 1507 0 5 500 77
SAGROW 55956 1200 1507 1197 1507 0 6 500 93
SAGROW 56072 1200 1507 1197 1507 0 2 500 101
SAGROW 56167 1200 1508 1197 1507 0 3 500 73
SAGROW 56275 1199 1508 1197 1507 0 5 500 102
SAGROW 56361 1197 1508 1197 1507 0 6 500 41
SAGROW 56472 1196 1508 1197 1507 0 1 500 63
SAGROW 56585 1196 1508 1197 1507 0 2 500 101
SAGROW 56662 1196 1507 1197 1507 0 3 500 107
SAGROW 56764 1197 1507 1197 1507 0 5 500 47
SAGROW 56896 1195 1507 1197 1507 0 6 500 101
SAGROW 56980 1194 1507 1197 1507 0 1 500 115
SAGROW 57074 1195 1506 1197 1507 0 3 500 48
SAGROW 57199 1195 1506 1197 1507 0 4 500 93
SAGROW 57287 1195 1507 1197 1507 0 5 500 111
SAGROW 57378 1196 1506 1197 1507 0 1 500 120
SAGROW 57473 1197 1506 1197 1507 0 2 500 68
SAGROW 57591 1195 1507 1197 1507 0 3 500 105
SAGROW 57688 1194 1507 1197 1507 0 5 500 41
SAGROW 57778 1193 1507 1197 1507 0 6 500 60
SAGROW 57912 1193 1507 1197 1507 0 2 500 111
SAGROW 57991 1193 1507 1197 1507 0 3 500 40
SAGROW 58094 1194 1507 1197 1507 0 4 500 68
SAGROW 58198 1194 1507 1197 1507 0 5 500 87
SAGROW 58311 1194 1507 1197 1507 0 1 500 49
SAGROW 58376 1194 1507 1197 1507 0 2 500 114
SAGROW 58477 1195 1507 1197 1507 0 3 500 53
SAGROW 58604 1196 1507 1197 1507 0 4 500 103
SAGROW 58686 1196 1507 1197 1507 0 6 500 113
SAGROW 58794 1197 1507 1197 1507 0 1 500 60
SAGROW 58907 1196 1507 1197 1507 0 2 500 94
SAGROW 59003 1196 1507 1197 1507 0 4 500 121
SAGROW 59092 1195 1507 1197 1507 0 5 500 128
SAGROW 59182 1195 1507 1197 1507 0 6 500 69
SAGROW 59308 1195 1507 1197 1507 0 2 500 112
SAGROW 59383 1196 1506 1197 1507 0 3 500 107
SAGROW 59531 1198 1506 1197 1507 0 4 500 108
SAGROW 59611 1197 1506 1197 1507 0 5 500 105
SAGROW 59711 1198 1506 1197 1507 0 1 500 54
SAGROW 59798 1198 1506 1197 1507 0 2 500 61
SAGROW 59943 1199 1507 1197 1507 0 4 500 44
SAGROW 59999 1200 1507 1197 1507 0 5 500 103
SAGROW 60092 1201 1507 1197 1507 0 6 500 43
SAGROW 60229 1201 1507 1197 1507 0 1 500 83
SAGROW 60320 1199 1507 1197 1507 0 3 500 42
SAGROW 60392 1199 1507 1197 1507 0 3 500 115
SAGROW 60499 1199 1507 1197 1507 0 5 500 70
SAGROW 60638 1200 1507 1197 1507 0 1 500 48
SAGROW 60707 1200 1507 1197 1507 0 1 500 117
SAGROW 60814 1199 1507 1197 1507 0 3 500 72
SAGROW 60934 1199 1507 1197 1507 0 4 500 114
SAGROW 61029 1199 1506 1197 1507 0 5 500 127
SAGROW 61112 1199 1506 1197 1507 0 1 500 63
SAGROW 61239 1197 1507 1197 1507 0 2 500 107
SAGROW 61334 1197 1507 1197 1507 0 4 500 119
SAGROW 61415 1196 1506 1197 1507 0 5 500 51
SAGROW 61533 1198 1506 1197 1507 0 6 500 89
SAGROW 61643 1198 1506 1197 1507 0 1 500 96
SAGROW 61712 1199 1506 1197 1507 0 3 500 108
SAGROW 61854 1198 1507 1197 1507 0 4 500 99
SAGROW 61931 1200 1507 1197 1507 0 5 500 107
SAGROW 62040 1202 1507 1197 1507 0 1 500 52
SAGROW 62127 1202 1506 1197 1507 0 2 500 60
SAGROW 62226 1204 1507 1197 1507 0 3 500 89
SAGROW 62334 1203 1507 1197 1507 0 4 500 121
SAGROW 62427 1202 1507 1197 1507 0 6 500 50
SAGROW 62523 1200 1507 1197 1507 0 1 500 75
SAGROW 62635 1201 1507 1197 1507 0 2 500 106
SAGROW 62742 1199 1506 1197 1507 0 4 500 54
SAGROW 62834 1198 1506 1197 1507 0 5 500 75
SAGROW 62946 1194 1507 1197 1507 0 6 500 107
SAGROW 63031 1193 1506 1197 1507 0 2 500 41
SAGROW 63122 1193 1507 1197 1507 0 3 500 54
SAGROW 63250 1191 1507 1197 1507 0 4 500 100
SAGROW 63345 1192 1507 1197 1507 0 6 500 42
SAGROW 63434 1193 1507 1197 1507 0 1 500 52
SAGROW 63554 1195 1507 1197 1507 0 2 500 94
SAGROW 63650 1195 1506 1197 1507 0 4 500 118
SAGROW 63734 1198 1507 1197 1507 0 5 500 41
SAGROW 63834 1198 1507 1197 1507 0 6 500 63
SAGROW 63957 1197 1506 1197 1507 0 1 500 114
SAGROW 64048 1199 1506 1197 1507 0 3 500 44
SAGROW 64176 1200 1506 1197 1507 0 4 500 93
SAGROW 64264 1200 1507 1197 1507 0 5 500 111
SAGROW 64334 1198 1507 1197 1507 0 6 500 99
SAGROW 64472 1198 1507 1197 1507 0 1 500 110
SAGROW 64541 1199 1506 1197 1507 0 3 500 109
SAGROW 64661 1199 1507 1197 1507 0 4 500 105
SAGROW 64743 1198 1507 1197 1507 0 6 500 49
SAGROW 64845 1200 1507 1197 1507 0 1 500 69
SAGROW 64957 1199 1507 1197 1507 0 2 500 100
SAGROW 65065 1197 1507 1197 1507 0 4 500 62
SAGROW 65166 1195 1507 1197 1507 0 5 500 79
SAGROW 65286 1195 1507 1197 1507 0 1 500 49
SAGROW 65358 1194 1507 1197 1507 0 1 500 120
SAGROW 65448 1193 1507 1197 1507 0 3 500 130
SAGROW 43 1196 1507 1197 1507 0 4 500 101
SAGROW 126 1194 1507 1197 1507 0 6 500 112
SAGROW 220 1194 1507 1197 1507 0 6 500 125
SAGROW 345 1195 1507 1197 1507 0 1 500 109
SAGROW 440 1199 1507 1197 1507 0 3 500 75
SAGROW 530 1199 1507 1197 1507 0 4 500 114
SAGROW 647 1198 1507 1197 1507 0 6 500 80
SAGROW 755 1198 1507 1197 1507 0 1 500 119
SAGROW 831 1198 1507 1197 1507 0 2 500 114
SAGROW 970 1197 1507 1197 1507 0 4 500 107
SAGROW 1037 1198 1507 1197 1507 0 5 500 90
SAGROW 1149 1198 1507 1197 1507 0 1 500 50
SAGROW 1238 1197 1507 1197 1507 0 2 500 60
SAGROW 1351 1199 1507 1197 1507 0 3 500 92
SAGROW 1448 1202 1507 1197 1507 0 5 500 39
SAGROW 1539 1202 1507 1197 1507 0 6 500 49
SAGROW 1668 1204 1507 1197 1507 0 1 500 83
SAGROW 1749 1204 1507 1197 1507 0 2 500 113
SAGROW 1832 1204 1507 1197 1507 0 3 500 113
SAGROW 1939 1203 1507 1197 1507 0 5 500 52
SAGROW 2073 1204 1507 1197 1507 0 1 500 125
SAGROW 2152 1201 1507 1197 1507 0 2 500 39
SAGROW 2247 1200 1507 1197 1507 0 3 500 64
SAGROW 2366 1200 1507 1197 1507 0 4 500 108
SAGROW 2453 1195 1507 1197 1507 0 6 500 43
SAGROW 2549 1197 1508 1197 1507 0 1 500 54
SAGROW 2675 1200 1507 1197 1507 0 2 500 94
SAGROW 2780 1200 1507 1197 1507 0 4 500 48
SAGROW 2845 1200 1507 1197 1507 0 4 500 112
SAGROW 2940 1200 1507 1197 1507 0 6 500 54
SAGROW 3074 1202 1507 1197 1507 0 1 500 108
SAGROW 3148 1202 1507 1197 1507 0 3 500 102
SAGROW 3257 1203 1507 1197 1507 0 4 500 61
SAGROW 3379 1202 1506 1197 1507 0 5 500 82
SAGROW 3479 1199 1507 1197 1507 0 1 500 51
SAGROW 3565 1199 1507 1197 1507 0 2 500 53
SAGROW 3661 1193 1507 1197 1507 0 3 500 74
SAGROW 3774 1193 1507 1197 1507 0 4 500 108
SAGROW 3868 1193 1507 1197 1507 0 6 500 129
SAGROW 3965 1192 1507 1197 1507 0 1 500 75
SAGROW 4079 1192 1507 1197 1507 0 2 500 109
SAGROW 4180 1194 1507 1197 1507 0 4 500 50
SAGROW 4255 1194 1507 1197 1507 0 5 500 54
SAGROW 4387 1194 1506 1197 1507 0 6 500 106
SAGROW 4475 1200 1506 1197 1507 0 2 500 114
SAGROW 4556 1200 1506 1197 1507 0 3 500 47
SAGROW 4684 1199 1506 1197 1507 0 4 500 92
SAGROW 4784 1198 1507 1197 1507 0 6 500 88
SAGROW 4858 1198 1506 1197 1507 0 6 500 106
SAGROW 4992 1196 1506 1197 1507 0 2 500 70
SAGROW 5102 1195 1506 1197 1507 0 4 500 122
SAGROW 5172 1196 1506 1197 1507 0 4 500 111
SAGROW 5265 1197 1506 1197 1507 0 6 500 51
SAGROW 5395 1197 1506 1197 1507 0 1 500 110
SAGROW 5478 1198 1506 1197 1507 0 2 500 113
SAGROW 5579 1198 1505 1197 1507 0 4 500 52
SAGROW 5673 1198 1506 1197 1507 0 5 500 76
SAGROW 5785 1198 1506 1197 1507 0 6 500 106
SAGROW 5873 1199 1506 1197 1507 0 2 500 116
SAGROW 5985 1197 1506 1197 1507 0 3 500 79
SAGROW 6114 1198 1506 1197 1507 0 4 500 120
SAGROW 6183 1198 1506 1197 1507 0 6 500 91
SAGROW 6283 1199 1507 1197 1507 0 1 500 62
SAGROW 6397 1201 1507 1197 1507 0 2 500 97
SAGROW 6484 1201 1507 1197 1507 0 3 500 79
SAGROW 6577 1200 1507 1197 1507 0 5 500 47
SAGROW 6708 1201 1507 1198 1507 0 6 500 97
SAGROW 6798 1200 1507 1198 1507 0 1 500 116
SAGROW 6891 1199 1507 1198 1507 0 3 500 48
SAGROW 7017 1197 1507 1198 1507 0 4 500 93
SAGROW 7100 1195 1507 1198 1507 0 5 500 106
SAGROW 7206 1193 1507 1198 1507 0 1 500 51
SAGROW 7299 1194 1507 1198 1507 0 2 500 65
SAGROW 7406 1195 1507 1197 1507 0 3 500 100
SAGROW 7500 1196 1507 1197 1507 0 5 500 117
SAGROW 7600 1197 1507 1197 1507 0 6 500 55
SAGROW 7694 1196 1507 1197 1507 0 1 500 78
SAGROW 7812 1196 1507 1197 1507 0 2 500 112
SAGROW 7900 1200 1507 1197 1507 0 4 500 118
SAGROW 8001 1200 1506 1197 1507 0 5 500 74
SAGROW 8137 1201 1506 1197 1507 0 1 500 128
SAGROW 8194 1201 1506 1197 1507 0 2 500 98
SAGROW 8292 1199 1506 1197 1507 0 3 500 55
SAGROW 8420 1201 1506 1197 1507 0 4 500 100
SAGROW 8498 1202 1506 1198 1507 0 5 500 108
SAGROW 8607 1202 1507 1198 1507 0 1 500 56
SAGROW 8714 1202 1507 1198 1507 0 2 500 70
SAGROW 8816 1204 1507 1198 1507 0 4 500 115
SAGROW 8899 1204 1507 1198 1507 0 5 500 121
SAGROW 9006 1201 1507 1198 1507 0 6 500 55
SAGROW 9128 1200 1507 1198 1507 0 1 500 113
SAGROW 9220 1199 1507 1198 1507 0 3 500 47
SAGROW 9349 1199 1507 1198 1507 0 4 500 97
SAGROW 9416 1200 1507 1198 1507 0 5 500 80
SAGROW 9518 1200 1507 1198 1507 0 6 500 113
SAGROW 9617 1198 1507 1198 1507 0 2 500 65
SAGROW 9709 1199 1507 1198 1507 0 3 500 75
SAGROW 9823 1201 1507 1198 1507 0 4 500 107
SAGROW 9919 1203 1508 1198 1507 0 6 500 55
SAGROW 10049 1204 1507 1198 1507 0 1 500 94
SAGROW 10145 1205 1508 1198 1507 0 3 500 40
SAGSLOW 1201 1506 1197 1507
SAGSLOW 1195 1507 1197 1507
SAGSLOW 1195 1506 1197 1507
SAGSLOW 1192 1507 1197 1507
SAGSLOW 1193 1507 1197 1507
SAGSLOW 1200 1507 1197 1507
SAGSLOW 1200 1507 1197 1507
SAGSLOW 1197 1507 1197 1507
SAGSLOW 1197 1507 1197 1507
SAGSLOW 1201 1507 1197 1507
SAGSLOW 1193 1507 1197 1507
SAGSLOW 1196 1507 1197 1507
SAGSLOW 1201 1508 1197 1507
SAGSLOW 1198 1507 1197 1507
SAGSLOW 1205 1507 1197 1507
SAGSLOW 1197 1508 1197 1507
SAGSLOW 1204 1507 1197 1507
SAGSLOW 1197 1506 1197 1507
SAGSLOW 1198 1506 1197 1507
SAGSLOW 1199 1507 1197 1507
SAGSLOW 1195 1508 1197 1507
SAGSLOW 1197 1506 1197 1507
SAGSLOW 1199 1507 1197 1507
SAGSLOW 1197 1507 1197 1507
SAGSLOW 1195 1507 1197 1507
SAGSLOW 1197 1508 1197 1507
SAGSLOW 1200 1507 1197 1507
SAGSLOW 1200 1508 1197 1507
SAGSLOW 1200 1507 1197 1507
SAGSLOW 1199 1506 1197 1507
SAGSLOW 1199 1507 1197 1507
SAGSLOW 1199 1508 1197 1507
SAGSLOW 1195 1506 1197 1507
SAGSLOW 1194 1507 1197 1507
SAGSLOW 1195 1507 1197 1507
SAGSLOW 1195 1507 1197 1507
SAGSLOW 1197 1507 1197 1507
SAGSLOW 1199 1507 1197 1507
SAGSLOW 1198 1506 1197 1507
SAGSLOW 1198 1507 1197 1507
SAGSLOW 1198 1507 1197 1507
SAGSLOW 1197 1507 1197 1507
SAGSLOW 1195 1506 1197 1507
SAGSLOW 1195 1507 1197 1507
SAGSLOW 1196 1507 1197 1507
SAGSLOW 1196 1507 1197 1507
SAGSLOW 1195 1507 1197 1507
SAGSLOW 1199 1507 1197 1507
SAGSLOW 1205 1506 1197 1507
SAGSLOW 1194 1506 1197 1507
SAGSLOW 1199 1506 1197 1507
SAGSLOW 1196 1506 1197 1507
SAGSLOW 1199 1507 1197 1507
SAGSLOW 1195 1507 1197 1507
SAGSLOW 1198 1507 1197 1507
SAGSLOW 1197 1507 1197 1507
SAGSLOW 1193 1506 1197 1507
SAGSLOW 1203 1508 1197 1507
SAGSLOW 1202 1507 1197 1507
SAGSLOW 1197 1506 1197 1507
SAGSLOW 1192 1507 1197 1507
SAGSLOW 1202 1507 1197 1507
SAGSLOW 1203 1507 1197 1507
SAGSLOW 1196 1507 1197 1507
SAGSLOW 1198 1508 1197 1507
SAGSLOW 1202 1507 1197 1507
SAGSLOW 1201 1507 1197 1507
SAGSLOW 1198 1507 1197 1507
SAGSLOW 1194 1506 1197 1507
SAGSLOW 1194 1507 1197 1507
SAGSLOW 1201 1507 1197 1507
SAGSLOW 1196 1507 1197 1507
SAGSLOW 1199 1507 1197 1507
SAGSLOW 1199 1506 1197 1507
SAGSLOW 1196 1507 1197 1507
SAGSLOW 1196 1507 1197 1507
SAGSLOW 1199 1505 1197 1507
SAGSLOW 1196 1507 1197 1507
SAGSLOW 1198 1507 1197 1507
SAGSLOW 1201 1507 1197 1507
SAGSLOW 1200 1507 1197 1507
SAGSLOW 1195 1507 1197 1507
SAGSLOW 1199 1507 1197 1507
SAGSLOW 1194 1506 1197 1507
SAGSLOW 1197 1506 1197 1507
SAGSLOW 1197 1506 1197 1507
SAGSLOW 1202 1508 1197 1507
SAGSLOW 1195 1507 1197 1507
SAGSLOW 1203 1507 1197 1507
SAGSLOW 1199 1507 1197 1507
SAGSLOW 1201 1507 1197 1507
SAGSLOW 1198 1506 1197 1507
SAGSLOW 1194 1506 1197 1507
SAGSLOW 1198 1507 1197 1507
SAGSLOW 1199 1506 1197 1507
SAGSLOW 1195 1507 1197 1507
SAGSLOW 1196 1506 1197 1507
SAGSLOW 1202 1506 1197 1507
SAGSLOW 1196 1507 1197 1507
SAGSLOW 1197 1507 1197 1507
SAGSLOW 1193 1508 1197 1507
SAGSLOW 1200 1507 1197 1507
SAGSLOW 1191 1507 1197 1507
SAGSLOW 1198 1507 1197 1507
SAGSLOW 1202 1507 1197 1507
SAGSLOW 1196 1507 1197 1507
SAGSLOW 1190 1507 1197 1507
SAGSLOW 1198 1506 1197 1507
SAGSLOW 1192 1507 1197 1507
SAGSLOW 1198 1507 1197 1507
SAGSLOW 1198 1507 1197 1507
SAGSLOW 1199 1507 1197 1507
SAGSLOW 1196 1507 1197 1507
SAGSLOW 1195 1506 1197 1507
SAGSLOW 1196 1507 1197 1507
SAGSLOW 1198 1506 1197 1507
SAGSLOW 1197 1506 1197 1507
SAGSLOW 1200 1506 1197 1507
SAGSLOW 1199 1506 1197 1507
SAGSLOW 1195 1506 1197 1507
SAGSLOW 1199 1506 1197 1507
SAGSLOW 1196 1506 1197 1507
SAGSLOW 1199 1506 1197 1507
SAGSLOW 1202 1507 1197 1507
SAGSLOW 1194 1506 1197 1507
SAGSLOW 1197 1507 1197 1507
SAGSLOW 1198 1507 1197 1507
SAGSLOW 1201 1506 1197 1507
SAGSLOW 1197 1507 1197 1507
SAGSLOW 1199 1507 1197 1507
SAGSLOW 1199 1507 1197 1507
SAGSLOW 1202 1507 1197 1507
SAGSLOW 1197 1507 1197 1507
SAGSLOW 1200 1507 1197 1507
SAGSLOW 1201 1507 1197 1507
SAGSLOW 1196 1507 1197 1507
SAGSLOW 1197 1507 1197 1507
SAGSLOW 1197 1508 1197 1507
SAGSLOW 1197 1507 1197 1507
SAGSLOW 1196 1507 1197 1507
SAGSLOW 1198 1507 1197 1507
SAGSLOW 1196 1508 1197 1507
SAGSLOW 1197 1507 1197 1507
SAGSLOW 1199 1507 1197 1507
SAGSLOW 1196 1507 1197 1507
SAGSLOW 1202 1508 1197 1507
SAGSLOW 1195 1507 1197 1507
SAGSLOW 1206 1507 1197 1507
SAGSLOW 1198 1507 1197 1507
SAGSLOW 1200 1507 1197 1507
SAGSLOW 1198 1506 1197 1507
SAGSLOW 1198 1507 1197 1507
SAGSLOW 1195 1507 1197 1507
SAGSLOW 1195 1506 1197 1507
SAGSLOW 1198 1506 1197 1507
SAGSLOW 1205 1508 1197 1507
SAGSLOW 1203 1507 1197 1507
SAGSLOW 1204 1507 1197 1507
SAGSLOW 1197 1507 1197 1507
SAGSLOW 1199 1507 1197 1507
SAGSLOW 1196 1507 1197 1507
SAGSLOW 1198 1507 1197 1507
SAGSLOW 1202 1508 1197 1507
SAGSLOW 1197 1506 1197 1507
SAGSLOW 1198 1506 1197 1507
SAGSLOW 1196 1506 1197 1507
SAGSLOW 1201 1507 1197 1507
SAGSLOW 1193 1507 1197 1507
SAGSLOW 1197 1507 1197 1507
SAGSLOW 1189 1507 1197 1507
SAGSLOW 1201 1507 1197 1507
SAGSLOW 1199 1506 1197 1507
SAGSLOW 1196 1507 1197 1507
SAGSLOW 1207 1508 1197 1507
SAGSLOW 1196 1507 1197 1507
SAGSLOW 1193 1508 1197 1507
SAGSLOW 1194 1507 1197 1507
SAGSLOW 1198 1507 1197 1507
SAGSLOW 1202 1506 1197 1507
SAGSLOW 1197 1508 1197 1507
SAGSLOW 1196 1506 1197 1507
SAGSLOW 1201 1507 1197 1507
SAGSLOW 1199 1507 1197 1507
SAGSLOW 1196 1507 1197 1507
SAGSLOW 1201 1508 1197 1507
SAGSLOW 1198 1506 1197 1507
SAGSLOW 1203 1506 1197 1507
SAGSLOW 1197 1507 1197 1507
SAGSLOW 1195 1506 1197 1507
SAGSLOW 1193 1507 1197 1507
SAGSLOW 1199 1507 1197 1507
SAGSLOW 1199 1506 1197 1507
SAGSLOW 1195 1506 1197 1507
SAGSLOW 1199 1507 1197 1507
SAGSLOW 1198 1507 1197 1507
SAGSLOW 1200 1506 1197 1507
SAGSLOW 1199 1506 1197 1507
SAGSLOW 1200 1507 1197 1507
SAGSLOW 1194 1506 1197 1507
SAGSLOW 1195 1507 1197 1507
SAGSLOW 1197 1506 1197 1507
SAGSLOW 1201 1507 1197 1507
SAGSLOW 1198 1507 1197 1507
SAGSLOW 1194 1506 1197 1507
SAGSLOW 1199 1508 1197 1507
SAGSLOW 1196 1508 1197 1507
SAGSLOW 1197 1506 1197 1507
SAGSLOW 1199 1506 1197 1507
SAGSLOW 1198 1507 1197 1507
SAGSLOW 1196 1506 1197 1507
SAGSLOW 1202 1507 1197 1507
SAGSLOW 1195 1507 1197 1507
SAGSLOW 1197 1507 1197 1507
SAGSLOW 1199 1508 1197 1507
SAGSLOW 1196 1508 1197 1507
SAGSLOW 1197 1508 1197 1507
SAGSLOW 1197 1507 1197 1507
SAGSLOW 1197 1507 1197 1507
SAGSLOW 1193 1507 1197 1507
SAGSLOW 1198 1507 1197 1507
SAGSLOW 1198 1506 1197 1507
SAGSLOW 1194 1506 1197 1507
SAGSLOW 1199 1507 1197 1507
SAGSLOW 1198 1507 1197 1507
SAGSLOW 1193 1507 1197 1507
SAGSLOW 1199 1507 1197 1507
SAGSLOW 1199 1507 1197 1507
SAGSLOW 1192 1507 1197 1507
SAGSLOW 1200 1506 1197 1507
SAGSLOW 1195 1507 1197 1507
SAGSLOW 1205 1506 1197 1507
SAGSLOW 1192 1507 1197 1507
SAGSLOW 1199 1507 1197 1507
SAGSLOW 1199 1506 1197 1507
SAGSLOW 1198 1507 1197 1507
SAGSLOW 1195 1507 1197 1507
SAGSLOW 1200 1507 1197 1507
SAGSLOW 1198 1507 1197 1507
SAGSLOW 1200 1507 1197 1507
SAGSLOW 1195 1508 1197 1507
SAGSLOW 1201 1506 1197 1507
SAGSLOW 1195 1506 1197 1507
SAGSLOW 1196 1507 1197 1507
SAGSLOW 1198 1507 1197 1507
SAGSLOW 1197 1507 1197 1507
SAGSLOW 1196 1507 1197 1507
SAGSLOW 1199 1507 1197 1507
SAGSLOW 1196 1507 1197 1507
SAGSLOW 1197 1507 1197 1507
SAGSLOW 1199 1507 1197 1507
SAGSLOW 1198 1507 1197 1507
SAGSLOW 1198 1506 1197 1507
SAGSLOW 1198 1506 1197 1507
SAGSLOW 1199 1507 1197 1507
SAGSLOW 1201 1507 1197 1507
SAGSLOW 1200 1507 1197 1507
SAGSLOW 1201 1507 1197 1507
SAGSLOW 1196 1507 1197 1507
SAGSLOW 1200 1507 1197 1507
SAGSLOW 1199 1507 1197 1507
SAGSLOW 1201 1507 1197 1507
SAGSLOW 1200 1507 1197 1507
SAGSLOW 1198 1507 1197 1507
SAGSLOW 1197 1508 1197 1507
SAGSLOW 1194 1508 1197 1507
SAGSLOW 1197 1507 1197 1507
SAGSLOW 1201 1508 1197 1507
SAGSLOW 1197 1507 1197 1507
SAGSLOW 1197 1507 1197 1507
SAGSLOW 1192 1507 1197 1507
SAGSLOW 1195 1507 1197 1507
SAGSLOW 1192 1508 1197 1507
SAGSLOW 1201 1507 1197 1507
SAGSLOW 1198 1507 1197 1507
SAGSLOW 1199 1506 1197 1507
SAGSLOW 1197 1507 1197 1507
SAGSLOW 1200 1506 1197 1507
SAGSLOW 1197 1508 1197 1507
SAGSLOW 1194 1508 1197 1507
SAGSLOW 1196 1507 1197 1507
SAGSLOW 1190 1506 1197 1507
SAGSLOW 1198 1507 1197 1507
SAGSLOW 1198 1507 1197 1507
SAGSLOW 1195 1507 1197 1507
SAGSLOW 1200 1506 1197 1507
SAGSLOW 1198 1507 1197 1507
SAGSLOW 1195 1507 1197 1507
SAGSLOW 1193 1506 1197 1507
SAGSLOW 1196 1507 1197 1507
SAGSLOW 1198 1507 1197 1507
SAGSLOW 1195 1507 1197 1507
SAGSLOW 1203 1507 1197 1507
SAGSLOW 1202 1507 1197 1507
SAGSLOW 1197 1506 1197 1507
SAGSLOW 1195 1507 1197 1507
SAGSLOW 1197 1507 1197 1507
SAGSLOW 1191 1507 1197 1507
SAGSLOW 1194 1507 1197 1507
SAGSLOW 1198 1506 1197 1507
SAGSLOW 1198 1506 1197 1507
SAGSLOW 1199 1507 1197 1507
SAGSLOW 1199 1507 1197 1507
SAGSLOW 1206 1506 1197 1507
SAGSLOW 1194 1507 1197 1507
SAGSLOW 1198 1506 1197 1507
SAGSLOW 1196 1508 1197 1507
SAGSLOW 1201 1506 1197 1507
SAGSLOW 1196 1507 1197 1507
SAGSLOW 1197 1507 1197 1507
SAGSLOW 1196 1506 1197 1507
SAGSLOW 1197 1508 1197 1507
SAGSLOW 1195 1507 1197 1507
SAGSLOW 1197 1507 1197 1507
SAGSLOW 1193 1506 1197 1507
SAGSLOW 1196 1507 1197 1507
SAGSLOW 1197 1507 1197 1507
SAGSLOW 1202 1508 1197 1507
SAGSLOW 1195 1507 1197 1507
SAGSLOW 1193 1507 1197 1507
SAGSLOW 1198 1507 1197 1507
SAGSLOW 1194 1507 1197 1507
SAGSLOW 1202 1507 1197 1507
SAGSLOW 1198 1507 1197 1507
SAGSLOW 1194 1506 1197 1507
SAGSLOW 1198 1507 1197 1507
SAGSLOW 1199 1507 1197 1507
SAGSLOW 1197 1507 1197 1507
SAGSLOW 1198 1507 1197 1507
SAGSLOW 1195 1507 1197 1507
SAGSLOW 1195 1507 1197 1507
SAGSLOW 1199 1507 1197 1507
SAGSLOW 1201 1506 1197 1507
SAGSLOW 1198 1507 1197 1507
SAGSLOW 1195 1507 1197 1507
SAGSLOW 1199 1506 1197 1507
SAGSLOW 1196 1507 1197 1507
SAGSLOW 1194 1507 1197 1507
SAGSLOW 1201 1506 1197 1507
SAGSLOW 1201 1507 1197 1507
SAGSLOW 1202 1507 1197 1507
SAGSLOW 1196 1508 1197 1507
SAGSLOW 1198 1508 1197 1507
SAGSLOW 1197 1506 1197 1507
SAGSLOW 1196 1507 1197 1507
SAGSLOW 1199 1507 1197 1507
SAGSLOW 1199 1506 1197 1507
SAGSLOW 1198 1508 1197 1507
SAGSLOW 1198 1507 1197 1507
SAGSLOW 1200 1507 1197 1507
SAGSLOW 1194 1507 1197 1507
SAGSLOW 1194 1506 1197 1507
SAGSLOW 1195 1507 1197 1507
SAGSLOW 1201 1507 1197 1507
SAGSLOW 1196 1506 1197 1507
SAGSLOW 1195 1507 1197 1507
SAGSLOW 1202 1507 1197 1507
SAGSLOW 1197 1507 1197 1507
SAGSLOW 1196 1507 1197 1507
SAGSLOW 1201 1507 1197 1507
SAGSLOW 1197 1507 1197 1507
SAGSLOW 1194 1508 1197 1507
SAGSLOW 1196 1506 1197 1507
SAGSLOW 1198 1506 1197 1507
SAGSLOW 1198 1507 1197 1507
SAGSLOW 1197 1507 1197 1507
SAGSLOW 1198 1507 1197 1507
SAGSLOW 1199 1507 1197 1507
SAGSLOW 1200 1507 1197 1507
SAGSLOW 1194 1506 1197 1507
SAGSLOW 1199 1506 1197 1507
SAGSLOW 1197 1507 1197 1507
SAGSLOW 1193 1507 1197 1507
SAGSLOW 1199 1507 1197 1507
SAGSLOW 1195 1507 1197 1507
SAGSLOW 1197 1507 1197 1507
SAGSLOW 1200 1507 1197 1507
SAGSLOW 1195 1507 1197 1507
SAGSLOW 1199 1506 1197 1507
SAGSLOW 1201 1507 1197 1507
SAGSLOW 1193 1507 1197 1507
SAGSLOW 1202 1506 1197 1507
SAGSLOW 1195 1507 1197 1507
SAGSLOW 1195 1507 1197 1507
SAGSLOW 1193 1507 1197 1507
SAGSLOW 1198 1508 1197 1507
SAGSLOW 1194 1507 1197 1507
SAGSLOW 1202 1507 1197 1507
SAGSLOW 1199 1507 1197 1507
SAGSLOW 1197 1508 1197 1507
SAGSLOW 1196 1507 1197 1507
SAGSLOW 1198 1506 1197 1507
SAGSLOW 1197 1508 1197 1507
SAGSLOW 1194 1507 1197 1507
SAGSLOW 1195 1506 1197 1507
SAGSLOW 1197 1507 1197 1507
SAGSLOW 1197 1507 1197 1507
SAGSLOW 1200 1506 1197 1507
SAGSLOW 1194 1506 1197 1507
SAGSLOW 1204 1506 1197 1507
SAGSLOW 1195 1507 1197 1507
SAGSLOW 1195 1507 1197 1507
SAGSLOW 1198 1506 1197 1507
SAGSLOW 1200 1505 1197 1507
SAGSLOW 1195 1506 1197 1507
SAGSLOW 1198 1506 1197 1507
SAGSLOW 1198 1507 1197 1507
SAGSLOW 1199 1507 1197 1507
SAGSLOW 1196 1507 1197 1507
SAGSLOW 1197 1506 1197 1507
SAGSLOW 1194 1506 1197 1507
SAGSLOW 1198 1507 1197 1507
SAGSLOW 1196 1507 1197 1507
SAGSLOW 1197 1507 1197 1507
SAGSLOW 1197 1506 1197 1507
SAGSLOW 1196 1506 1197 1507
SAGSLOW 1196 1507 1197 1507
SAGSLOW 1196 1506 1197 1507
SAGSLOW 1196 1506 1197 1507
SAGSLOW 1197 1507 1197 1507
SAGSLOW 1199 1507 1197 1507
SAGSLOW 1197 1506 1197 1507
SAGSLOW 1197 1506 1197 1507
SAGSLOW 1197 1506 1197 1507
SAGSLOW 1203 1507 1197 1507
SAGSLOW 1200 1506 1197 1507
SAGSLOW 1197 1507 1197 1507
SAGSLOW 1195 1507 1197 1507
SAGSLOW 1192 1507 1197 1507
SAGSLOW 1199 1506 1197 1507
SAGSLOW 1197 1508 1197 1507
SAGSLOW 1191 1506 1197 1507
SAGSLOW 1195 1506 1197 1507
SAGSLOW 1198 1506 1197 1507
SAGSLOW 1189 1507 1197 1507
SAGSLOW 1198 1506 1197 1507
SAGSLOW 1197 1507 1197 1507
SAGSLOW 1192 1507 1197 1507
SAGSLOW 1200 1506 1197 1507
SAGSLOW 1195 1507 1197 1507
SAGSLOW 1198 1506 1197 1507
SAGSLOW 1196 1506 1197 1507
SAGSLOW 1198 1507 1197 1507
SAGSLOW 1198 1507 1197 1507
SAGSLOW 1196 1507 1197 1507
SAGSLOW 1202 1506 1197 1507
SAGSLOW 1197 1507 1197 1507
SAGSLOW 1198 1507 1197 1507
SAGSLOW 1193 1507 1197 1507
SAGSLOW 1204 1507 1197 1507
SAGSLOW 1195 1508 1197 1507
SAGSLOW 1193 1506 1197 1507
SAGSLOW 1195 1506 1197 1507
SAGSLOW 1195 1507 1197 1507
SAGSLOW 1203 1507 1197 1507
SAGSLOW 1197 1507 1197 1507
SAGSLOW 1194 1507 1197 1507
SAGSLOW 1203 1507 1197 1507
SAGSLOW 1197 1506 1197 1507
SAGSLOW 1198 1506 1197 1507
SAGSLOW 1202 1508 1197 1507
SAGSLOW 1198 1507 1197 1507
SAGSLOW 1200 1506 1197 1507
SAGSLOW 1199 1507 1197 1507
SAGSLOW 1200 1506 1197 1507
SAGSLOW 1190 1508 1197 1507
SAGSLOW 1201 1507 1197 1507
SAGSLOW 1191 1507 1197 1507
SAGSLOW 1203 1507 1197 1507
SAGSLOW 1199 1506 1197 1507
SAGSLOW 1205 1508 1197 1507
SAGSLOW 1198 1507 1197 1507
SAGSLOW 1195 1506 1197 1507
SAGSLOW 1198 1506 1197 1507
SAGSLOW 1193 1507 1197 1507
SAGSLOW 1198 1507 1197 1507
SAGSLOW 1202 1507 1197 1507
SAGSLOW 1194 1507 1197 1507
SAGSLOW 1198 1507 1197 1507
SAGSLOW 1199 1507 1197 1507
SAGSLOW 1204 1506 1197 1507
SAGSLOW 1196 1506 1197 1507
SAGSLOW 1196 1507 1197 1507
SAGSLOW 1198 1508 1197 1507
SAGSLOW 1199 1507 1197 1507
SAGSLOW 1202 1507 1197 1507
SAGSLOW 1202 1507 1197 1507
SAGSLOW 1198 1507 1197 1507
SAGSLOW 1196 1507 1197 1507
SAGSLOW 1197 1506 1197 1507
SAGSLOW 1198 1506 1197 1507
SAGSLOW 1195 1507 1197 1507
SAGSLOW 1194 1507 1197 1507
SAGSLOW 1196 1508 1197 1507
SAGSLOW 1203 1507 1197 1507
SAGSLOW 1196 1508 1197 1507
SAGSLOW 1203 1506 1197 1507
SAGSLOW 1199 1507 1197 1507
SAGSLOW 1202 1507 1197 1507
SAGSLOW 1199 1506 1197 1507
SAGSLOW 1196 1508 1197 1507
SAGSLOW 1195 1507 1197 1507
SAGSLOW 1201 1507 1197 1507
SAGSLOW 1196 1507 1197 1507
SAGSLOW 1198 1507 1197 1507
SAGSLOW 1200 1507 1197 1507
SAGSLOW 1198 1507 1197 1507
SAGSLOW 1199 1507 1197 1507
SAGSLOW 1199 1506 1197 1507
SAGSLOW 1191 1506 1197 1507
SAGSLOW 1200 1507 1197 1507
SAGSLOW 1196 1506 1197 1507
SAGSLOW 1197 1507 1197 1507
SAGSLOW 1200 1507 1197 1507
SAGSLOW 1199 1507 1197 1507
SAGSLOW 1195 1507 1197 1507
SAGSLOW 1199 1507 1197 1507
SAGSLOW 1199 1507 1198 1507
SAGSLOW 1199 1507 1198 1507
SAGSLOW 1199 1506 1198 1507
SAGSLOW 1198 1507 1198 1507
SAGSLOW 1198 1506 1198 1507
SAGSLOW 1191 1506 1198 1507
SAGSLOW 1196 1506 1198 1507
SAGSLOW 1198 1507 1198 1507
SAGSLOW 1195 1506 1198 1507
SAGSLOW 1199 1507 1198 1507
SAGSLOW 1196 1506 1198 1507
SAGSLOW 1196 1508 1198 1507
SAGSLOW 1199 1506 1198 1507
SAGSLOW 1199 1508 1198 1507
SAGSLOW 1200 1507 1198 1507
SAGSLOW 1194 1506 1198 1507
SAGSLOW 1201 1507 1198 1507
SAGSLOW 1197 1508 1198 1507
SAGSLOW 1199 1507 1198 1507
SAGSLOW 1199 1507 1198 1507
SAGSLOW 1194 1507 1198 1507
SAGSLOW 1201 1507 1198 1507
SAGSLOW 1197 1507 1198 1507
SAGSLOW 1197 1506 1198 1507
SAGSLOW 1199 1507 1198 1507
SAGSLOW 1195 1507 1198 1507
SAGSLOW 1195 1506 1198 1507
SAGSLOW 1195 1507 1198 1507
SAGSLOW 1195 1506 1198 1507
SAGSLOW 1198 1507 1198 1507
SAGSLOW 1195 1506 1198 1507
SAGSLOW 1196 1507 1198 1507
SAGSLOW 1198 1507 1198 1507
SAGSLOW 1195 1506 1198 1507
SAGSLOW 1194 1507 1198 1507
SAGSLOW 1202 1508 1198 1507
SAGSLOW 1200 1507 1198 1507
SAGSLOW 1196 1507 1198 1507
SAGSLOW 1193 1507 1198 1507
SAGSLOW 1196 1507 1198 1507
SAGSLOW 1199 1506 1198 1507
SAGSLOW 1198 1507 1198 1507
SAGSLOW 1199 1507 1198 1507
SAGSLOW 1199 1507 1198 1507
SAGSLOW 1203 1506 1198 1507
SAGSLOW 1194 1507 1198 1507
SAGSLOW 1199 1506 1198 1507
SAGSLOW 1191 1507 1198 1507
SAGSLOW 1190 1508 1198 1507
SAGSLOW 1195 1507 1198 1507
SAGSLOW 1199 1507 1198 1507
SAGSLOW 1195 1507 1198 1507
SAGSLOW 1205 1507 1198 1507
SAGSLOW 1198 1506 1198 1507
SAGSLOW 1197 1507 1198 1507
SAGSLOW 1199 1506 1198 1507
SAGSLOW 1193 1507 1198 1507
SAGSLOW 1195 1507 1198 1507
SAGSLOW 1200 1507 1198 1507
SAGSLOW 1197 1507 1198 1507
SAGSLOW 1195 1507 1198 1507
SAGSLOW 1197 1507 1198 1507
SAGSLOW 1195 1507 1198 1507
SAGSLOW 1200 1508 1198 1507
SAGSLOW 1202 1506 1198 1507
SAGSLOW 1198 1506 1198 1507
SAGSLOW 1201 1506 1198 1507
SAGSLOW 1193 1507 1198 1507
SAGSLOW 1200 1507 1198 1507
SAGSLOW 1197 1507 1198 1507
SAGSLOW 1197 1508 1198 1507
SAGSLOW 1197 1507 1198 1507
SAGSLOW 1196 1507 1198 1507
SAGSLOW 1196 1506 1198 1507
SAGSLOW 1201 1507 1198 1507
SAGSLOW 1198 1507 1198 1507
SAGSLOW 1198 1507 1198 1507
SAGSLOW 1202 1507 1198 1507
SAGSLOW 1196 1506 1198 1507
SAGSLOW 1199 1507 1198 1507
SAGSLOW 1197 1506 1198 1507
SAGSLOW 1201 1507 1198 1507
SAGSLOW 1198 1508 1198 1507
SAGSLOW 1194 1507 1198 1507
SAGSLOW 1197 1506 1198 1507
SAGSLOW 1195 1506 1198 1507
SAGSLOW 1202 1508 1198 1507
SAGSLOW 1195 1507 1198 1507
SAGSLOW 1201 1507 1198 1507
SAGSLOW 1197 1507 1198 1507
SAGSLOW 1199 1507 1198 1507
SAGSLOW 1197 1507 1198 1507
SAGSLOW 1196 1507 1198 1507
SAGSLOW 1198 1506 1198 1507
SAGSLOW 1197 1506 1198 1507
SAGSLOW 1199 1508 1198 1507
SAGSLOW 1198 1506 1198 1507
SAGSLOW 1200 1508 1198 1507
SAGSLOW 1202 1506 1198 1507
SAGSLOW 1195 1506 1198 1507
SAGSLOW 1198 1508 1198 1507
SAGSLOW 1197 1507 1198 1507
SAGSLOW 1196 1507 1198 1507
SAGSLOW 1196 1507 1198 1507
SAGSLOW 1195 1507 1198 1507
SAGSLOW 1193 1507 1198 1507
SAGSLOW 1200 1507 1198 1507
SAGSLOW 1199 1507 1198 1507
SAGSLOW 1201 1507 1198 1507
SAGSLOW 1201 1506 1198 1507
SAGSLOW 1197 1507 1198 1507
SAGSLOW 1202 1507 1198 1507
SAGSLOW 1194 1506 1198 1507
SAGSLOW 1199 1506 1198 1507
SAGSLOW 1198 1508 1198 1507
SAGSLOW 1198 1507 1198 1507
SAGSLOW 1197 1507 1198 1507
SAGSLOW 1193 1507 1198 1507
SAGSLOW 1200 1507 1198 1507
SAGSLOW 1195 1506 1198 1507
SAGSLOW 1198 1507 1198 1507
SAGSLOW 1198 1507 1198 1507
SAGSLOW 1199 1506 1198 1507
SAGSLOW 1203 1507 1198 1507
SAGSLOW 1199 1508 1198 1507
SAGSLOW 1199 1506 1198 1507
SAGSLOW 1204 1507 1198 1507
SAGSLOW 1196 1506 1198 1507
SAGSLOW 1197 1506 1198 1507
SAGSLOW 1199 1506 1198 1507
SAGSLOW 1200 1508 1198 1507
SAGSLOW 1192 1507 1198 1507
SAGSLOW 1197 1507 1198 1507
SAGSLOW 1194 1507 1198 1507
SAGSLOW 1200 1507 1198 1507
SAGSLOW 1198 1507 1198 1507
SAGSLOW 1193 1506 1198 1507
SAGSLOW 1205 1506 1198 1507
SAGSLOW 1201 1506 1198 1507
SAGSLOW 1196 1507 1198 1507
SAGSLOW 1200 1507 1198 1507
SAGSLOW 1197 1507 1198 1507
SAGSLOW 1192 1507 1198 1507
SAGSLOW 1202 1506 1198 1507
SAGSLOW 1193 1506 1198 1507
SAGSLOW 1197 1507 1198 1507
SAGSLOW 1198 1506 1198 1507
SAGSLOW 1196 1507 1198 1507
SAGSLOW 1201 1507 1198 1507
SAGSLOW 1200 1507 1198 1507
SAGSLOW 1196 1507 1198 1507
SAGSLOW 1198 1507 1198 1507
SAGSLOW 1198 1507 1198 1507
SAGSLOW 1198 1507 1198 1507
SAGSLOW 1200 1507 1198 1507
SAGSLOW 1193 1508 1198 1507
SAGSLOW 1192 1507 1198 1507
SAGSLOW 1195 1508 1198 1507
SAGSLOW 1200 1507 1198 1507
SAGSLOW 1200 1507 1198 1507
SAGSLOW 1202 1507 1198 1507
SAGSLOW 1196 1506 1198 1507
SAGSLOW 1193 1507 1198 1507
SAGSLOW 1200 1508 1198 1507
SAGSLOW 1203 1508 1198 1507
SAGSLOW 1200 1507 1198 1507
SAGSLOW 1197 1507 1198 1507
SAGSLOW 1200 1506 1198 1507
SAGSLOW 1198 1507 1198 1507
SAGSLOW 1193 1507 1198 1507
SAGSLOW 1197 1508 1198 1507
SAGSLOW 1203 1507 1198 1507
SAGSLOW 1200 1507 1198 1507
SAGSLOW 1192 1507 1198 1507
SAGSLOW 1197 1507 1198 1507
SAGSLOW 1195 1507 1198 1507
SAGSLOW 1197 1507 1198 1507
SAGSLOW 1199 1507 1198 1507
SAGSLOW 1196 1507 1198 1507
SAGSLOW 1197 1507 1198 1507
SAGSLOW 1200 1507 1198 1507
SAGSLOW 1195 1507 1198 1507
SAGSLOW 1195 1506 1198 1507
SAGSLOW 1201 1507 1198 1507
SAGSLOW 1199 1507 1198 1507
SAGSLOW 1198 1507 1198 1507
SAGSLOW 1199 1507 1198 1507
SAGSLOW 1196 1507 1198 1507
SAGSLOW 1196 1508 1198 1507
SAGSLOW 1199 1507 1198 1507
SAGSLOW 1202 1507 1198 1507
SAGSLOW 1196 1506 1198 1507
SAGSLOW 1198 1507 1198 1507
SAGSLOW 1198 1506 1198 1507
SAGSLOW 1199 1506 1198 1507
SAGSLOW 1196 1507 1198 1507
SAGSLOW 1202 1507 1198 1507
SAGSLOW 1201 1507 1198 1507
SAGSLOW 1200 1507 1198 1507
SAGSLOW 1199 1508 1198 1507
SAGSLOW 1196 1507 1198 1507
SAGSLOW 1195 1506 1198 1507
SAGSLOW 1196 1508 1198 1507
SAGSLOW 1202 1507 1198 1507
SAGSLOW 1196 1508 1198 1507
SAGSLOW 1196 1507 1198 1507
SAGSLOW 1193 1507 1198 1507
SAGSLOW 1195 1507 1198 1507
SAGSLOW 1200 1507 1198 1507
SAGSLOW 1197 1507 1198 1507
SAGSLOW 1194 1506 1198 1507
SAGSLOW 1194 1506 1198 1507
SAGSLOW 1198 1507 1198 1507
SAGSLOW 1197 1507 1198 1507
SAGSLOW 1202 1507 1198 1507
SAGSLOW 1202 1507 1198 1507
SAGSLOW 1200 1505 1198 1507
SAGSLOW 1197 1506 1198 1507
SAGSLOW 1203 1507 1198 1507
SAGSLOW 1199 1507 1198 1507
SAGSLOW 1194 1507 1198 1507
SAGSLOW 1199 1507 1198 1507
SAGSLOW 1197 1508 1198 1507
SAGSLOW 1193 1507 1198 1507
SAGSLOW 1199 1507 1198 1507
SAGSLOW 1203 1506 1198 1507
SAGSLOW 1193 1507 1198 1507
SAGSLOW 1198 1507 1198 1507
SAGSLOW 1198 1507 1198 1507
SAGSLOW 1196 1507 1198 1507
SAGSLOW 1196 1507 1198 1507
SAGSLOW 1198 1507 1198 1507
SAGSLOW 1196 1506 1198 1507
SAGSLOW 1200 1506 1198 1507
SAGSLOW 1193 1507 1198 1507
SAGSLOW 1194 1507 1198 1507
SAGSLOW 1197 1507 1198 1507
SAGSLOW 1200 1507 1198 1507
SAGSLOW 1198 1507 1198 1507
SAGSLOW 1196 1507 1198 1507
SAGSLOW 1193 1507 1198 1507
SAGSLOW 1203 1507 1198 1507
SAGSLOW 1197 1507 1198 1507
SAGSLOW 1196 1507 1198 1507
SAGSLOW 1202 1507 1198 1507
SAGSLOW 1198 1507 1198 1507
SAGSLOW 1196 1506 1198 1507
SAGSLOW 1201 1507 1198 1507
SAGSLOW 1194 1507 1198 1507
SAGSLOW 1198 1507 1198 1507
SAGSLOW 1197 1507 1198 1507
SAGSLOW 1196 1508 1198 1507
SAGSLOW 1202 1508 1198 1507
SAGSLOW 1199 1507 1198 1507
SAGSLOW 1204 1508 1198 1507
SAGSLOW 1202 1508 1198 1507
SAGSLOW 1192 1507 1198 1507
SAGSLOW 1199 1507 1198 1507
SAGSLOW 1199 1507 1198 1507
SAGSLOW 1200 1507 1198 1507
SAGSLOW 1198 1507 1198 1507
SAGSLOW 1199 1508 1198 1507
SAGSLOW 1195 1507 1198 1507
SAGSLOW 1196 1507 1198 1507
SAGSLOW 1196 1507 1198 1507
SAGSLOW 1201 1507 1198 1507
SAGSLOW 1200 1508 1198 1507
SAGSLOW 1200 1507 1198 1507
SAGSLOW 1199 1507 1198 1507
SAGSLOW 1201 1508 1198 1507
SAGSLOW 1198 1507 1198 1507
SAGSLOW 1203 1508 1198 1507
SAGSLOW 1197 1506 1198 1507
SAGSLOW 1194 1506 1198 1507
SAGSLOW 1199 1507 1198 1507
SAGSLOW 1202 1507 1198 1507
SAGSLOW 1198 1506 1198 1507
SAGSLOW 1198 1507 1198 1507
SAGSLOW 1200 1506 1198 1507
SAGSLOW 1195 1506 1198 1507
SAGSLOW 1194 1507 1198 1507
SAGSLOW 1198 1507 1198 1507
SAGSLOW 1198 1506 1198 1507
SAGSLOW 1202 1507 1198 1507
SAGSLOW 1204 1507 1198 1507
SAGSLOW 1194 1507 1198 1507
SAGSLOW 1196 1507 1198 1507
SAGSLOW 1195 1506 1198 1507
SAGSLOW 1199 1507 1198 1507
SAGSLOW 1201 1507 1198 1507
SAGSLOW 1198 1507 1198 1507
SAGSLOW 1201 1507 1198 1507
SAGSLOW 1196 1507 1198 1507
SAGSLOW 1192 1508 1198 1507
SAGSLOW 1196 1507 1198 1507
SAGSLOW 1200 1508 1198 1507
SAGSLOW 1195 1507 1198 1507
SAGSLOW 1201 1507 1198 1507
SAGSLOW 1200 1507 1198 1507
SAGSLOW 1195 1506 1198 1507
SAGSLOW 1198 1506 1198 1507
SAGSLOW 1200 1508 1198 1507
SAGSLOW 1200 1507 1198 1507
SAGSLOW 1199 1507 1198 1507
SAGSLOW 1197 1506 1198 1507
SAGSLOW 1199 1507 1198 1507
SAGSLOW 1198 1506 1198 1507
SAGSLOW 1197 1507 1198 1507
SAGSLOW 1197 1506 1198 1507
SAGSLOW 1198 1507 1198 1507
SAGSLOW 1201 1507 1198 1507
SAGSLOW 1202 1507 1198 1507
SAGSLOW 1196 1507 1198 1507
SAGSLOW 1199 1507 1198 1507
SAGSLOW 1198 1506 1198 1507
SAGSLOW 1197 1507 1198 1507
SAGSLOW 1198 1506 1198 1507
SAGSLOW 1196 1508 1198 1507
SAGSLOW 1194 1507 1198 1507
SAGSLOW 1198 1507 1198 1507
SAGSLOW 1201 1507 1198 1507
SAGSLOW 1198 1508 1198 1507
SAGSLOW 1205 1507 1198 1507
SAGSLOW 1196 1507 1198 1507
SAGSLOW 1201 1507 1198 1507
SAGSLOW 1193 1507 1198 1507
SAGSLOW 1194 1506 1198 1507
SAGSLOW 1198 1507 1198 1507
SAGSLOW 1193 1507 1198 1507
SAGSLOW 1200 1507 1198 1507
SAGSLOW 1199 1506 1198 1507
SAGSLOW 1197 1507 1198 1507
SAGSLOW 1195 1506 1198 1507
SAGSLOW 1198 1507 1198 1507
SAGSLOW 1197 1507 1198 1507
SAGSLOW 1199 1506 1198 1507
SAGSLOW 1198 1507 1198 1507
SAGSLOW 1195 1507 1198 1507
SAGSLOW 1196 1507 1198 1507
SAGSLOW 1206 1507 1198 1507
SAGSLOW 1200 1507 1198 1507
SAGSLOW 1197 1507 1198 1507
SAGSLOW 1197 1507 1198 1507
SAGSLOW 1198 1507 1198 1507
SAGSLOW 1197 1507 1198 1507
SAGSLOW 1199 1507 1198 1507
SAGSLOW 1199 1507 1198 1507
SAGSLOW 1198 1507 1198 1507
SAGSLOW 1199 1508 1198 1507
SAGSLOW 1199 1507 1198 1507
SAGSLOW 1202 1507 1198 1507
SAGSLOW 1199 1507 1198 1507
SAGSLOW 1195 1507 1198 1507
SAGSLOW 1194 1507 1198 1507
SAGSLOW 1200 1507 1198 1507
SAGSLOW 1197 1507 1198 1507
SAGSLOW 1200 1507 1198 1507
SAGSLOW 1199 1507 1198 1507
SAGSLOW 1196 1507 1198 1507
SAGSLOW 1197 1507 1198 1507
SAGSLOW 1197 1507 1198 1507
SAGSLOW 1199 1506 1198 1507
SAGSLOW 1200 1507 1198 1507
SAGSLOW 1200 1508 1198 1507
SAGSLOW 1199 1507 1198 1507
SAGSLOW 1204 1508 1198 1507
SAGSLOW 1197 1507 1198 1507
SAGSLOW 1197 1506 1198 1507
SAGSLOW 1197 1507 1198 1507
SAGSLOW 1200 1508 1198 1507
SAGSLOW 1198 1507 1198 1507
SAGSLOW 1196 1506 1198 1507
SAGSLOW 1199 1507 1198 1507
SAGSLOW 1200 1507 1198 1507
SAGSLOW 1195 1508 1198 1507
SAGSLOW 1195 1507 1198 1507
SAGSLOW 1198 1506 1198 1507
SAGSLOW 1202 1506 1198 1507
SAGSLOW 1197 1506 1198 1507
SAGSLOW 1199 1508 1198 1507
SAGSLOW 1190 1507 1198 1507
SAGSLOW 1192 1506 1198 1507
SAGSLOW 1194 1507 1198 1507
SAGSLOW 1196 1506 1197 1507
SAGSLOW 1194 1508 1197 1507
SAGSLOW 1201 1506 1197 1507
SAGSLOW 1205 1507 1197 1507
SAGSLOW 1197 1506 1197 1507
SAGSLOW 1200 1507 1197 1507
SAGSLOW 1198 1506 1197 1507
SAGSLOW 1199 1506 1197 1507
SAGSLOW 1199 1507 1197 1507
SAGSLOW 1196 1507 1197 1507
SAGSLOW 1198 1507 1197 1507
SAGSLOW 1199 1507 1197 1507
SAGSLOW 1198 1507 1197 1507
SAGSLOW 1198 1507 1198 1507
SAGSLOW 1201 1507 1198 1507
SAGSLOW 1195 1507 1198 1507
SAGSLOW 1199 1507 1198 1507
SAGSLOW 1201 1507 1198 1507
SAGSLOW 1199 1508 1198 1507
SAGSLOW 1192 1507 1198 1507
SAGSLOW 1200 1507 1198 1507
SAGSLOW 1195 1507 1198 1507
SAGSLOW 1193 1507 1198 1507
SAGSLOW 1195 1507 1198 1507
SAGSLOW 1197 1506 1198 1507
SAGSLOW 1197 1506 1198 1507
SAGSLOW 1197 1507 1198 1507
SAGSLOW 1197 1508 1198 1507
SAGSLOW 1200 1507 1198 1507
SAGSLOW 1200 1506 1198 1507
SAGSLOW 1196 1507 1198 1507
SAGSLOW 1202 1508 1198 1507
SAGSLOW 1197 1508 1198 1507
SAGSLOW 1194 1507 1198 1507
SAGSLOW 1198 1506 1198 1507
SAGSLOW 1195 1507 1197 1507
SAGSLOW 1196 1507 1197 1507
SAGSLOW 1205 1507 1197 1507
SAGSLOW 1198 1507 1197 1507
SAGSLOW 1202 1507 1197 1507
SAGSLOW 1193 1507 1197 1507
SAGSLOW 1198 1507 1197 1507
SAGSLOW 1198 1507 1197 1507
SAGSLOW 1202 1506 1197 1507
SAGSLOW 1197 1507 1197 1507
SAGSLOW 1194 1507 1197 1507
SAGSLOW 1195 1508 1197 1507
SAGSLOW 1194 1506 1197 1507
SAGSLOW 1197 1507 1197 1507
SAGSLOW 1198 1507 1197 1507
SAGSLOW 1197 1507 1198 1507
SAGSLOW 1202 1507 1198 1507
SAGSLOW 1200 1507 1198 1507
SAGSLOW 1198 1507 1198 1507
SAGSLOW 1194 1506 1198 1507
SAGSLOW 1197 1507 1198 1507
SAGSLOW 1201 1506 1198 1507
SAGSLOW 1196 1507 1198 1507
SAGSLOW 1203 1507 1198 1507
SAGSLOW 1195 1507 1198 1507
SAGSLOW 1202 1507 1198 1507
SAGSLOW 1196 1506 1198 1507
SAGSLOW 1198 1507 1197 1507
SAGSLOW 1195 1507 1198 1507
SAGSLOW 1197 1506 1197 1507
SAGSLOW 1200 1507 1197 1507
SAGSLOW 1195 1506 1197 1507
SAGSLOW 1194 1506 1197 1507
SAGSLOW 1196 1506 1197 1507
SAGSLOW 1197 1506 1197 1507
SAGSLOW 1202 1506 1197 1507
SAGSLOW 1196 1506 1197 1507
SAGSLOW 1200 1507 1197 1507
SAGSLOW 1194 1507 1197 1507
SAGSLOW 1195 1506 1197 1507
SAGSLOW 1199 1506 1197 1507
SAGSLOW 1201 1507 1197 1507
SAGSLOW 1197 1507 1197 1507
SAGSLOW 1196 1506 1197 1507
SAGSLOW 1195 1507 1197 1507
SAGSLOW 1197 1506 1197 1507
SAGSLOW 1202 1507 1197 1507
SAGSLOW 1198 1507 1197 1507
SAGSLOW 1200 1507 1197 1507
SAGSLOW 1196 1506 1197 1507
SAGSLOW 1199 1508 1197 1507
SAGSLOW 1198 1506 1197 1507
SAGSLOW 1196 1507 1197 1507
SAGSLOW 1194 1507 1197 1507
SAGSLOW 1194 1507 1197 1507
SAGSLOW 1198 1506 1197 1507
SAGSLOW 1197 1507 1197 1507
SAGSLOW 1197 1507 1197 1507
SAGSLOW 1203 1506 1197 1507
SAGSLOW 1196 1507 1197 1507
SAGSLOW 1194 1507 1197 1507
SAGSLOW 1196 1507 1197 1507
SAGSLOW 1195 1507 1197 1507
SAGSLOW 1199 1507 1197 1507
SAGSLOW 1194 1506 1197 1507
SAGSLOW 1202 1507 1197 1507
SAGSLOW 1197 1507 1197 1507
SAGSLOW 1197 1506 1197 1507
SAGSLOW 1196 1507 1197 1507
SAGSLOW 1197 1506 1197 1507
SAGSLOW 1198 1506 1197 1507
SAGSLOW 1200 1507 1197 1507
SAGSLOW 1204 1506 1197 1507
SAGSLOW 1198 1507 1197 1507
SAGSLOW 1198 1508 1197 1507
SAGSLOW 1196 1506 1197 1507
SAGSLOW 1197 1507 1197 1507
SAGSLOW 1201 1507 1197 1507
SAGSLOW 1201 1506 1197 1507
SAGSLOW 1199 1507 1197 1507
SAGSLOW 1200 1507 1197 1507
SAGSLOW 1201 1507 1197 1507
SAGSLOW 1199 1507 1197 1507
SAGSLOW 1199 1507 1197 1507
SAGSLOW 1196 1508 1197 1507
SAGSLOW 1198 1506 1197 1507
SAGSLOW 1193 1506 1197 1507
SAGSLOW 1198 1507 1197 1507
SAGSLOW 1192 1507 1197 1507
SAGSLOW 1193 1507 1198 1507
SAGEND
