# elf_crc32 63C0061D
# elf_sha256 828501C1596B3C1425F3D77CCE5AAEBDE343D25109FC0F7F0BACBA965B74D8D5
# started 2026-09-24T03:54:04
BEMFRUN handoff_ehz=200 target_duty_tenths=475 advance_level=22 total_ms=80000 inject=0
PREFLIGHT moe=0 ccr1=0 ccr2=0 ccr3=0 gates_low=1 en=0 nfault=1 verdict=PASS
POSTSTOP
PREFLIGHT moe=0 ccr1=0 ccr2=0 ccr3=0 gates_low=1 en=0 nfault=1 verdict=PASS
BEMFDONE reason=2 accepted=835608 forced=0 zc_acc=836763 too_early=2 unstable=1448168 ci_us=80 bus_ref=1217 bus_min=1096
BEMFSAG ref_bus=1217 ref_vref=1504 filt_bus=1197 filt_vref=1505 streak=0 tripped=0
BEMFGATE closed_ms=74776 hold_ms=55776 target_tenths=475 zc_per_s=11174 comm_per_s=11174 ehz_from_ci_last=2083 forced_pct=0
BEMFRATE hold_ms=55776 hold_accepted=690142 hold_forced=0 mean_ci_us=80 mean_sector_us=80 ehz_from_sector=2083 zc_per_s=12373 zc_expected_per_s=12500 zc_rate_permille_of_expected=989 hold_forced_pct=0
BEMFTAIL accepts=46672 span_us=3775174 start_before_stop_us=3775245 end_before_stop_us=71 window_us=2000000
BEMFRCOMP spent_max_us=11 late_arms=0 com_preempts=0 com_arm_preempts=0
BEMFSECTOR a1=65535 f1=0 a2=65535 f2=0 a3=65535 f3=0 a4=65535 f4=0 a5=65535 f5=0 a6=65535 f6=0
BEMFPHASE lt075=25285 to100=65535 to125=65535 to150=16599 gt150=2737
BEMFREVISIT r1=28497 v1=11161 r2=26579 v2=13443 r3=22360 v3=16490 r4=39629 v4=16179 r5=16268 v5=10893 r6=34480 v6=20735
BEMFDRIVEN entered=1 epochs=21 accepts=13 early=16 unstable=280 defers=2 retries=0 late_max_us=15 qual_intervals=12 qual_reanchors=0 qual_fault=0 fail=0 seeded=1 seed_step=3 seed_us=756 commanded_us=833 irq_peak_per_ms=50 closed_irq_peak_per_ms=62 storm=0 storm_step=0 cap_armed=1 comp_call_max_us=16 overrun=0 blank_arms=836762 blank_latched=0 com_count=836764 com_late_max_us=10
BEMFGUARD reason=0 ticks=786940 gap_max_us=109 track_fault=0 track_max_us=240 fast_events=827946 fast_min_us=40 loop_iters_closed=2407463 loop_gap_max_us=168 acquire_us=16800
BEMFDRVROWS 9:3:7702:927 10:4:652:631 11:5:839:739 12:6:658:580 13:1:761:500 14:2:640:317 15:3:785:253 16:4:615:39
BEMFDRVROWS 17:5:822:27 18:6:876:76 19:1:782:13 20:2:819:18 21:3:834:14
BEMFCURRENT blocks=7869 mean_residual=10023 mean_ma=1258 hold_blocks=5522 hold_ma=1583 zero_blocks=50 zero_start=617772 zero_end=616628 zero_drift_ma=-143 ref_ma=326 duty_tenths=475 ceiling_tenths=475 worst_residual=15340 worst_ma=1926
BEMFWITNESS samples=123121 bemf_min=0 bemf_max=0 mid=0 mid_fixed=0 alt=0 hyst_codes=12 driven_rotation=0
vsenc_min=0 vsenc_max=0 star_min=0 star_max=0 bus_ref=1217
BEMFCOAST reason=2 pp_first=0 pp_last=0 crossings=0 spun=1 comp_edges=1829 comp_hi=361229 comp_polls=551556
COASTTIMING trans=1345 offset_us=44 first_us=207 iv_us=244,240,243,240,247,239,247,239 ehz_first=2049
SAGSNAP judged=786918 fast_len=512 slow_len=1024 slow_every=32 frozen=1 num=95 den=100 streak_to_latch=3 adc_rail=4095
SAGROW 42410 1192 1504 1197 1505 0 1 475 59
SAGROW 42536 1193 1504 1197 1505 0 2 475 96
SAGROW 42640 1194 1504 1197 1505 0 4 475 44
SAGROW 42716 1195 1504 1197 1505 0 5 475 48
SAGROW 42825 1195 1504 1197 1505 0 6 475 77
SAGROW 42926 1196 1504 1197 1505 0 1 475 94
SAGROW 43028 1199 1504 1197 1505 0 2 475 114
SAGROW 43110 1199 1505 1197 1505 0 3 475 115
SAGROW 43214 1199 1504 1197 1505 0 5 475 136
SAGROW 43326 1200 1505 1197 1505 0 6 475 86
SAGROW 43432 1200 1504 1197 1505 0 2 475 39
SAGROW 43510 1200 1504 1197 1505 0 3 475 118
SAGROW 43637 1200 1505 1197 1505 0 4 475 80
SAGROW 43749 1200 1505 1197 1505 0 5 475 106
SAGROW 43850 1198 1505 1197 1505 0 6 475 127
SAGROW 43919 1198 1505 1197 1505 0 2 475 102
SAGROW 44023 1198 1506 1197 1505 0 3 475 63
SAGROW 44159 1199 1505 1197 1505 0 4 475 121
SAGROW 44244 1198 1506 1197 1505 0 6 475 39
SAGROW 44330 1199 1505 1197 1505 0 1 475 126
SAGROW 44429 1199 1505 1197 1505 0 2 475 60
SAGROW 44555 1199 1504 1197 1505 0 3 475 99
SAGROW 44645 1199 1504 1197 1505 0 5 475 42
SAGROW 44742 1198 1504 1197 1505 0 6 475 59
SAGROW 44838 1197 1503 1197 1505 0 1 475 68
SAGROW 44944 1196 1503 1197 1505 0 2 475 95
SAGROW 45052 1196 1503 1197 1505 0 3 475 120
SAGROW 45135 1198 1504 1197 1505 0 4 475 109
SAGROW 45240 1197 1504 1197 1505 0 6 475 64
SAGROW 45363 1198 1504 1197 1505 0 1 475 113
SAGROW 45453 1199 1505 1197 1505 0 3 475 41
SAGROW 45557 1199 1505 1197 1505 0 4 475 62
SAGROW 45671 1199 1505 1197 1505 0 5 475 93
SAGROW 45753 1198 1505 1197 1505 0 6 475 94
SAGROW 45851 1197 1505 1197 1505 0 2 475 42
SAGROW 45947 1196 1505 1197 1505 0 3 475 55
SAGROW 46053 1197 1505 1197 1505 0 4 475 80
SAGROW 46166 1196 1505 1197 1505 0 5 475 107
SAGROW 46266 1196 1505 1197 1505 0 6 475 127
SAGROW 46351 1196 1505 1197 1505 0 2 475 49
SAGROW 46475 1198 1505 1197 1505 0 3 475 99
SAGROW 46569 1203 1505 1197 1505 0 5 475 107
SAGROW 46661 1202 1505 1197 1505 0 6 475 39
SAGROW 46765 1202 1504 1197 1505 0 1 475 61
SAGROW 46883 1200 1505 1197 1505 0 2 475 80
SAGROW 46970 1198 1504 1197 1505 0 3 475 100
SAGROW 47063 1196 1504 1197 1505 0 5 475 116
SAGROW 47158 1197 1505 1197 1505 0 6 475 58
SAGROW 47289 1195 1505 1197 1505 0 1 475 105
SAGROW 47382 1191 1505 1197 1505 0 3 475 115
SAGROW 47470 1191 1504 1197 1505 0 4 475 121
SAGROW 47555 1190 1505 1197 1505 0 5 475 45
SAGROW 47678 1189 1505 1197 1505 0 6 475 87
SAGROW 47784 1192 1504 1197 1505 0 2 475 38
SAGROW 47862 1194 1505 1197 1505 0 3 475 116
SAGROW 47971 1194 1505 1197 1505 0 4 475 60
SAGROW 48071 1195 1505 1197 1505 0 5 475 78
SAGROW 48177 1193 1505 1197 1505 0 6 475 101
SAGROW 48277 1195 1505 1197 1505 0 2 475 39
SAGROW 48366 1197 1505 1197 1505 0 3 475 59
SAGROW 48507 1198 1505 1197 1505 0 4 475 117
SAGROW 48587 1199 1505 1197 1505 0 6 475 114
SAGROW 48670 1198 1504 1197 1505 0 6 475 114
SAGROW 48772 1199 1504 1197 1505 0 2 475 53
SAGROW 48867 1198 1504 1197 1505 0 3 475 74
SAGROW 48995 1199 1504 1197 1505 0 5 475 39
SAGROW 49067 1199 1504 1197 1505 0 5 475 111
SAGROW 49196 1198 1504 1197 1505 0 1 475 77
SAGROW 49269 1199 1504 1197 1505 0 2 475 67
SAGROW 49392 1198 1504 1197 1505 0 3 475 104
SAGROW 49485 1199 1505 1197 1505 0 5 475 49
SAGROW 49596 1198 1505 1197 1505 0 6 475 79
SAGROW 49705 1198 1504 1197 1505 0 1 475 104
SAGROW 49806 1199 1504 1197 1505 0 3 475 126
SAGROW 49904 1199 1504 1197 1505 0 4 475 46
SAGROW 49981 1200 1504 1197 1505 0 5 475 56
SAGROW 50107 1200 1504 1197 1505 0 6 475 101
SAGROW 50197 1200 1504 1197 1505 0 1 475 117
SAGROW 50288 1198 1504 1197 1505 0 3 475 44
SAGROW 50438 1198 1504 1197 1505 0 4 475 111
SAGROW 50517 1199 1505 1197 1505 0 5 475 91
SAGROW 50591 1199 1505 1197 1505 0 6 475 86
SAGROW 50697 1199 1506 1197 1505 0 2 475 57
SAGROW 50790 1198 1506 1197 1505 0 3 475 66
SAGROW 50925 1197 1505 1197 1505 0 4 475 120
SAGROW 51000 1197 1505 1197 1505 0 5 475 110
SAGROW 51106 1199 1505 1197 1505 0 1 475 56
SAGROW 51202 1198 1505 1197 1505 0 2 475 80
SAGROW 51308 1198 1505 1197 1505 0 3 475 101
SAGROW 51402 1198 1505 1197 1505 0 5 475 118
SAGROW 51495 1199 1505 1197 1505 0 6 475 42
SAGROW 51638 1199 1505 1197 1505 0 1 475 95
SAGROW 51720 1199 1506 1197 1505 0 2 475 105
SAGROW 51821 1198 1506 1197 1505 0 4 475 125
SAGROW 51902 1198 1506 1197 1505 0 5 475 53
SAGROW 51999 1199 1506 1197 1505 0 6 475 67
SAGROW 52127 1201 1506 1197 1505 0 1 475 112
SAGROW 52207 1201 1506 1197 1505 0 2 475 111
SAGROW 52314 1200 1506 1197 1505 0 4 475 56
SAGROW 52400 1200 1506 1197 1505 0 5 475 69
SAGROW 52527 1200 1505 1197 1505 0 6 475 115
SAGROW 52620 1200 1505 1197 1505 0 2 475 42
SAGROW 52714 1199 1505 1197 1505 0 3 475 56
SAGROW 52834 1201 1504 1197 1505 0 4 475 93
SAGROW 52939 1199 1504 1197 1505 0 6 475 37
SAGROW 53022 1198 1504 1197 1505 0 1 475 117
SAGROW 53114 1199 1504 1197 1505 0 2 475 58
SAGROW 53234 1201 1504 1197 1505 0 3 475 94
SAGROW 53343 1200 1505 1197 1505 0 4 475 121
SAGROW 53418 1200 1505 1197 1505 0 5 475 114
SAGROW 53527 1200 1505 1197 1505 0 1 475 60
SAGROW 53640 1199 1505 1197 1505 0 2 475 96
SAGROW 53728 1199 1505 1197 1505 0 3 475 109
SAGROW 53822 1197 1505 1197 1505 0 5 475 122
SAGROW 53929 1195 1505 1197 1505 0 6 475 60
SAGROW 54044 1194 1505 1197 1505 0 1 475 95
SAGROW 54142 1196 1504 1197 1505 0 3 475 38
SAGROW 54246 1196 1504 1197 1505 0 4 475 55
SAGROW 54340 1196 1505 1197 1505 0 5 475 74
SAGROW 54452 1197 1504 1197 1505 0 6 475 97
SAGROW 54548 1199 1504 1197 1505 0 1 475 117
SAGROW 54644 1199 1504 1197 1505 0 3 475 46
SAGROW 54741 1200 1504 1197 1505 0 4 475 65
SAGROW 54856 1200 1505 1197 1505 0 5 475 108
SAGROW 54962 1198 1505 1197 1505 0 1 475 51
SAGROW 55035 1197 1504 1197 1505 0 1 475 123
SAGROW 55135 1198 1505 1197 1505 0 3 475 60
SAGROW 55260 1196 1505 1197 1505 0 4 475 104
SAGROW 55337 1196 1505 1197 1505 0 5 475 109
SAGROW 55445 1197 1505 1197 1505 0 1 475 52
SAGROW 55553 1197 1505 1197 1505 0 2 475 79
SAGROW 55660 1198 1505 1197 1505 0 3 475 101
SAGROW 55755 1199 1505 1197 1505 0 5 475 118
SAGROW 55837 1196 1505 1197 1505 0 6 475 117
SAGROW 55973 1196 1505 1197 1505 0 1 475 92
SAGROW 56067 1197 1505 1197 1505 0 2 475 114
SAGROW 56157 1196 1504 1197 1505 0 4 475 122
SAGROW 56242 1195 1504 1197 1505 0 5 475 41
SAGROW 56370 1195 1504 1197 1505 0 6 475 86
SAGROW 56481 1190 1504 1197 1505 0 2 475 36
SAGROW 56560 1190 1504 1197 1505 0 3 475 115
SAGROW 56650 1190 1504 1197 1505 0 4 475 124
SAGROW 56751 1191 1504 1197 1505 0 5 475 70
SAGROW 56893 1192 1504 1197 1505 0 1 475 129
SAGROW 56963 1193 1505 1197 1505 0 1 475 111
SAGROW 57057 1192 1505 1197 1505 0 3 475 51
SAGROW 57175 1193 1505 1197 1505 0 4 475 73
SAGROW 57271 1196 1505 1197 1505 0 5 475 108
SAGROW 57359 1196 1505 1197 1505 0 6 475 115
SAGROW 57466 1200 1505 1197 1505 0 2 475 58
SAGROW 57567 1200 1505 1197 1505 0 3 475 55
SAGROW 57681 1198 1505 1197 1505 0 4 475 108
SAGROW 57758 1198 1504 1197 1505 0 6 475 115
SAGROW 57866 1198 1504 1197 1505 0 1 475 59
SAGROW 57986 1199 1504 1197 1505 0 2 475 97
SAGROW 58082 1198 1504 1197 1505 0 3 475 111
SAGROW 58178 1199 1504 1197 1505 0 5 475 45
SAGROW 58258 1196 1504 1197 1505 0 6 475 44
SAGROW 58389 1196 1504 1197 1505 0 1 475 93
SAGROW 58483 1203 1504 1197 1505 0 3 475 115
SAGROW 58591 1203 1504 1197 1505 0 4 475 58
SAGROW 58666 1202 1504 1197 1505 0 5 475 50
SAGROW 58804 1201 1505 1197 1505 0 6 475 106
SAGROW 58893 1202 1505 1197 1505 0 2 475 115
SAGROW 58976 1201 1505 1197 1505 0 3 475 116
SAGROW 59088 1200 1505 1197 1505 0 4 475 71
SAGROW 59175 1203 1505 1197 1505 0 5 475 79
SAGROW 59313 1194 1504 1197 1505 0 1 475 53
SAGROW 59385 1193 1504 1197 1505 0 2 475 44
SAGROW 59480 1194 1504 1197 1505 0 3 475 65
SAGROW 59607 1195 1503 1197 1505 0 4 475 101
SAGROW 59697 1193 1504 1197 1505 0 6 475 39
SAGROW 59784 1193 1504 1197 1505 0 1 475 125
SAGROW 59893 1194 1504 1197 1505 0 2 475 69
SAGROW 60017 1192 1504 1197 1505 0 3 475 106
SAGROW 60091 1194 1504 1197 1505 0 5 475 105
SAGROW 60184 1197 1504 1197 1505 0 6 475 45
SAGROW 60296 1197 1505 1197 1505 0 1 475 71
SAGROW 60408 1197 1505 1197 1505 0 2 475 104
SAGROW 60515 1192 1505 1197 1505 0 3 475 129
SAGROW 60597 1195 1505 1197 1505 0 5 475 47
SAGROW 60685 1195 1505 1197 1505 0 6 475 54
SAGROW 60814 1197 1505 1197 1505 0 1 475 110
SAGROW 60898 1195 1506 1197 1505 0 3 475 114
SAGROW 61007 1194 1505 1197 1505 0 4 475 58
SAGROW 61108 1193 1505 1197 1505 0 5 475 56
SAGROW 61214 1193 1504 1197 1505 0 6 475 101
SAGROW 61317 1199 1504 1197 1505 0 2 475 48
SAGROW 61392 1198 1505 1197 1505 0 3 475 46
SAGROW 61534 1198 1504 1197 1505 0 4 475 99
SAGROW 61630 1198 1504 1197 1505 0 6 475 37
SAGROW 61709 1198 1504 1197 1505 0 6 475 116
SAGROW 61799 1198 1505 1197 1505 0 2 475 44
SAGROW 61913 1200 1504 1197 1505 0 3 475 84
SAGROW 62027 1200 1505 1197 1505 0 4 475 109
SAGROW 62110 1200 1505 1197 1505 0 6 475 118
SAGROW 62218 1201 1505 1197 1505 0 1 475 60
SAGROW 62331 1201 1505 1197 1505 0 2 475 92
SAGROW 62449 1200 1505 1197 1505 0 4 475 46
SAGROW 62513 1201 1505 1197 1505 0 4 475 112
SAGROW 62614 1200 1504 1197 1505 0 6 475 59
SAGROW 62744 1200 1505 1197 1505 0 1 475 108
SAGROW 62845 1199 1505 1197 1505 0 2 475 126
SAGROW 62911 1200 1505 1197 1505 0 3 475 99
SAGROW 63018 1200 1505 1197 1505 0 5 475 63
SAGROW 63146 1197 1505 1197 1505 0 6 475 113
SAGROW 63236 1197 1505 1197 1505 0 1 475 117
SAGROW 63327 1196 1505 1197 1505 0 3 475 44
SAGROW 63431 1197 1505 1197 1505 0 4 475 66
SAGROW 63546 1195 1505 1197 1505 0 6 475 89
SAGROW 63628 1195 1505 1197 1505 0 6 475 114
SAGROW 63735 1195 1504 1197 1505 0 2 475 56
SAGROW 63828 1193 1504 1197 1505 0 3 475 60
SAGROW 63960 1194 1504 1197 1505 0 4 475 103
SAGROW 64049 1196 1505 1197 1505 0 6 475 42
SAGROW 64133 1196 1504 1197 1505 0 1 475 54
SAGROW 64252 1199 1504 1197 1505 0 2 475 81
SAGROW 64348 1199 1504 1197 1505 0 3 475 108
SAGROW 64441 1199 1504 1197 1505 0 5 475 118
SAGROW 64524 1197 1504 1197 1505 0 6 475 117
SAGROW 64674 1198 1504 1197 1505 0 1 475 82
SAGROW 64748 1198 1504 1197 1505 0 2 475 97
SAGROW 64844 1197 1504 1197 1505 0 4 475 118
SAGROW 64929 1198 1504 1197 1505 0 5 475 42
SAGROW 65031 1195 1505 1197 1505 0 6 475 60
SAGROW 65166 1196 1505 1197 1505 0 1 475 113
SAGROW 65254 1196 1505 1197 1505 0 2 475 120
SAGROW 65361 1196 1505 1197 1505 0 4 475 65
SAGROW 65447 1197 1505 1197 1505 0 5 475 78
SAGROW 23 1199 1504 1197 1505 0 6 475 107
SAGROW 112 1201 1505 1197 1505 0 2 475 113
SAGROW 213 1201 1505 1197 1505 0 3 475 52
SAGROW 340 1201 1505 1197 1505 0 4 475 98
SAGROW 423 1201 1505 1197 1505 0 5 475 108
SAGROW 511 1201 1505 1197 1505 0 6 475 117
SAGROW 617 1200 1505 1197 1505 0 2 475 59
SAGROW 709 1200 1505 1197 1505 0 3 475 68
SAGROW 852 1199 1505 1197 1505 0 4 475 128
SAGROW 921 1196 1505 1197 1505 0 6 475 92
SAGROW 1023 1196 1505 1197 1505 0 1 475 62
SAGROW 1117 1196 1505 1197 1505 0 2 475 79
SAGROW 1250 1197 1505 1197 1505 0 4 475 45
SAGROW 1328 1197 1505 1197 1505 0 5 475 43
SAGROW 1418 1198 1505 1197 1505 0 6 475 134
SAGROW 1542 1199 1505 1197 1505 0 1 475 96
SAGROW 1639 1198 1505 1197 1505 0 3 475 39
SAGROW 1743 1199 1505 1197 1505 0 4 475 61
SAGROW 1817 1199 1505 1197 1505 0 5 475 51
SAGROW 1916 1200 1505 1197 1505 0 6 475 67
SAGROW 2045 1201 1504 1197 1505 0 1 475 103
SAGROW 2134 1202 1504 1197 1505 0 3 475 122
SAGROW 2241 1199 1504 1197 1505 0 4 475 69
SAGROW 2327 1199 1505 1197 1505 0 5 475 80
SAGROW 2459 1200 1504 1197 1505 0 1 475 49
SAGROW 2538 1201 1504 1197 1505 0 2 475 44
SAGROW 2624 1202 1504 1197 1505 0 3 475 44
SAGROW 2765 1202 1505 1197 1505 0 4 475 110
SAGROW 2842 1201 1505 1197 1505 0 6 475 113
SAGROW 2944 1200 1505 1197 1505 0 1 475 53
SAGROW 3053 1202 1505 1197 1505 0 2 475 79
SAGROW 3164 1202 1505 1197 1505 0 3 475 106
SAGROW 3249 1200 1505 1197 1505 0 4 475 98
SAGROW 3345 1197 1504 1197 1505 0 6 475 55
SAGROW 3439 1197 1504 1197 1505 0 1 475 65
SAGROW 3566 1198 1504 1197 1505 0 2 475 111
SAGROW 3667 1197 1504 1197 1505 0 4 475 49
SAGROW 3749 1197 1504 1197 1505 0 5 475 131
SAGROW 3839 1197 1505 1197 1505 0 6 475 41
SAGROW 3965 1197 1505 1197 1505 0 1 475 109
SAGROW 4056 1197 1505 1197 1505 0 3 475 40
SAGROW 4159 1198 1505 1197 1505 0 4 475 62
SAGROW 4259 1197 1505 1197 1505 0 5 475 78
SAGROW 4372 1195 1505 1197 1505 0 6 475 108
SAGROW 4459 1195 1505 1197 1505 0 2 475 44
SAGROW 4551 1194 1505 1197 1505 0 3 475 56
SAGROW 4657 1194 1505 1197 1505 0 4 475 80
SAGROW 4743 1195 1505 1197 1505 0 5 475 81
SAGROW 4878 1196 1504 1197 1505 0 1 475 133
SAGROW 4959 1195 1504 1197 1505 0 2 475 52
SAGROW 5092 1194 1505 1197 1505 0 3 475 105
SAGROW 5182 1195 1505 1197 1505 0 5 475 39
SAGROW 5273 1194 1504 1197 1505 0 6 475 48
SAGROW 5361 1194 1505 1197 1505 0 1 475 53
SAGROW 5489 1194 1504 1197 1505 0 2 475 99
SAGROW 5603 1194 1504 1197 1505 0 4 475 50
SAGROW 5659 1194 1504 1197 1505 0 5 475 106
SAGROW 5765 1195 1504 1197 1505 0 6 475 62
SAGROW 5863 1196 1504 1197 1505 0 1 475 74
SAGROW 5991 1198 1504 1197 1505 0 3 475 38
SAGROW 6076 1202 1504 1197 1505 0 4 475 124
SAGROW 6164 1201 1505 1197 1505 0 5 475 51
SAGROW 6290 1201 1505 1197 1505 0 6 475 87
SAGROW 6388 1199 1505 1197 1505 0 2 475 39
SAGROW 6466 1198 1505 1197 1505 0 3 475 117
SAGROW 6593 1199 1505 1197 1505 0 4 475 79
SAGROW 6705 1200 1505 1197 1505 0 5 475 107
SAGROW 6780 1200 1505 1197 1505 0 6 475 101
SAGROW 6886 1196 1505 1197 1505 0 2 475 58
SAGROW 6981 1197 1505 1197 1505 0 3 475 70
SAGROW 7101 1198 1505 1197 1505 0 4 475 108
SAGROW 7189 1199 1505 1197 1505 0 5 475 112
SAGROW 7297 1199 1505 1197 1505 0 1 475 137
SAGROW 7384 1199 1505 1197 1505 0 2 475 63
SAGROW 7495 1197 1505 1197 1505 0 3 475 86
SAGROW 7590 1197 1505 1197 1505 0 5 475 108
SAGROW 7683 1196 1505 1197 1505 0 6 475 42
SAGROW 7787 1197 1505 1197 1505 0 1 475 64
SAGROW 7904 1196 1504 1197 1505 0 2 475 99
SAGROW 8007 1197 1504 1197 1505 0 4 475 115
SAGROW 8088 1195 1504 1197 1505 0 5 475 47
SAGROW 8201 1196 1504 1197 1505 0 6 475 79
SAGROW 8310 1196 1504 1197 1505 0 1 475 103
SAGROW 8406 1196 1504 1197 1505 0 3 475 39
SAGROW 8492 1197 1504 1197 1505 0 4 475 124
SAGROW 8587 1195 1505 1197 1505 0 5 475 66
SAGROW 8714 1197 1505 1197 1505 0 6 475 114
SAGROW 8804 1196 1505 1197 1505 0 1 475 119
SAGROW 8897 1199 1505 1197 1505 0 3 475 46
SAGROW 9025 1198 1505 1197 1505 0 4 475 94
SAGROW 9104 1198 1505 1197 1505 0 5 475 70
SAGROW 9203 1197 1505 1197 1505 0 6 475 112
SAGROW 9304 1197 1505 1197 1505 0 2 475 59
SAGROW 9399 1198 1505 1197 1505 0 3 475 71
SAGROW 9532 1199 1505 1197 1505 0 4 475 122
SAGROW 9606 1200 1505 1197 1505 0 5 475 113
SAGROW 9714 1198 1505 1197 1505 0 1 475 59
SAGROW 9815 1196 1505 1197 1505 0 2 475 77
SAGROW 9915 1196 1504 1197 1505 0 3 475 96
SAGROW 10010 1197 1504 1197 1505 0 5 475 121
SAGROW 10102 1201 1504 1197 1505 0 6 475 46
SAGROW 10246 1202 1503 1197 1505 0 1 475 107
SAGROW 10326 1202 1503 1197 1505 0 2 475 107
SAGROW 10432 1200 1503 1197 1505 0 4 475 49
SAGROW 10507 1201 1503 1197 1505 0 5 475 51
SAGROW 10619 1203 1504 1197 1505 0 6 475 83
SAGROW 10738 1203 1504 1197 1505 0 2 475 37
SAGROW 10815 1203 1504 1197 1505 0 2 475 115
SAGROW 10917 1199 1504 1197 1505 0 4 475 53
SAGROW 11039 1198 1504 1197 1505 0 5 475 103
SAGROW 11142 1197 1504 1197 1505 0 1 475 126
SAGROW 11220 1197 1504 1197 1505 0 1 475 118
SAGROW 11313 1196 1504 1197 1505 0 3 475 46
SAGROW 11442 1196 1504 1197 1505 0 4 475 94
SAGROW 11544 1196 1504 1197 1505 0 6 475 37
SAGROW 11627 1196 1504 1197 1505 0 1 475 117
SAGROW 11739 1196 1504 1197 1505 0 2 475 79
SAGROW 11839 1197 1504 1197 1505 0 3 475 94
SAGROW 11947 1198 1504 1197 1505 0 4 475 122
SAGROW 12022 1200 1504 1197 1505 0 5 475 114
SAGROW 12131 1202 1503 1197 1505 0 1 475 59
SAGROW 12231 1202 1503 1197 1505 0 2 475 78
SAGROW 12363 1202 1504 1197 1505 0 4 475 48
SAGROW 12437 1203 1503 1197 1505 0 5 475 49
SAGROW 12532 1202 1504 1197 1505 0 6 475 59
SAGROW 12671 1201 1504 1197 1505 0 1 475 117
SAGROW 12752 1200 1504 1197 1505 0 2 475 116
SAGROW 12839 1199 1504 1197 1505 0 4 475 116
SAGROW 12940 1197 1504 1197 1505 0 5 475 72
SAGROW 13033 1196 1504 1197 1505 0 6 475 81
SAGROW 13155 1195 1504 1197 1505 0 2 475 38
SAGROW 13254 1195 1505 1197 1505 0 3 475 137
SAGROW 13348 1196 1505 1197 1505 0 4 475 54
SAGROW 13455 1197 1505 1197 1505 0 5 475 95
SAGROW 13557 1197 1505 1197 1505 0 1 475 125
SAGROW 13646 1198 1505 1197 1505 0 2 475 48
SAGROW 13738 1197 1505 1197 1505 0 3 475 58
SAGROW 13878 1199 1505 1197 1505 0 4 475 115
SAGROW 13941 1199 1505 1197 1505 0 5 475 99
SAGROW 14049 1198 1505 1197 1505 0 1 475 51
SAGROW 14157 1198 1505 1197 1505 0 2 475 79
SAGROW 14264 1198 1505 1197 1505 0 3 475 101
SAGROW 14358 1197 1505 1197 1505 0 5 475 116
SAGROW 14441 1197 1505 1197 1505 0 6 475 115
SAGROW 14582 1197 1505 1197 1505 0 1 475 94
SAGROW 14663 1195 1504 1197 1505 0 2 475 94
SAGROW 14753 1197 1504 1197 1505 0 3 475 102
SAGROW 14854 1197 1504 1197 1505 0 5 475 49
SAGROW 14968 1197 1504 1197 1505 0 6 475 79
SAGROW 15083 1195 1504 1197 1505 0 1 475 109
SAGROW 15171 1195 1504 1197 1505 0 2 475 120
SAGROW 15279 1194 1504 1197 1505 0 4 475 64
SAGROW 15365 1196 1504 1197 1505 0 5 475 78
SAGROW 15478 1197 1504 1197 1505 0 6 475 107
SAGROW 15576 1198 1505 1197 1505 0 2 475 42
SAGROW 15655 1198 1505 1197 1505 0 3 475 121
SAGROW 15807 1199 1504 1197 1505 0 4 475 109
SAGROW 15876 1201 1504 1197 1505 0 5 475 98
SAGROW 15977 1201 1504 1197 1505 0 1 475 129
SAGROW 16067 1202 1505 1197 1505 0 2 475 53
SAGROW 16173 1201 1505 1197 1505 0 3 475 76
SAGROW 16278 1202 1505 1197 1505 0 4 475 99
SAGROW 16380 1200 1505 1197 1505 0 6 475 40
SAGROW 16484 1199 1505 1197 1505 0 1 475 61
SAGROW 16588 1197 1506 1197 1505 0 2 475 95
SAGROW 16684 1197 1505 1197 1505 0 3 475 109
SAGROW 16779 1198 1505 1197 1505 0 5 475 122
SAGROW 16872 1198 1505 1197 1505 0 6 475 48
SAGROW 16983 1197 1505 1197 1505 0 1 475 63
SAGROW 17096 1196 1505 1197 1505 0 2 475 108
SAGROW 17203 1196 1505 1197 1505 0 4 475 52
SAGROW 17278 1197 1505 1197 1505 0 5 475 54
SAGROW 17409 1197 1505 1197 1505 0 6 475 105
SAGROW 17500 1198 1505 1197 1505 0 1 475 113
SAGROW 17580 1198 1505 1197 1505 0 2 475 110
SAGROW 17687 1197 1505 1197 1505 0 4 475 54
SAGROW 17775 1197 1505 1197 1505 0 5 475 68
SAGROW 17909 1197 1505 1197 1505 0 1 475 124
SAGROW 17998 1197 1504 1197 1505 0 2 475 45
SAGROW 18091 1196 1504 1197 1505 0 3 475 57
SAGROW 18202 1197 1504 1197 1505 0 4 475 86
SAGROW 18309 1196 1504 1197 1505 0 6 475 92
SAGROW 18396 1195 1504 1197 1505 0 1 475 117
SAGROW 18508 1195 1504 1197 1505 0 2 475 78
SAGROW 18607 1196 1504 1197 1505 0 3 475 93
SAGROW 18716 1196 1504 1197 1505 0 4 475 121
SAGROW 18790 1197 1504 1197 1505 0 5 475 113
SAGROW 18900 1198 1504 1197 1505 0 1 475 59
SAGROW 19012 1198 1504 1197 1505 0 2 475 95
SAGROW 19133 1197 1504 1197 1505 0 4 475 59
SAGROW 19196 1198 1504 1197 1505 0 4 475 123
SAGROW 19303 1197 1505 1197 1505 0 6 475 60
SAGROW 19417 1198 1505 1197 1505 0 1 475 94
SAGROW 19505 1197 1505 1197 1505 0 2 475 101
SAGROW 19617 1198 1505 1197 1505 0 4 475 51
SAGROW 19711 1198 1505 1197 1505 0 5 475 70
SAGROW 19804 1195 1505 1197 1505 0 6 475 82
SAGROW 19918 1196 1505 1197 1505 0 2 475 109
SAGROW 20021 1196 1505 1197 1505 0 3 475 135
SAGROW 20115 1197 1505 1197 1505 0 4 475 67
SAGROW 20230 1196 1504 1197 1505 0 5 475 108
SAGROW 20338 1197 1504 1197 1505 0 1 475 52
SAGROW 20403 1195 1504 1197 1505 0 2 475 117
SAGROW 20504 1195 1504 1197 1505 0 3 475 54
SAGROW 20644 1197 1504 1197 1505 0 4 475 115
SAGROW 20723 1198 1504 1197 1505 0 6 475 43
SAGROW 20821 1198 1504 1197 1505 0 1 475 55
SAGROW 20940 1197 1504 1197 1505 0 2 475 81
SAGROW 21036 1197 1504 1197 1505 0 3 475 107
SAGROW 21133 1197 1504 1197 1505 0 5 475 39
SAGROW 21211 1199 1505 1197 1505 0 6 475 117
SAGROW 21354 1199 1505 1197 1505 0 1 475 98
SAGROW 21434 1199 1505 1197 1505 0 2 475 108
SAGROW 21522 1198 1505 1197 1505 0 3 475 115
SAGROW 21621 1196 1505 1197 1505 0 5 475 47
SAGROW 21726 1194 1505 1197 1505 0 6 475 68
SAGROW 21859 1194 1505 1197 1505 0 2 475 40
SAGROW 21923 1192 1505 1197 1505 0 2 475 104
SAGROW 22036 1192 1505 1197 1505 0 4 475 54
SAGROW 22128 1192 1505 1197 1505 0 5 475 74
SAGROW 22266 1192 1505 1197 1505 0 1 475 48
SAGROW 22336 1191 1504 1197 1505 0 2 475 118
SAGROW 22425 1193 1505 1197 1505 0 3 475 122
SAGROW 22549 1194 1505 1197 1505 0 4 475 84
SAGROW 22655 1196 1505 1197 1505 0 6 475 38
SAGROW 22733 1196 1505 1197 1505 0 6 475 116
SAGROW 22840 1195 1506 1197 1505 0 2 475 59
SAGROW 22934 1196 1506 1197 1505 0 3 475 71
SAGROW 23055 1196 1506 1197 1505 0 4 475 109
SAGROW 23132 1195 1506 1197 1505 0 6 475 114
SAGROW 23240 1196 1506 1197 1505 0 1 475 59
SAGROW 23358 1198 1506 1197 1505 0 2 475 97
SAGROW 23454 1197 1505 1197 1505 0 3 475 110
SAGROW 23550 1198 1505 1197 1505 0 5 475 44
SAGROW 23650 1200 1505 1197 1505 0 6 475 57
SAGROW 23772 1200 1505 1197 1505 0 1 475 110
SAGROW 23854 1199 1506 1197 1505 0 2 475 113
SAGROW 23937 1198 1505 1197 1505 0 3 475 113
SAGROW 24053 1197 1505 1197 1505 0 5 475 64
SAGROW 24176 1196 1505 1197 1505 0 6 475 106
SAGROW 24261 1196 1505 1197 1505 0 2 475 40
SAGROW 24358 1196 1505 1197 1505 0 3 475 54
SAGROW 24464 1197 1505 1197 1505 0 4 475 79
SAGROW 24563 1197 1505 1197 1505 0 5 475 81
SAGROW 24662 1197 1505 1197 1505 0 6 475 111
SAGROW 24750 1198 1504 1197 1505 0 2 475 118
SAGROW 24855 1199 1504 1197 1505 0 3 475 67
SAGROW 24981 1199 1504 1197 1505 0 5 475 106
SAGROW 25073 1199 1504 1197 1505 0 6 475 41
SAGROW 25160 1197 1504 1197 1505 0 1 475 129
SAGROW 25259 1195 1504 1197 1505 0 2 475 63
SAGROW 25382 1194 1505 1197 1505 0 3 475 100
SAGROW 25473 1196 1505 1197 1505 0 5 475 41
SAGROW 25555 1196 1505 1197 1505 0 6 475 44
SAGROW 25668 1197 1505 1197 1505 0 1 475 72
SAGROW 25801 1198 1505 1197 1505 0 3 475 125
SAGROW 25869 1197 1505 1197 1505 0 3 475 101
SAGROW 25962 1196 1505 1197 1505 0 5 475 50
SAGROW 26071 1196 1506 1197 1505 0 6 475 80
SAGROW 26193 1197 1505 1197 1505 0 1 475 116
SAGROW 26268 1197 1505 1197 1505 0 2 475 111
SAGROW 26380 1197 1505 1197 1505 0 4 475 61
SAGROW 26494 1195 1505 1197 1505 0 5 475 74
SAGROW 26596 1195 1505 1197 1505 0 1 475 113
SAGROW 26673 1195 1504 1197 1505 0 1 475 116
SAGROW 26784 1195 1504 1197 1505 0 3 475 60
SAGROW 26906 1194 1504 1197 1505 0 4 475 98
SAGROW 27002 1194 1504 1197 1505 0 6 475 37
SAGROW 27088 1192 1504 1197 1505 0 1 475 123
SAGROW 27181 1193 1504 1197 1505 0 2 475 65
SAGROW 27273 1193 1504 1197 1505 0 3 475 75
SAGROW 27401 1195 1505 1197 1505 0 5 475 37
SAGROW 27480 1196 1505 1197 1505 0 5 475 115
SAGROW 27590 1196 1505 1197 1505 0 1 475 144
SAGROW 27712 1198 1505 1197 1505 0 2 475 105
SAGROW 27786 1197 1505 1197 1505 0 3 475 97
SAGROW 27881 1198 1505 1197 1505 0 5 475 122
SAGROW 27996 1199 1505 1197 1505 0 6 475 69
SAGROW 28116 1199 1504 1197 1505 0 1 475 108
SAGROW 28213 1198 1504 1197 1505 0 3 475 43
SAGROW 28303 1198 1504 1197 1505 0 4 475 51
SAGROW 28397 1201 1504 1197 1505 0 5 475 74
SAGROW 28503 1201 1504 1197 1505 0 6 475 96
SAGSLOW 1192 1505 1197 1505
SAGSLOW 1199 1505 1197 1505
SAGSLOW 1198 1505 1197 1505
SAGSLOW 1194 1505 1197 1505
SAGSLOW 1198 1504 1197 1505
SAGSLOW 1202 1506 1197 1505
SAGSLOW 1198 1505 1197 1505
SAGSLOW 1201 1505 1197 1505
SAGSLOW 1196 1504 1197 1505
SAGSLOW 1196 1505 1197 1505
SAGSLOW 1194 1504 1197 1505
SAGSLOW 1197 1505 1197 1505
SAGSLOW 1194 1504 1197 1505
SAGSLOW 1196 1504 1197 1505
SAGSLOW 1197 1505 1197 1505
SAGSLOW 1198 1504 1197 1505
SAGSLOW 1195 1505 1197 1505
SAGSLOW 1195 1505 1197 1505
SAGSLOW 1196 1505 1197 1505
SAGSLOW 1199 1505 1197 1505
SAGSLOW 1196 1505 1197 1505
SAGSLOW 1198 1504 1197 1505
SAGSLOW 1194 1505 1197 1505
SAGSLOW 1195 1504 1197 1505
SAGSLOW 1197 1505 1197 1505
SAGSLOW 1196 1505 1197 1505
SAGSLOW 1194 1505 1197 1505
SAGSLOW 1195 1504 1197 1505
SAGSLOW 1196 1505 1197 1505
SAGSLOW 1196 1505 1197 1505
SAGSLOW 1200 1504 1197 1505
SAGSLOW 1197 1504 1197 1505
SAGSLOW 1198 1504 1197 1505
SAGSLOW 1196 1505 1197 1505
SAGSLOW 1199 1506 1197 1505
SAGSLOW 1196 1505 1197 1505
SAGSLOW 1197 1505 1197 1505
SAGSLOW 1197 1503 1197 1505
SAGSLOW 1193 1505 1197 1505
SAGSLOW 1194 1504 1197 1505
SAGSLOW 1197 1505 1197 1505
SAGSLOW 1194 1505 1197 1505
SAGSLOW 1201 1504 1197 1505
SAGSLOW 1196 1505 1197 1505
SAGSLOW 1199 1505 1197 1505
SAGSLOW 1198 1505 1197 1505
SAGSLOW 1200 1505 1197 1505
SAGSLOW 1198 1504 1197 1505
SAGSLOW 1194 1505 1197 1505
SAGSLOW 1193 1505 1197 1505
SAGSLOW 1196 1506 1197 1505
SAGSLOW 1197 1505 1197 1505
SAGSLOW 1201 1505 1197 1505
SAGSLOW 1199 1505 1197 1505
SAGSLOW 1196 1504 1197 1505
SAGSLOW 1197 1504 1197 1505
SAGSLOW 1198 1505 1197 1505
SAGSLOW 1195 1504 1197 1505
SAGSLOW 1198 1504 1197 1505
SAGSLOW 1197 1505 1197 1505
SAGSLOW 1196 1505 1197 1505
SAGSLOW 1201 1505 1197 1505
SAGSLOW 1199 1504 1197 1505
SAGSLOW 1194 1504 1197 1505
SAGSLOW 1197 1504 1197 1505
SAGSLOW 1196 1504 1197 1505
SAGSLOW 1200 1504 1197 1505
SAGSLOW 1201 1505 1197 1505
SAGSLOW 1194 1505 1197 1505
SAGSLOW 1200 1506 1197 1505
SAGSLOW 1196 1505 1197 1505
SAGSLOW 1201 1505 1197 1505
SAGSLOW 1200 1505 1197 1505
SAGSLOW 1194 1504 1197 1505
SAGSLOW 1196 1505 1197 1505
SAGSLOW 1202 1504 1197 1505
SAGSLOW 1197 1505 1197 1505
SAGSLOW 1199 1506 1197 1505
SAGSLOW 1199 1504 1197 1505
SAGSLOW 1202 1505 1197 1505
SAGSLOW 1197 1505 1197 1505
SAGSLOW 1196 1505 1197 1505
SAGSLOW 1196 1504 1197 1505
SAGSLOW 1195 1505 1197 1505
SAGSLOW 1199 1505 1197 1505
SAGSLOW 1205 1505 1197 1505
SAGSLOW 1197 1505 1197 1505
SAGSLOW 1197 1505 1197 1505
SAGSLOW 1201 1505 1197 1505
SAGSLOW 1199 1505 1197 1505
SAGSLOW 1201 1505 1197 1505
SAGSLOW 1198 1505 1197 1505
SAGSLOW 1198 1505 1197 1505
SAGSLOW 1198 1505 1197 1505
SAGSLOW 1192 1504 1197 1505
SAGSLOW 1198 1506 1197 1505
SAGSLOW 1195 1505 1197 1505
SAGSLOW 1202 1505 1197 1505
SAGSLOW 1200 1504 1197 1505
SAGSLOW 1196 1506 1197 1505
SAGSLOW 1199 1506 1197 1505
SAGSLOW 1198 1505 1197 1505
SAGSLOW 1199 1506 1197 1505
SAGSLOW 1191 1505 1197 1505
SAGSLOW 1196 1504 1197 1505
SAGSLOW 1192 1505 1197 1505
SAGSLOW 1195 1504 1197 1505
SAGSLOW 1199 1504 1197 1505
SAGSLOW 1199 1506 1197 1505
SAGSLOW 1198 1505 1197 1505
SAGSLOW 1200 1505 1197 1505
SAGSLOW 1195 1504 1197 1505
SAGSLOW 1201 1505 1197 1505
SAGSLOW 1198 1505 1197 1505
SAGSLOW 1197 1505 1197 1505
SAGSLOW 1195 1505 1197 1505
SAGSLOW 1197 1505 1197 1505
SAGSLOW 1199 1504 1197 1505
SAGSLOW 1196 1506 1197 1505
SAGSLOW 1200 1504 1197 1505
SAGSLOW 1198 1506 1197 1505
SAGSLOW 1196 1504 1197 1505
SAGSLOW 1200 1505 1197 1505
SAGSLOW 1195 1506 1197 1505
SAGSLOW 1200 1504 1197 1505
SAGSLOW 1196 1505 1197 1505
SAGSLOW 1195 1505 1197 1505
SAGSLOW 1201 1505 1197 1505
SAGSLOW 1196 1506 1197 1505
SAGSLOW 1199 1504 1197 1505
SAGSLOW 1197 1506 1197 1505
SAGSLOW 1193 1505 1197 1505
SAGSLOW 1195 1504 1197 1505
SAGSLOW 1197 1505 1197 1505
SAGSLOW 1205 1506 1197 1505
SAGSLOW 1197 1504 1197 1505
SAGSLOW 1199 1505 1197 1505
SAGSLOW 1197 1505 1197 1505
SAGSLOW 1191 1505 1197 1505
SAGSLOW 1198 1504 1197 1505
SAGSLOW 1201 1505 1197 1505
SAGSLOW 1199 1505 1197 1505
SAGSLOW 1196 1505 1197 1505
SAGSLOW 1200 1505 1197 1505
SAGSLOW 1200 1505 1197 1505
SAGSLOW 1198 1505 1197 1505
SAGSLOW 1198 1505 1197 1505
SAGSLOW 1201 1505 1197 1505
SAGSLOW 1193 1506 1197 1505
SAGSLOW 1193 1506 1197 1505
SAGSLOW 1192 1505 1197 1505
SAGSLOW 1203 1505 1197 1505
SAGSLOW 1197 1505 1197 1505
SAGSLOW 1200 1504 1197 1505
SAGSLOW 1202 1506 1197 1505
SAGSLOW 1204 1505 1197 1505
SAGSLOW 1197 1506 1197 1505
SAGSLOW 1199 1505 1197 1505
SAGSLOW 1203 1505 1197 1505
SAGSLOW 1195 1506 1197 1505
SAGSLOW 1204 1504 1197 1505
SAGSLOW 1196 1505 1197 1505
SAGSLOW 1203 1504 1197 1505
SAGSLOW 1193 1504 1197 1505
SAGSLOW 1195 1504 1197 1505
SAGSLOW 1201 1504 1197 1505
SAGSLOW 1196 1504 1198 1505
SAGSLOW 1197 1505 1197 1505
SAGSLOW 1197 1505 1197 1505
SAGSLOW 1196 1505 1197 1505
SAGSLOW 1197 1504 1197 1505
SAGSLOW 1195 1505 1197 1505
SAGSLOW 1195 1504 1197 1505
SAGSLOW 1189 1504 1197 1505
SAGSLOW 1197 1505 1197 1505
SAGSLOW 1195 1505 1197 1505
SAGSLOW 1199 1504 1197 1505
SAGSLOW 1198 1505 1197 1505
SAGSLOW 1201 1505 1198 1505
SAGSLOW 1199 1505 1197 1505
SAGSLOW 1199 1505 1198 1505
SAGSLOW 1197 1505 1198 1505
SAGSLOW 1202 1504 1198 1505
SAGSLOW 1196 1505 1198 1505
SAGSLOW 1194 1506 1198 1505
SAGSLOW 1197 1505 1198 1505
SAGSLOW 1197 1505 1198 1505
SAGSLOW 1198 1506 1198 1505
SAGSLOW 1199 1505 1198 1505
SAGSLOW 1198 1505 1197 1505
SAGSLOW 1203 1506 1197 1505
SAGSLOW 1198 1505 1198 1505
SAGSLOW 1200 1504 1198 1505
SAGSLOW 1197 1505 1197 1505
SAGSLOW 1195 1506 1198 1505
SAGSLOW 1198 1504 1197 1505
SAGSLOW 1200 1504 1197 1505
SAGSLOW 1195 1505 1197 1505
SAGSLOW 1198 1504 1198 1505
SAGSLOW 1197 1505 1198 1505
SAGSLOW 1198 1505 1197 1505
SAGSLOW 1196 1504 1197 1505
SAGSLOW 1197 1504 1197 1505
SAGSLOW 1197 1505 1197 1505
SAGSLOW 1201 1504 1197 1505
SAGSLOW 1200 1504 1197 1505
SAGSLOW 1197 1505 1197 1505
SAGSLOW 1199 1504 1197 1505
SAGSLOW 1197 1505 1197 1505
SAGSLOW 1200 1505 1197 1505
SAGSLOW 1196 1504 1197 1505
SAGSLOW 1195 1505 1197 1505
SAGSLOW 1201 1505 1197 1505
SAGSLOW 1194 1505 1197 1505
SAGSLOW 1193 1505 1197 1505
SAGSLOW 1197 1505 1197 1505
SAGSLOW 1201 1504 1197 1505
SAGSLOW 1196 1504 1197 1505
SAGSLOW 1198 1505 1197 1505
SAGSLOW 1196 1504 1197 1505
SAGSLOW 1193 1505 1197 1505
SAGSLOW 1201 1504 1197 1505
SAGSLOW 1200 1505 1197 1505
SAGSLOW 1200 1504 1197 1505
SAGSLOW 1201 1505 1197 1505
SAGSLOW 1198 1505 1197 1505
SAGSLOW 1201 1505 1197 1505
SAGSLOW 1198 1504 1197 1505
SAGSLOW 1197 1504 1197 1505
SAGSLOW 1199 1504 1197 1505
SAGSLOW 1196 1505 1197 1505
SAGSLOW 1200 1505 1197 1505
SAGSLOW 1197 1505 1197 1505
SAGSLOW 1200 1505 1197 1505
SAGSLOW 1197 1505 1197 1505
SAGSLOW 1196 1505 1197 1505
SAGSLOW 1198 1504 1197 1505
SAGSLOW 1197 1505 1197 1505
SAGSLOW 1197 1504 1197 1505
SAGSLOW 1196 1504 1197 1505
SAGSLOW 1201 1505 1197 1505
SAGSLOW 1194 1504 1197 1505
SAGSLOW 1196 1505 1197 1505
SAGSLOW 1197 1504 1197 1505
SAGSLOW 1198 1505 1197 1505
SAGSLOW 1196 1505 1197 1505
SAGSLOW 1195 1504 1197 1505
SAGSLOW 1195 1506 1197 1505
SAGSLOW 1202 1504 1197 1505
SAGSLOW 1192 1505 1197 1505
SAGSLOW 1192 1507 1197 1505
SAGSLOW 1198 1504 1197 1505
SAGSLOW 1199 1505 1197 1505
SAGSLOW 1191 1504 1197 1505
SAGSLOW 1197 1506 1197 1505
SAGSLOW 1197 1505 1197 1505
SAGSLOW 1202 1504 1197 1505
SAGSLOW 1198 1505 1197 1505
SAGSLOW 1200 1504 1197 1505
SAGSLOW 1194 1505 1197 1505
SAGSLOW 1196 1505 1197 1505
SAGSLOW 1198 1504 1197 1505
SAGSLOW 1197 1505 1197 1505
SAGSLOW 1194 1505 1197 1505
SAGSLOW 1202 1505 1197 1505
SAGSLOW 1196 1505 1197 1505
SAGSLOW 1197 1504 1197 1505
SAGSLOW 1199 1505 1197 1505
SAGSLOW 1195 1505 1197 1505
SAGSLOW 1198 1505 1197 1505
SAGSLOW 1198 1506 1197 1505
SAGSLOW 1198 1505 1197 1505
SAGSLOW 1196 1504 1197 1505
SAGSLOW 1205 1506 1197 1505
SAGSLOW 1194 1504 1197 1505
SAGSLOW 1198 1505 1197 1505
SAGSLOW 1196 1504 1197 1505
SAGSLOW 1196 1506 1197 1505
SAGSLOW 1198 1505 1197 1505
SAGSLOW 1195 1506 1197 1505
SAGSLOW 1200 1504 1197 1505
SAGSLOW 1201 1505 1197 1505
SAGSLOW 1199 1504 1197 1505
SAGSLOW 1199 1504 1197 1505
SAGSLOW 1193 1504 1197 1505
SAGSLOW 1196 1505 1197 1505
SAGSLOW 1202 1506 1197 1505
SAGSLOW 1198 1505 1197 1505
SAGSLOW 1199 1504 1197 1505
SAGSLOW 1197 1505 1197 1505
SAGSLOW 1201 1504 1197 1505
SAGSLOW 1200 1505 1197 1505
SAGSLOW 1195 1504 1197 1505
SAGSLOW 1196 1504 1197 1505
SAGSLOW 1199 1505 1197 1505
SAGSLOW 1193 1505 1197 1505
SAGSLOW 1194 1505 1197 1505
SAGSLOW 1199 1505 1197 1505
SAGSLOW 1195 1505 1197 1505
SAGSLOW 1203 1504 1197 1505
SAGSLOW 1193 1504 1197 1505
SAGSLOW 1197 1505 1197 1505
SAGSLOW 1198 1505 1197 1505
SAGSLOW 1195 1504 1197 1505
SAGSLOW 1199 1505 1197 1505
SAGSLOW 1197 1505 1197 1505
SAGSLOW 1200 1504 1197 1505
SAGSLOW 1199 1505 1197 1505
SAGSLOW 1195 1504 1197 1505
SAGSLOW 1199 1504 1197 1505
SAGSLOW 1201 1504 1197 1505
SAGSLOW 1197 1504 1197 1505
SAGSLOW 1196 1505 1197 1505
SAGSLOW 1196 1505 1197 1505
SAGSLOW 1198 1505 1197 1505
SAGSLOW 1194 1505 1197 1505
SAGSLOW 1193 1504 1197 1505
SAGSLOW 1198 1505 1197 1505
SAGSLOW 1195 1506 1197 1505
SAGSLOW 1198 1505 1197 1505
SAGSLOW 1196 1504 1197 1505
SAGSLOW 1199 1504 1197 1505
SAGSLOW 1199 1505 1197 1505
SAGSLOW 1201 1505 1197 1505
SAGSLOW 1198 1505 1197 1505
SAGSLOW 1201 1505 1197 1505
SAGSLOW 1200 1505 1197 1505
SAGSLOW 1199 1505 1197 1505
SAGSLOW 1198 1505 1197 1505
SAGSLOW 1197 1505 1197 1505
SAGSLOW 1198 1504 1197 1505
SAGSLOW 1197 1504 1197 1505
SAGSLOW 1202 1504 1197 1505
SAGSLOW 1197 1504 1197 1505
SAGSLOW 1204 1506 1197 1505
SAGSLOW 1194 1505 1197 1505
SAGSLOW 1200 1506 1197 1505
SAGSLOW 1197 1505 1197 1505
SAGSLOW 1200 1505 1197 1505
SAGSLOW 1195 1505 1197 1505
SAGSLOW 1196 1505 1197 1505
SAGSLOW 1196 1504 1197 1505
SAGSLOW 1195 1504 1197 1505
SAGSLOW 1198 1505 1197 1505
SAGSLOW 1193 1504 1197 1505
SAGSLOW 1197 1505 1197 1505
SAGSLOW 1200 1505 1197 1505
SAGSLOW 1197 1504 1197 1505
SAGSLOW 1197 1505 1197 1505
SAGSLOW 1192 1504 1197 1505
SAGSLOW 1200 1505 1197 1505
SAGSLOW 1201 1505 1197 1505
SAGSLOW 1196 1505 1197 1505
SAGSLOW 1203 1506 1197 1505
SAGSLOW 1194 1505 1197 1505
SAGSLOW 1193 1506 1197 1505
SAGSLOW 1195 1506 1197 1505
SAGSLOW 1199 1505 1197 1505
SAGSLOW 1198 1504 1197 1505
SAGSLOW 1198 1505 1197 1505
SAGSLOW 1200 1505 1197 1505
SAGSLOW 1198 1505 1197 1505
SAGSLOW 1197 1504 1197 1505
SAGSLOW 1203 1505 1197 1505
SAGSLOW 1198 1505 1197 1505
SAGSLOW 1196 1504 1197 1505
SAGSLOW 1198 1504 1197 1505
SAGSLOW 1196 1504 1197 1505
SAGSLOW 1195 1504 1197 1505
SAGSLOW 1198 1504 1197 1505
SAGSLOW 1202 1505 1197 1505
SAGSLOW 1192 1504 1197 1505
SAGSLOW 1196 1505 1197 1505
SAGSLOW 1198 1505 1197 1505
SAGSLOW 1192 1505 1197 1505
SAGSLOW 1198 1505 1197 1505
SAGSLOW 1200 1505 1197 1505
SAGSLOW 1200 1505 1197 1505
SAGSLOW 1200 1503 1197 1505
SAGSLOW 1196 1505 1197 1505
SAGSLOW 1197 1505 1197 1505
SAGSLOW 1198 1506 1197 1505
SAGSLOW 1197 1506 1197 1505
SAGSLOW 1197 1505 1197 1505
SAGSLOW 1192 1504 1197 1505
SAGSLOW 1196 1505 1197 1505
SAGSLOW 1193 1505 1197 1505
SAGSLOW 1200 1505 1197 1505
SAGSLOW 1190 1506 1197 1505
SAGSLOW 1195 1505 1197 1505
SAGSLOW 1198 1505 1197 1505
SAGSLOW 1194 1505 1197 1505
SAGSLOW 1198 1505 1197 1505
SAGSLOW 1201 1505 1197 1505
SAGSLOW 1197 1506 1197 1505
SAGSLOW 1195 1505 1197 1505
SAGSLOW 1199 1505 1197 1505
SAGSLOW 1199 1507 1197 1505
SAGSLOW 1197 1505 1197 1505
SAGSLOW 1196 1504 1197 1505
SAGSLOW 1196 1505 1197 1505
SAGSLOW 1199 1505 1197 1505
SAGSLOW 1198 1505 1197 1505
SAGSLOW 1196 1505 1197 1505
SAGSLOW 1201 1505 1197 1505
SAGSLOW 1194 1505 1197 1505
SAGSLOW 1196 1505 1197 1505
SAGSLOW 1203 1504 1197 1505
SAGSLOW 1195 1505 1197 1505
SAGSLOW 1198 1504 1197 1505
SAGSLOW 1202 1505 1197 1505
SAGSLOW 1199 1504 1197 1505
SAGSLOW 1198 1505 1197 1505
SAGSLOW 1202 1504 1197 1505
SAGSLOW 1197 1506 1197 1505
SAGSLOW 1200 1505 1197 1505
SAGSLOW 1197 1504 1197 1505
SAGSLOW 1199 1504 1197 1505
SAGSLOW 1202 1505 1197 1505
SAGSLOW 1200 1504 1197 1505
SAGSLOW 1196 1505 1197 1505
SAGSLOW 1195 1506 1197 1505
SAGSLOW 1198 1505 1197 1505
SAGSLOW 1194 1505 1197 1505
SAGSLOW 1201 1505 1197 1505
SAGSLOW 1194 1504 1197 1505
SAGSLOW 1197 1505 1197 1505
SAGSLOW 1199 1505 1197 1505
SAGSLOW 1196 1505 1197 1505
SAGSLOW 1200 1505 1197 1505
SAGSLOW 1198 1504 1197 1505
SAGSLOW 1200 1505 1197 1505
SAGSLOW 1202 1505 1197 1505
SAGSLOW 1192 1504 1197 1505
SAGSLOW 1198 1505 1197 1505
SAGSLOW 1197 1504 1197 1505
SAGSLOW 1196 1506 1197 1505
SAGSLOW 1198 1505 1197 1505
SAGSLOW 1197 1504 1197 1505
SAGSLOW 1195 1505 1197 1505
SAGSLOW 1195 1504 1197 1505
SAGSLOW 1193 1504 1197 1505
SAGSLOW 1198 1505 1197 1505
SAGSLOW 1194 1505 1197 1505
SAGSLOW 1198 1504 1197 1505
SAGSLOW 1198 1504 1197 1505
SAGSLOW 1198 1504 1197 1505
SAGSLOW 1199 1504 1197 1505
SAGSLOW 1196 1504 1197 1505
SAGSLOW 1197 1506 1197 1505
SAGSLOW 1199 1505 1197 1505
SAGSLOW 1200 1504 1197 1505
SAGSLOW 1197 1504 1197 1505
SAGSLOW 1200 1504 1197 1505
SAGSLOW 1197 1504 1197 1505
SAGSLOW 1196 1504 1197 1505
SAGSLOW 1199 1505 1197 1505
SAGSLOW 1194 1505 1197 1505
SAGSLOW 1186 1505 1197 1505
SAGSLOW 1198 1505 1197 1505
SAGSLOW 1194 1505 1197 1505
SAGSLOW 1198 1504 1197 1505
SAGSLOW 1195 1505 1197 1505
SAGSLOW 1202 1504 1197 1505
SAGSLOW 1196 1504 1197 1505
SAGSLOW 1197 1505 1197 1505
SAGSLOW 1199 1504 1197 1505
SAGSLOW 1192 1505 1197 1505
SAGSLOW 1199 1505 1197 1505
SAGSLOW 1199 1505 1197 1505
SAGSLOW 1194 1506 1197 1505
SAGSLOW 1197 1504 1197 1505
SAGSLOW 1202 1505 1197 1505
SAGSLOW 1199 1505 1197 1505
SAGSLOW 1193 1506 1197 1505
SAGSLOW 1196 1505 1197 1505
SAGSLOW 1203 1505 1197 1505
SAGSLOW 1199 1505 1197 1505
SAGSLOW 1196 1505 1197 1505
SAGSLOW 1198 1505 1197 1505
SAGSLOW 1201 1504 1197 1505
SAGSLOW 1198 1505 1197 1505
SAGSLOW 1196 1505 1197 1505
SAGSLOW 1199 1505 1197 1505
SAGSLOW 1197 1504 1197 1505
SAGSLOW 1196 1505 1197 1505
SAGSLOW 1196 1505 1197 1505
SAGSLOW 1200 1505 1197 1505
SAGSLOW 1195 1505 1197 1505
SAGSLOW 1195 1505 1197 1505
SAGSLOW 1199 1505 1197 1505
SAGSLOW 1195 1504 1197 1505
SAGSLOW 1198 1504 1197 1505
SAGSLOW 1196 1504 1197 1505
SAGSLOW 1199 1505 1197 1505
SAGSLOW 1196 1504 1197 1505
SAGSLOW 1195 1504 1197 1505
SAGSLOW 1192 1504 1197 1505
SAGSLOW 1194 1504 1197 1505
SAGSLOW 1195 1506 1197 1505
SAGSLOW 1195 1505 1197 1505
SAGSLOW 1197 1504 1197 1505
SAGSLOW 1197 1505 1197 1505
SAGSLOW 1196 1505 1197 1505
SAGSLOW 1193 1504 1197 1505
SAGSLOW 1198 1505 1197 1505
SAGSLOW 1198 1504 1197 1505
SAGSLOW 1191 1505 1197 1505
SAGSLOW 1195 1504 1197 1505
SAGSLOW 1198 1504 1197 1505
SAGSLOW 1194 1506 1197 1505
SAGSLOW 1197 1505 1197 1505
SAGSLOW 1197 1504 1197 1505
SAGSLOW 1196 1504 1197 1505
SAGSLOW 1198 1505 1197 1505
SAGSLOW 1199 1505 1197 1505
SAGSLOW 1197 1506 1197 1505
SAGSLOW 1188 1505 1197 1505
SAGSLOW 1194 1505 1197 1505
SAGSLOW 1197 1504 1197 1505
SAGSLOW 1196 1505 1197 1505
SAGSLOW 1200 1504 1197 1505
SAGSLOW 1198 1505 1197 1505
SAGSLOW 1199 1504 1197 1505
SAGSLOW 1198 1505 1197 1505
SAGSLOW 1197 1504 1197 1505
SAGSLOW 1195 1505 1197 1505
SAGSLOW 1202 1506 1197 1505
SAGSLOW 1204 1505 1197 1505
SAGSLOW 1195 1504 1197 1505
SAGSLOW 1198 1505 1197 1505
SAGSLOW 1195 1504 1197 1505
SAGSLOW 1196 1504 1197 1505
SAGSLOW 1196 1504 1197 1505
SAGSLOW 1197 1504 1197 1505
SAGSLOW 1200 1505 1197 1505
SAGSLOW 1195 1504 1197 1505
SAGSLOW 1196 1505 1197 1505
SAGSLOW 1196 1505 1197 1505
SAGSLOW 1199 1504 1197 1505
SAGSLOW 1193 1504 1197 1505
SAGSLOW 1195 1504 1197 1505
SAGSLOW 1203 1504 1197 1505
SAGSLOW 1198 1504 1197 1505
SAGSLOW 1200 1504 1197 1505
SAGSLOW 1196 1504 1197 1505
SAGSLOW 1197 1504 1197 1505
SAGSLOW 1198 1504 1197 1505
SAGSLOW 1195 1505 1197 1505
SAGSLOW 1205 1505 1197 1505
SAGSLOW 1195 1505 1197 1505
SAGSLOW 1195 1504 1197 1505
SAGSLOW 1198 1505 1197 1505
SAGSLOW 1196 1504 1197 1505
SAGSLOW 1200 1504 1197 1505
SAGSLOW 1197 1504 1197 1505
SAGSLOW 1195 1505 1197 1505
SAGSLOW 1192 1504 1197 1505
SAGSLOW 1194 1505 1197 1505
SAGSLOW 1195 1504 1197 1505
SAGSLOW 1201 1505 1197 1505
SAGSLOW 1195 1504 1197 1505
SAGSLOW 1196 1504 1197 1505
SAGSLOW 1194 1504 1197 1505
SAGSLOW 1196 1504 1197 1505
SAGSLOW 1197 1506 1197 1505
SAGSLOW 1195 1505 1197 1505
SAGSLOW 1197 1504 1197 1505
SAGSLOW 1200 1504 1197 1505
SAGSLOW 1199 1504 1197 1505
SAGSLOW 1195 1504 1197 1505
SAGSLOW 1194 1505 1197 1505
SAGSLOW 1196 1503 1197 1505
SAGSLOW 1203 1504 1197 1505
SAGSLOW 1200 1505 1197 1505
SAGSLOW 1203 1504 1197 1505
SAGSLOW 1197 1505 1197 1505
SAGSLOW 1198 1505 1197 1505
SAGSLOW 1194 1505 1197 1505
SAGSLOW 1194 1505 1197 1505
SAGSLOW 1207 1505 1197 1505
SAGSLOW 1196 1505 1197 1505
SAGSLOW 1194 1506 1197 1505
SAGSLOW 1194 1505 1197 1505
SAGSLOW 1198 1504 1197 1505
SAGSLOW 1194 1504 1197 1505
SAGSLOW 1198 1504 1197 1505
SAGSLOW 1201 1505 1197 1505
SAGSLOW 1199 1505 1197 1505
SAGSLOW 1195 1505 1197 1505
SAGSLOW 1198 1505 1197 1505
SAGSLOW 1200 1505 1197 1505
SAGSLOW 1194 1504 1197 1505
SAGSLOW 1199 1505 1197 1505
SAGSLOW 1194 1505 1197 1505
SAGSLOW 1193 1504 1197 1505
SAGSLOW 1195 1504 1197 1505
SAGSLOW 1198 1505 1197 1505
SAGSLOW 1197 1505 1197 1505
SAGSLOW 1198 1505 1197 1505
SAGSLOW 1194 1505 1198 1505
SAGSLOW 1199 1505 1198 1505
SAGSLOW 1199 1505 1198 1505
SAGSLOW 1195 1504 1198 1505
SAGSLOW 1201 1505 1197 1505
SAGSLOW 1202 1504 1198 1505
SAGSLOW 1199 1504 1198 1505
SAGSLOW 1197 1505 1197 1505
SAGSLOW 1197 1505 1197 1505
SAGSLOW 1201 1503 1197 1505
SAGSLOW 1191 1505 1197 1505
SAGSLOW 1196 1505 1197 1505
SAGSLOW 1198 1506 1197 1505
SAGSLOW 1198 1505 1197 1505
SAGSLOW 1196 1505 1197 1505
SAGSLOW 1197 1504 1197 1505
SAGSLOW 1192 1505 1197 1505
SAGSLOW 1195 1505 1197 1505
SAGSLOW 1197 1504 1197 1505
SAGSLOW 1195 1504 1197 1505
SAGSLOW 1197 1504 1197 1505
SAGSLOW 1196 1504 1197 1505
SAGSLOW 1196 1505 1197 1505
SAGSLOW 1201 1504 1197 1505
SAGSLOW 1199 1504 1197 1505
SAGSLOW 1195 1506 1197 1505
SAGSLOW 1196 1506 1197 1505
SAGSLOW 1200 1505 1197 1505
SAGSLOW 1196 1504 1197 1505
SAGSLOW 1196 1505 1197 1505
SAGSLOW 1195 1504 1197 1505
SAGSLOW 1199 1505 1197 1505
SAGSLOW 1198 1504 1197 1505
SAGSLOW 1200 1505 1197 1505
SAGSLOW 1197 1505 1197 1505
SAGSLOW 1194 1505 1197 1505
SAGSLOW 1204 1504 1197 1505
SAGSLOW 1197 1505 1197 1505
SAGSLOW 1195 1505 1197 1505
SAGSLOW 1195 1503 1197 1505
SAGSLOW 1200 1505 1197 1505
SAGSLOW 1201 1505 1197 1505
SAGSLOW 1189 1505 1197 1505
SAGSLOW 1199 1504 1197 1505
SAGSLOW 1194 1505 1197 1505
SAGSLOW 1198 1505 1197 1505
SAGSLOW 1194 1505 1197 1505
SAGSLOW 1195 1505 1197 1505
SAGSLOW 1197 1503 1197 1505
SAGSLOW 1195 1504 1197 1505
SAGSLOW 1198 1504 1197 1505
SAGSLOW 1196 1505 1197 1505
SAGSLOW 1193 1504 1197 1505
SAGSLOW 1201 1504 1197 1505
SAGSLOW 1196 1504 1197 1505
SAGSLOW 1197 1505 1197 1505
SAGSLOW 1198 1504 1197 1505
SAGSLOW 1201 1505 1197 1505
SAGSLOW 1193 1504 1197 1505
SAGSLOW 1199 1504 1197 1505
SAGSLOW 1199 1506 1197 1505
SAGSLOW 1200 1505 1197 1505
SAGSLOW 1196 1504 1197 1505
SAGSLOW 1200 1505 1197 1505
SAGSLOW 1199 1505 1197 1505
SAGSLOW 1199 1505 1197 1505
SAGSLOW 1201 1504 1197 1505
SAGSLOW 1196 1505 1197 1505
SAGSLOW 1197 1505 1197 1505
SAGSLOW 1197 1505 1197 1505
SAGSLOW 1201 1504 1197 1505
SAGSLOW 1201 1505 1197 1505
SAGSLOW 1194 1504 1197 1505
SAGSLOW 1202 1505 1197 1505
SAGSLOW 1196 1504 1197 1505
SAGSLOW 1200 1504 1197 1505
SAGSLOW 1198 1505 1197 1505
SAGSLOW 1199 1506 1197 1505
SAGSLOW 1199 1504 1197 1505
SAGSLOW 1206 1504 1197 1505
SAGSLOW 1194 1504 1197 1505
SAGSLOW 1198 1505 1197 1505
SAGSLOW 1196 1505 1197 1505
SAGSLOW 1195 1504 1197 1505
SAGSLOW 1197 1505 1197 1505
SAGSLOW 1198 1505 1197 1505
SAGSLOW 1195 1504 1197 1505
SAGSLOW 1200 1505 1197 1505
SAGSLOW 1192 1504 1197 1505
SAGSLOW 1199 1504 1197 1505
SAGSLOW 1195 1505 1197 1505
SAGSLOW 1195 1506 1197 1505
SAGSLOW 1197 1504 1197 1505
SAGSLOW 1198 1504 1197 1505
SAGSLOW 1200 1505 1197 1505
SAGSLOW 1197 1505 1197 1505
SAGSLOW 1200 1505 1197 1505
SAGSLOW 1196 1504 1197 1505
SAGSLOW 1198 1504 1197 1505
SAGSLOW 1196 1504 1197 1505
SAGSLOW 1202 1504 1197 1505
SAGSLOW 1195 1505 1197 1505
SAGSLOW 1198 1505 1197 1505
SAGSLOW 1196 1504 1197 1505
SAGSLOW 1199 1504 1197 1505
SAGSLOW 1197 1505 1197 1505
SAGSLOW 1196 1506 1197 1505
SAGSLOW 1198 1506 1197 1505
SAGSLOW 1197 1504 1197 1505
SAGSLOW 1195 1504 1197 1505
SAGSLOW 1198 1504 1197 1505
SAGSLOW 1196 1506 1197 1505
SAGSLOW 1194 1505 1197 1505
SAGSLOW 1196 1505 1197 1505
SAGSLOW 1199 1504 1197 1505
SAGSLOW 1197 1505 1197 1505
SAGSLOW 1196 1504 1197 1505
SAGSLOW 1196 1505 1197 1505
SAGSLOW 1197 1505 1197 1505
SAGSLOW 1202 1505 1197 1505
SAGSLOW 1195 1504 1197 1505
SAGSLOW 1193 1505 1197 1505
SAGSLOW 1199 1506 1197 1505
SAGSLOW 1200 1505 1197 1505
SAGSLOW 1196 1504 1197 1505
SAGSLOW 1196 1505 1197 1505
SAGSLOW 1198 1505 1197 1505
SAGSLOW 1197 1504 1197 1505
SAGSLOW 1197 1506 1197 1505
SAGSLOW 1196 1505 1197 1505
SAGSLOW 1195 1504 1197 1505
SAGSLOW 1203 1505 1197 1505
SAGSLOW 1194 1505 1197 1505
SAGSLOW 1197 1505 1197 1505
SAGSLOW 1200 1506 1197 1505
SAGSLOW 1198 1504 1197 1505
SAGSLOW 1194 1504 1197 1505
SAGSLOW 1199 1504 1197 1505
SAGSLOW 1190 1505 1197 1505
SAGSLOW 1197 1504 1197 1505
SAGSLOW 1197 1505 1197 1505
SAGSLOW 1196 1504 1197 1505
SAGSLOW 1201 1506 1197 1505
SAGSLOW 1199 1505 1197 1505
SAGSLOW 1198 1505 1197 1505
SAGSLOW 1195 1505 1197 1505
SAGSLOW 1192 1506 1197 1505
SAGSLOW 1203 1504 1197 1505
SAGSLOW 1196 1505 1197 1505
SAGSLOW 1204 1506 1197 1505
SAGSLOW 1197 1504 1197 1505
SAGSLOW 1198 1505 1197 1505
SAGSLOW 1213 1505 1197 1505
SAGSLOW 1200 1504 1197 1505
SAGSLOW 1203 1505 1197 1505
SAGSLOW 1200 1505 1197 1505
SAGSLOW 1201 1505 1197 1505
SAGSLOW 1197 1506 1197 1505
SAGSLOW 1199 1505 1197 1505
SAGSLOW 1201 1504 1197 1505
SAGSLOW 1195 1505 1197 1505
SAGSLOW 1201 1506 1197 1505
SAGSLOW 1196 1504 1197 1505
SAGSLOW 1197 1505 1197 1505
SAGSLOW 1196 1505 1197 1505
SAGSLOW 1198 1506 1197 1505
SAGSLOW 1195 1505 1197 1505
SAGSLOW 1195 1504 1197 1505
SAGSLOW 1196 1504 1197 1505
SAGSLOW 1202 1505 1197 1505
SAGSLOW 1194 1505 1197 1505
SAGSLOW 1198 1506 1197 1505
SAGSLOW 1198 1506 1197 1505
SAGSLOW 1196 1505 1197 1505
SAGSLOW 1196 1505 1197 1505
SAGSLOW 1199 1505 1197 1505
SAGSLOW 1197 1505 1197 1505
SAGSLOW 1199 1504 1197 1505
SAGSLOW 1195 1505 1197 1505
SAGSLOW 1200 1505 1197 1505
SAGSLOW 1199 1504 1197 1505
SAGSLOW 1194 1505 1197 1505
SAGSLOW 1199 1506 1197 1505
SAGSLOW 1196 1505 1197 1505
SAGSLOW 1195 1505 1197 1505
SAGSLOW 1200 1505 1197 1505
SAGSLOW 1199 1505 1197 1505
SAGSLOW 1198 1505 1197 1505
SAGSLOW 1201 1505 1197 1505
SAGSLOW 1196 1504 1197 1505
SAGSLOW 1197 1505 1197 1505
SAGSLOW 1190 1506 1197 1505
SAGSLOW 1203 1505 1197 1505
SAGSLOW 1204 1505 1197 1505
SAGSLOW 1196 1505 1197 1505
SAGSLOW 1196 1505 1197 1505
SAGSLOW 1194 1504 1197 1505
SAGSLOW 1198 1505 1197 1505
SAGSLOW 1199 1504 1197 1505
SAGSLOW 1200 1506 1197 1505
SAGSLOW 1202 1505 1197 1505
SAGSLOW 1202 1505 1197 1505
SAGSLOW 1194 1504 1197 1505
SAGSLOW 1198 1504 1197 1505
SAGSLOW 1199 1505 1197 1505
SAGSLOW 1197 1505 1197 1505
SAGSLOW 1197 1504 1197 1505
SAGSLOW 1200 1503 1197 1505
SAGSLOW 1201 1505 1197 1505
SAGSLOW 1192 1505 1197 1505
SAGSLOW 1199 1506 1197 1505
SAGSLOW 1199 1505 1197 1505
SAGSLOW 1198 1505 1197 1505
SAGSLOW 1194 1505 1197 1505
SAGSLOW 1198 1505 1197 1505
SAGSLOW 1200 1505 1197 1505
SAGSLOW 1195 1504 1197 1505
SAGSLOW 1196 1505 1197 1505
SAGSLOW 1202 1505 1197 1505
SAGSLOW 1200 1504 1197 1505
SAGSLOW 1195 1504 1197 1505
SAGSLOW 1197 1505 1197 1505
SAGSLOW 1199 1505 1197 1505
SAGSLOW 1195 1505 1197 1505
SAGSLOW 1197 1505 1197 1505
SAGSLOW 1200 1504 1197 1505
SAGSLOW 1191 1504 1197 1505
SAGSLOW 1200 1505 1197 1505
SAGSLOW 1195 1504 1197 1505
SAGSLOW 1197 1505 1197 1505
SAGSLOW 1204 1505 1197 1505
SAGSLOW 1198 1504 1197 1505
SAGSLOW 1198 1505 1197 1505
SAGSLOW 1194 1505 1197 1505
SAGSLOW 1200 1504 1197 1505
SAGSLOW 1199 1506 1197 1505
SAGSLOW 1197 1504 1197 1505
SAGSLOW 1194 1505 1197 1505
SAGSLOW 1195 1505 1197 1505
SAGSLOW 1199 1505 1197 1505
SAGSLOW 1197 1505 1197 1505
SAGSLOW 1196 1506 1197 1505
SAGSLOW 1196 1505 1197 1505
SAGSLOW 1206 1505 1197 1505
SAGSLOW 1198 1505 1197 1505
SAGSLOW 1195 1505 1197 1505
SAGSLOW 1195 1505 1197 1505
SAGSLOW 1194 1505 1197 1505
SAGSLOW 1196 1505 1197 1505
SAGSLOW 1196 1505 1197 1505
SAGSLOW 1200 1504 1197 1505
SAGSLOW 1206 1506 1197 1505
SAGSLOW 1198 1505 1197 1505
SAGSLOW 1201 1505 1197 1505
SAGSLOW 1198 1504 1197 1505
SAGSLOW 1199 1505 1197 1505
SAGSLOW 1194 1505 1197 1505
SAGSLOW 1200 1505 1197 1505
SAGSLOW 1198 1504 1197 1505
SAGSLOW 1197 1506 1197 1505
SAGSLOW 1196 1504 1197 1505
SAGSLOW 1196 1506 1197 1505
SAGSLOW 1193 1504 1197 1505
SAGSLOW 1195 1505 1197 1505
SAGSLOW 1195 1504 1197 1505
SAGSLOW 1198 1505 1197 1505
SAGSLOW 1198 1505 1197 1505
SAGSLOW 1194 1504 1197 1505
SAGSLOW 1193 1505 1197 1505
SAGSLOW 1194 1504 1197 1505
SAGSLOW 1196 1505 1197 1505
SAGSLOW 1199 1505 1197 1505
SAGSLOW 1194 1503 1197 1505
SAGSLOW 1194 1504 1197 1505
SAGSLOW 1199 1504 1197 1505
SAGSLOW 1201 1504 1197 1505
SAGSLOW 1197 1505 1197 1505
SAGSLOW 1197 1504 1197 1505
SAGSLOW 1196 1504 1197 1505
SAGSLOW 1197 1505 1197 1505
SAGSLOW 1201 1504 1197 1505
SAGSLOW 1201 1504 1197 1505
SAGSLOW 1202 1504 1197 1505
SAGSLOW 1197 1504 1197 1505
SAGSLOW 1196 1505 1197 1505
SAGSLOW 1196 1505 1197 1505
SAGSLOW 1196 1504 1197 1505
SAGSLOW 1201 1505 1197 1505
SAGSLOW 1196 1505 1197 1505
SAGSLOW 1194 1504 1197 1505
SAGSLOW 1200 1504 1197 1505
SAGSLOW 1200 1505 1197 1505
SAGSLOW 1197 1505 1197 1505
SAGSLOW 1191 1504 1197 1505
SAGSLOW 1196 1504 1197 1505
SAGSLOW 1197 1504 1197 1505
SAGSLOW 1197 1504 1197 1505
SAGSLOW 1201 1505 1197 1505
SAGSLOW 1192 1505 1197 1505
SAGSLOW 1199 1504 1197 1505
SAGSLOW 1196 1504 1197 1505
SAGSLOW 1198 1504 1197 1505
SAGSLOW 1193 1504 1197 1505
SAGSLOW 1202 1505 1197 1505
SAGSLOW 1198 1504 1197 1505
SAGSLOW 1200 1504 1197 1505
SAGSLOW 1196 1505 1197 1505
SAGSLOW 1201 1505 1197 1505
SAGSLOW 1193 1504 1197 1505
SAGSLOW 1194 1506 1197 1505
SAGSLOW 1199 1504 1197 1505
SAGSLOW 1194 1503 1197 1505
SAGSLOW 1200 1505 1197 1505
SAGSLOW 1194 1505 1197 1505
SAGSLOW 1196 1505 1197 1505
SAGSLOW 1202 1505 1197 1505
SAGSLOW 1199 1506 1197 1505
SAGSLOW 1204 1504 1197 1505
SAGSLOW 1196 1505 1197 1505
SAGSLOW 1197 1505 1197 1505
SAGSLOW 1203 1504 1197 1505
SAGSLOW 1202 1505 1197 1505
SAGSLOW 1197 1505 1197 1505
SAGSLOW 1200 1505 1197 1505
SAGSLOW 1198 1504 1197 1505
SAGSLOW 1200 1505 1197 1505
SAGSLOW 1197 1504 1197 1505
SAGSLOW 1196 1505 1197 1505
SAGSLOW 1197 1505 1197 1505
SAGSLOW 1202 1505 1197 1505
SAGSLOW 1196 1504 1197 1505
SAGSLOW 1196 1505 1197 1505
SAGSLOW 1195 1505 1197 1505
SAGSLOW 1202 1505 1197 1505
SAGSLOW 1194 1504 1197 1505
SAGSLOW 1197 1505 1197 1505
SAGSLOW 1200 1505 1197 1505
SAGSLOW 1195 1505 1197 1505
SAGSLOW 1194 1505 1197 1505
SAGSLOW 1194 1505 1197 1505
SAGSLOW 1199 1505 1197 1505
SAGSLOW 1199 1504 1197 1505
SAGSLOW 1200 1505 1197 1505
SAGSLOW 1198 1504 1197 1505
SAGSLOW 1197 1504 1197 1505
SAGSLOW 1199 1504 1197 1505
SAGSLOW 1193 1504 1197 1505
SAGSLOW 1195 1504 1197 1505
SAGSLOW 1190 1504 1197 1505
SAGSLOW 1198 1504 1197 1505
SAGSLOW 1201 1505 1197 1505
SAGSLOW 1194 1505 1197 1505
SAGSLOW 1205 1505 1197 1505
SAGSLOW 1193 1506 1197 1505
SAGSLOW 1196 1505 1197 1505
SAGSLOW 1201 1505 1197 1505
SAGSLOW 1202 1505 1197 1505
SAGSLOW 1198 1505 1197 1505
SAGSLOW 1200 1504 1197 1505
SAGSLOW 1192 1505 1197 1505
SAGSLOW 1198 1504 1197 1505
SAGSLOW 1197 1505 1197 1505
SAGSLOW 1198 1504 1197 1505
SAGSLOW 1203 1506 1197 1505
SAGSLOW 1194 1505 1197 1505
SAGSLOW 1196 1506 1197 1505
SAGSLOW 1196 1505 1197 1505
SAGSLOW 1196 1505 1197 1505
SAGSLOW 1197 1505 1197 1505
SAGSLOW 1196 1504 1197 1505
SAGSLOW 1192 1505 1197 1505
SAGSLOW 1204 1505 1197 1505
SAGSLOW 1199 1505 1197 1505
SAGSLOW 1199 1504 1197 1505
SAGSLOW 1198 1504 1197 1505
SAGSLOW 1197 1505 1197 1505
SAGSLOW 1201 1505 1197 1505
SAGSLOW 1203 1505 1197 1505
SAGSLOW 1196 1506 1197 1505
SAGSLOW 1197 1504 1197 1505
SAGSLOW 1198 1505 1197 1505
SAGSLOW 1196 1505 1197 1505
SAGSLOW 1196 1504 1197 1505
SAGSLOW 1197 1504 1197 1505
SAGSLOW 1199 1504 1197 1505
SAGSLOW 1197 1505 1197 1505
SAGSLOW 1202 1506 1197 1505
SAGSLOW 1201 1505 1197 1505
SAGSLOW 1196 1504 1197 1505
SAGSLOW 1197 1505 1197 1505
SAGSLOW 1196 1504 1197 1505
SAGSLOW 1194 1505 1197 1505
SAGSLOW 1195 1504 1197 1505
SAGSLOW 1195 1504 1197 1505
SAGSLOW 1197 1505 1197 1505
SAGSLOW 1197 1505 1197 1505
SAGSLOW 1192 1505 1197 1505
SAGSLOW 1198 1505 1197 1505
SAGSLOW 1195 1504 1197 1505
SAGSLOW 1196 1505 1197 1505
SAGSLOW 1201 1506 1197 1505
SAGSLOW 1199 1504 1197 1505
SAGSLOW 1195 1505 1197 1505
SAGSLOW 1198 1504 1197 1505
SAGSLOW 1196 1503 1197 1505
SAGSLOW 1200 1504 1197 1505
SAGSLOW 1199 1505 1197 1505
SAGSLOW 1197 1505 1197 1505
SAGSLOW 1196 1503 1197 1505
SAGSLOW 1195 1505 1197 1505
SAGSLOW 1199 1505 1197 1505
SAGSLOW 1200 1504 1197 1505
SAGSLOW 1199 1504 1197 1505
SAGSLOW 1193 1504 1197 1505
SAGSLOW 1199 1504 1197 1505
SAGSLOW 1202 1504 1197 1505
SAGSLOW 1194 1505 1197 1505
SAGSLOW 1195 1505 1197 1505
SAGSLOW 1197 1504 1197 1505
SAGSLOW 1195 1504 1197 1505
SAGSLOW 1196 1504 1197 1505
SAGSLOW 1198 1505 1197 1505
SAGSLOW 1198 1504 1197 1505
SAGSLOW 1199 1505 1197 1505
SAGEND
