# elf_crc32 63C0061D
# elf_sha256 828501C1596B3C1425F3D77CCE5AAEBDE343D25109FC0F7F0BACBA965B74D8D5
# started 2026-09-24T04:01:06
BEMFRUN handoff_ehz=200 target_duty_tenths=500 advance_level=22 total_ms=80000 inject=0
PREFLIGHT moe=0 ccr1=0 ccr2=0 ccr3=0 gates_low=1 en=0 nfault=1 verdict=PASS
POSTSTOP
PREFLIGHT moe=0 ccr1=0 ccr2=0 ccr3=0 gates_low=1 en=0 nfault=1 verdict=PASS
BEMFDONE reason=2 accepted=864892 forced=0 zc_acc=866805 too_early=4 unstable=1402005 ci_us=78 bus_ref=1219 bus_min=1099
BEMFSAG ref_bus=1219 ref_vref=1506 filt_bus=1197 filt_vref=1507 streak=0 tripped=0
BEMFGATE closed_ms=74776 hold_ms=54776 target_tenths=500 zc_per_s=11566 comm_per_s=11566 ehz_from_ci_last=2136 forced_pct=0
BEMFRATE hold_ms=54776 hold_accepted=706902 hold_forced=0 mean_ci_us=77 mean_sector_us=77 ehz_from_sector=2164 zc_per_s=12905 zc_expected_per_s=12987 zc_rate_permille_of_expected=993 hold_forced_pct=0
BEMFTAIL accepts=35819 span_us=2774923 start_before_stop_us=2774986 end_before_stop_us=63 window_us=2000000
BEMFRCOMP spent_max_us=11 late_arms=0 com_preempts=0 com_arm_preempts=0
BEMFSECTOR a1=65535 f1=0 a2=65535 f2=0 a3=65535 f3=0 a4=65535 f4=0 a5=65535 f5=0 a6=65535 f6=0
BEMFPHASE lt075=33666 to100=65535 to125=65535 to150=24782 gt150=4237
BEMFREVISIT r1=30464 v1=14096 r2=29579 v2=12368 r3=25076 v3=14876 r4=44263 v4=15093 r5=21513 v5=12768 r6=33819 v6=17456
BEMFDRIVEN entered=1 epochs=21 accepts=13 early=19 unstable=291 defers=2 retries=0 late_max_us=21 qual_intervals=12 qual_reanchors=0 qual_fault=0 fail=0 seeded=1 seed_step=3 seed_us=757 commanded_us=833 irq_peak_per_ms=53 closed_irq_peak_per_ms=63 storm=0 storm_step=0 cap_armed=1 comp_call_max_us=16 overrun=0 blank_arms=866794 blank_latched=0 com_count=866806 com_late_max_us=11
BEMFGUARD reason=0 ticks=786939 gap_max_us=109 track_fault=0 track_max_us=240 fast_events=858018 fast_min_us=32 loop_iters_closed=2363679 loop_gap_max_us=169 acquire_us=16802
BEMFDRVROWS 9:3:7696:912 10:4:658:629 11:5:843:743 12:6:644:572 13:1:710:441 14:2:741:362 15:3:743:250 16:4:620:46
BEMFDRVROWS 17:5:816:17 18:6:880:75 19:1:783:13 20:2:818:24 21:3:835:15
BEMFCURRENT blocks=7869 mean_residual=11293 mean_ma=1417 hold_blocks=5423 hold_ma=1803 zero_blocks=50 zero_start=618623 zero_end=617559 zero_drift_ma=-133 ref_ma=326 duty_tenths=500 ceiling_tenths=500 worst_residual=17223 worst_ma=2162
BEMFWITNESS samples=118078 bemf_min=0 bemf_max=0 mid=0 mid_fixed=0 alt=0 hyst_codes=12 driven_rotation=0
vsenc_min=0 vsenc_max=0 star_min=0 star_max=0 bus_ref=1219
BEMFCOAST reason=2 pp_first=0 pp_last=0 crossings=0 spun=1 comp_edges=1977 comp_hi=355963 comp_polls=551693
COASTTIMING trans=1411 offset_us=40 first_us=205 iv_us=236,232,233,231,236,230,238,230 ehz_first=2118
SAGSNAP judged=786910 fast_len=512 slow_len=1024 slow_every=32 frozen=1 num=95 den=100 streak_to_latch=3 adc_rail=4095
SAGROW 63054 1197 1507 1197 1507 0 5 500 38
SAGROW 63139 1197 1507 1197 1507 0 6 500 46
SAGROW 63241 1194 1507 1197 1507 0 1 500 62
SAGROW 63354 1194 1507 1197 1507 0 2 500 97
SAGROW 63454 1194 1507 1197 1507 0 4 500 52
SAGROW 63535 1194 1508 1197 1507 0 5 500 48
SAGROW 63633 1193 1508 1197 1507 0 6 500 66
SAGROW 63754 1194 1508 1197 1507 0 1 500 116
SAGROW 63829 1195 1508 1197 1507 0 2 500 111
SAGROW 63947 1194 1508 1197 1507 0 4 500 71
SAGROW 64055 1196 1508 1197 1507 0 5 500 107
SAGROW 64162 1197 1508 1197 1507 0 1 500 53
SAGROW 64237 1195 1508 1197 1507 0 2 500 60
SAGROW 64378 1195 1508 1197 1507 0 4 500 119
SAGROW 64454 1194 1507 1197 1507 0 4 500 115
SAGROW 64553 1194 1507 1197 1507 0 6 500 64
SAGROW 64673 1194 1507 1197 1507 0 1 500 102
SAGROW 64763 1194 1507 1197 1507 0 3 500 42
SAGROW 64869 1195 1507 1197 1507 0 4 500 69
SAGROW 64944 1194 1506 1197 1507 0 5 500 63
SAGROW 65082 1195 1506 1197 1507 0 1 500 49
SAGROW 65147 1195 1506 1197 1507 0 2 500 114
SAGROW 65249 1196 1506 1197 1507 0 3 500 56
SAGROW 65374 1196 1506 1197 1507 0 4 500 111
SAGROW 65464 1198 1506 1197 1507 0 6 500 41
SAGROW 24 1200 1506 1197 1507 0 1 500 66
SAGROW 129 1199 1506 1197 1507 0 2 500 81
SAGROW 238 1201 1507 1197 1507 0 4 500 121
SAGROW 320 1201 1507 1197 1507 0 5 500 51
SAGROW 417 1202 1507 1197 1507 0 6 500 69
SAGROW 541 1202 1507 1197 1507 0 2 500 111
SAGROW 620 1201 1507 1197 1507 0 3 500 43
SAGROW 749 1200 1507 1197 1507 0 4 500 91
SAGROW 832 1200 1507 1197 1507 0 5 500 68
SAGROW 937 1198 1507 1197 1507 0 1 500 119
SAGROW 1030 1197 1507 1197 1507 0 2 500 59
SAGROW 1150 1197 1507 1197 1507 0 3 500 95
SAGROW 1241 1197 1507 1197 1507 0 5 500 40
SAGROW 1343 1197 1507 1197 1507 0 6 500 60
SAGROW 1452 1197 1507 1197 1507 0 1 500 100
SAGROW 1546 1196 1507 1197 1507 0 3 500 115
SAGROW 1635 1197 1507 1197 1507 0 4 500 122
SAGROW 1736 1199 1507 1197 1507 0 5 500 73
SAGROW 1834 1201 1507 1197 1507 0 6 500 91
SAGROW 1943 1201 1506 1197 1507 0 1 500 94
SAGROW 2030 1199 1506 1197 1507 0 3 500 55
SAGROW 2177 1198 1506 1197 1507 0 4 500 123
SAGROW 2246 1199 1506 1197 1507 0 5 500 106
SAGROW 2361 1200 1506 1197 1507 0 1 500 75
SAGROW 2434 1199 1506 1197 1507 0 2 500 67
SAGROW 2572 1200 1507 1197 1507 0 4 500 58
SAGROW 2646 1199 1506 1197 1507 0 5 500 51
SAGROW 2759 1197 1506 1197 1507 0 6 500 82
SAGROW 2865 1198 1507 1197 1507 0 2 500 39
SAGROW 2943 1198 1507 1197 1507 0 3 500 117
SAGROW 3054 1196 1507 1197 1507 0 4 500 70
SAGROW 3161 1196 1507 1197 1507 0 5 500 101
SAGROW 3264 1196 1507 1197 1507 0 1 500 125
SAGROW 3353 1195 1507 1197 1507 0 2 500 64
SAGROW 3445 1194 1507 1197 1507 0 3 500 79
SAGROW 3565 1196 1507 1197 1507 0 4 500 114
SAGROW 3666 1196 1507 1197 1507 0 6 500 68
SAGROW 3785 1197 1507 1197 1507 0 1 500 106
SAGROW 3860 1199 1506 1197 1507 0 2 500 99
SAGROW 3974 1198 1506 1197 1507 0 4 500 67
SAGROW 4093 1197 1506 1197 1507 0 5 500 102
SAGROW 4192 1197 1506 1197 1507 0 1 500 51
SAGROW 4257 1197 1506 1197 1507 0 2 500 116
SAGROW 4356 1196 1506 1197 1507 0 3 500 54
SAGROW 4484 1196 1506 1197 1507 0 4 500 102
SAGROW 4574 1196 1507 1197 1507 0 6 500 41
SAGROW 4666 1197 1507 1197 1507 0 1 500 55
SAGROW 4794 1199 1507 1197 1507 0 3 500 114
SAGROW 4884 1200 1507 1197 1507 0 4 500 122
SAGROW 4966 1200 1507 1197 1507 0 5 500 52
SAGROW 5086 1198 1507 1197 1507 0 6 500 80
SAGROW 5190 1200 1507 1197 1507 0 1 500 115
SAGROW 5270 1196 1507 1197 1507 0 3 500 116
SAGROW 5382 1196 1506 1197 1507 0 4 500 79
SAGROW 5489 1194 1506 1197 1507 0 5 500 101
SAGROW 5588 1193 1506 1197 1507 0 1 500 52
SAGROW 5677 1193 1507 1197 1507 0 2 500 60
SAGROW 5792 1193 1507 1197 1507 0 3 500 95
SAGROW 5888 1195 1507 1197 1507 0 5 500 41
SAGROW 5968 1195 1507 1197 1507 0 6 500 42
SAGROW 6099 1198 1507 1197 1507 0 1 500 102
SAGROW 6193 1198 1507 1197 1507 0 3 500 117
SAGROW 6284 1197 1507 1197 1507 0 4 500 124
SAGROW 6383 1199 1507 1197 1507 0 5 500 75
SAGROW 6495 1197 1507 1197 1507 0 6 500 106
SAGROW 6583 1198 1506 1197 1507 0 2 500 115
SAGROW 6682 1197 1506 1197 1507 0 3 500 60
SAGROW 6818 1197 1506 1197 1507 0 4 500 119
SAGROW 6893 1197 1506 1197 1507 0 6 500 90
SAGROW 7005 1197 1506 1197 1507 0 1 500 75
SAGROW 7101 1198 1506 1197 1507 0 2 500 83
SAGROW 7189 1196 1506 1197 1507 0 3 500 109
SAGROW 7291 1199 1506 1197 1507 0 5 500 50
SAGROW 7412 1197 1505 1197 1507 0 6 500 68
SAGROW 7511 1196 1506 1197 1507 0 2 500 40
SAGROW 7589 1194 1506 1197 1507 0 3 500 119
SAGROW 7701 1194 1506 1197 1507 0 4 500 70
SAGROW 7807 1194 1506 1197 1507 0 5 500 100
SAGROW 7911 1192 1506 1197 1507 0 1 500 128
SAGROW 8009 1194 1506 1197 1507 0 2 500 79
SAGROW 8116 1193 1506 1197 1507 0 3 500 101
SAGROW 8218 1192 1506 1197 1507 0 5 500 38
SAGROW 8303 1193 1506 1197 1507 0 6 500 61
SAGROW 8439 1193 1506 1197 1507 0 1 500 114
SAGROW 8518 1193 1506 1197 1507 0 3 500 42
SAGROW 8621 1193 1506 1197 1507 0 4 500 69
SAGROW 8739 1194 1506 1197 1507 0 5 500 104
SAGROW 8814 1193 1505 1197 1507 0 6 500 98
SAGROW 8915 1193 1505 1197 1507 0 2 500 49
SAGROW 9047 1193 1506 1197 1507 0 3 500 86
SAGROW 9129 1193 1506 1197 1507 0 4 500 104
SAGROW 9222 1195 1506 1197 1507 0 6 500 43
SAGROW 9317 1195 1506 1197 1507 0 1 500 71
SAGROW 9430 1196 1506 1197 1507 0 2 500 105
SAGROW 9536 1196 1506 1197 1507 0 4 500 50
SAGROW 9611 1195 1507 1197 1507 0 5 500 53
SAGROW 9717 1195 1507 1197 1507 0 6 500 81
SAGROW 9834 1196 1507 1197 1507 0 1 500 115
SAGROW 9916 1196 1507 1197 1507 0 3 500 50
SAGROW 10055 1195 1507 1197 1507 0 4 500 107
SAGROW 10130 1195 1507 1197 1507 0 5 500 100
SAGROW 10228 1196 1506 1197 1507 0 1 500 121
SAGROW 10322 1195 1506 1197 1507 0 2 500 61
SAGROW 10435 1193 1506 1197 1507 0 3 500 89
SAGROW 10531 1195 1506 1197 1507 0 5 500 41
SAGROW 10631 1197 1506 1197 1507 0 6 500 60
SAGROW 10754 1196 1507 1197 1507 0 1 500 113
SAGROW 10846 1198 1507 1197 1507 0 3 500 44
SAGROW 10935 1197 1507 1197 1507 0 4 500 55
SAGROW 11027 1196 1507 1197 1507 0 5 500 75
SAGROW 11125 1197 1508 1197 1507 0 6 500 92
SAGROW 11226 1199 1507 1197 1507 0 2 500 87
SAGROW 11361 1200 1507 1197 1507 0 3 500 94
SAGROW 11452 1198 1508 1197 1507 0 5 500 39
SAGROW 11537 1199 1507 1197 1507 0 6 500 46
SAGROW 11639 1196 1507 1197 1507 0 1 500 62
SAGROW 11752 1196 1507 1197 1507 0 2 500 98
SAGROW 11852 1197 1507 1197 1507 0 4 500 51
SAGROW 11932 1197 1506 1197 1507 0 5 500 48
SAGROW 12058 1197 1507 1197 1507 0 6 500 96
SAGROW 12157 1196 1506 1197 1507 0 2 500 41
SAGROW 12237 1196 1506 1197 1507 0 3 500 43
SAGROW 12374 1195 1506 1197 1507 0 4 500 109
SAGROW 12458 1198 1506 1197 1507 0 5 500 114
SAGROW 12547 1200 1506 1197 1507 0 1 500 51
SAGROW 12669 1198 1507 1197 1507 0 2 500 93
SAGROW 12780 1199 1507 1197 1507 0 4 500 45
SAGROW 12846 1198 1507 1197 1507 0 4 500 111
SAGROW 12948 1200 1507 1197 1507 0 6 500 61
SAGROW 13084 1200 1507 1197 1507 0 1 500 116
SAGROW 13146 1200 1507 1197 1507 0 2 500 100
SAGROW 13261 1199 1507 1197 1507 0 4 500 64
SAGROW 13368 1198 1507 1197 1507 0 5 500 92
SAGROW 13470 1199 1507 1197 1507 0 1 500 126
SAGROW 13545 1198 1507 1197 1507 0 2 500 116
SAGROW 13677 1204 1506 1197 1507 0 3 500 97
SAGROW 13778 1203 1506 1197 1507 0 4 500 123
SAGROW 13863 1203 1506 1197 1507 0 6 500 44
SAGROW 13961 1203 1506 1197 1507 0 1 500 73
SAGROW 14090 1203 1506 1197 1507 0 3 500 40
SAGROW 14180 1203 1507 1197 1507 0 4 500 50
SAGROW 14252 1202 1507 1197 1507 0 5 500 55
SAGROW 14397 1202 1507 1197 1507 0 1 500 47
SAGROW 14475 1196 1507 1197 1507 0 1 500 125
SAGROW 14555 1194 1507 1197 1507 0 3 500 45
SAGROW 14698 1198 1507 1197 1507 0 4 500 108
SAGROW 14775 1197 1507 1197 1507 0 6 500 114
SAGROW 14883 1198 1508 1197 1507 0 1 500 62
SAGROW 14996 1197 1508 1197 1507 0 2 500 96
SAGROW 15093 1196 1507 1197 1507 0 4 500 124
SAGROW 15182 1196 1507 1197 1507 0 5 500 130
SAGROW 15303 1198 1507 1197 1507 0 6 500 85
SAGROW 15398 1200 1507 1197 1507 0 1 500 116
SAGROW 15467 1196 1507 1197 1507 0 3 500 106
SAGROW 15615 1196 1507 1197 1507 0 4 500 106
SAGROW 15709 1194 1507 1197 1507 0 5 500 109
SAGROW 15811 1195 1507 1197 1507 0 1 500 50
SAGROW 15883 1196 1507 1197 1507 0 2 500 61
SAGROW 16004 1197 1507 1197 1507 0 3 500 93
SAGROW 16094 1197 1507 1197 1507 0 5 500 39
SAGROW 16185 1197 1507 1197 1507 0 6 500 50
SAGROW 16314 1199 1506 1197 1507 0 1 500 83
SAGROW 16404 1200 1507 1197 1507 0 3 500 40
SAGROW 16489 1202 1507 1197 1507 0 4 500 125
SAGROW 16588 1202 1507 1197 1507 0 5 500 73
SAGROW 16700 1202 1507 1197 1507 0 6 500 106
SAGROW 16788 1203 1507 1197 1507 0 2 500 112
SAGROW 16881 1201 1507 1197 1507 0 3 500 55
SAGROW 17021 1201 1507 1197 1507 0 4 500 117
SAGROW 17097 1200 1507 1197 1507 0 6 500 88
SAGROW 17200 1200 1507 1197 1507 0 1 500 63
SAGROW 17325 1198 1507 1197 1507 0 2 500 108
SAGROW 17424 1199 1507 1197 1507 0 4 500 50
SAGROW 17499 1200 1507 1197 1507 0 5 500 52
SAGROW 17618 1197 1507 1197 1507 0 6 500 93
SAGROW 17717 1198 1507 1197 1507 0 2 500 40
SAGROW 17795 1197 1507 1197 1507 0 3 500 119
SAGROW 17920 1196 1507 1197 1507 0 4 500 70
SAGROW 18016 1196 1507 1197 1507 0 5 500 107
SAGROW 18122 1197 1507 1197 1507 0 1 500 52
SAGROW 18230 1196 1507 1197 1507 0 2 500 80
SAGROW 18331 1196 1507 1197 1507 0 3 500 113
SAGROW 18416 1198 1507 1197 1507 0 5 500 38
SAGROW 18507 1196 1507 1197 1507 0 6 500 59
SAGROW 18621 1197 1507 1197 1507 0 1 500 92
SAGROW 18729 1196 1506 1197 1507 0 2 500 119
SAGROW 18824 1197 1506 1197 1507 0 4 500 66
SAGROW 18916 1197 1506 1197 1507 0 5 500 55
SAGROW 19033 1196 1506 1197 1507 0 1 500 115
SAGROW 19110 1196 1507 1197 1507 0 1 500 120
SAGROW 19223 1194 1506 1197 1507 0 3 500 76
SAGROW 19336 1195 1507 1197 1507 0 4 500 108
SAGROW 19411 1196 1506 1197 1507 0 5 500 110
SAGROW 19515 1197 1507 1197 1507 0 1 500 62
SAGROW 19644 1196 1507 1197 1507 0 2 500 113
SAGROW 19718 1196 1506 1197 1507 0 3 500 105
SAGROW 19811 1197 1506 1197 1507 0 5 500 49
SAGROW 19928 1198 1507 1197 1507 0 6 500 86
SAGROW 20040 1201 1507 1197 1507 0 2 500 39
SAGROW 20115 1201 1507 1197 1507 0 3 500 43
SAGROW 20253 1200 1507 1197 1507 0 4 500 99
SAGROW 20330 1199 1507 1197 1507 0 5 500 108
SAGROW 20414 1199 1507 1197 1507 0 6 500 112
SAGROW 20555 1198 1507 1197 1507 0 2 500 84
SAGROW 20651 1198 1507 1197 1507 0 4 500 116
SAGROW 20735 1197 1507 1197 1507 0 5 500 39
SAGROW 20826 1197 1507 1197 1507 0 6 500 53
SAGROW 20955 1196 1507 1197 1507 0 1 500 110
SAGROW 21039 1195 1507 1197 1507 0 3 500 114
SAGROW 21151 1195 1507 1197 1507 0 4 500 76
SAGROW 21266 1194 1507 1197 1507 0 5 500 109
SAGROW 21354 1195 1507 1197 1507 0 1 500 49
SAGROW 21443 1195 1507 1197 1507 0 2 500 59
SAGROW 21556 1196 1507 1197 1507 0 3 500 90
SAGROW 21650 1196 1507 1197 1507 0 5 500 106
SAGROW 21744 1197 1507 1197 1507 0 6 500 48
SAGROW 21840 1198 1507 1197 1507 0 1 500 62
SAGROW 21952 1199 1507 1197 1507 0 2 500 97
SAGROW 22067 1200 1507 1197 1507 0 4 500 57
SAGROW 22134 1200 1507 1197 1507 0 5 500 57
SAGROW 22260 1200 1507 1197 1507 0 6 500 105
SAGROW 22356 1199 1507 1197 1507 0 1 500 118
SAGROW 22449 1197 1507 1197 1507 0 3 500 54
SAGROW 22570 1197 1507 1197 1507 0 4 500 106
SAGROW 22658 1197 1507 1197 1507 0 6 500 111
SAGROW 22762 1196 1507 1197 1507 0 1 500 63
SAGROW 22856 1195 1507 1197 1507 0 2 500 77
SAGROW 22968 1194 1507 1197 1507 0 3 500 107
SAGROW 23055 1191 1507 1197 1507 0 5 500 48
SAGROW 23153 1191 1507 1197 1507 0 6 500 63
SAGROW 23275 1193 1507 1197 1507 0 1 500 116
SAGROW 23366 1193 1508 1197 1507 0 3 500 43
SAGROW 23463 1193 1508 1197 1507 0 4 500 63
SAGROW 23578 1194 1508 1197 1507 0 5 500 108
SAGROW 23662 1195 1508 1197 1507 0 6 500 112
SAGROW 23763 1195 1508 1197 1507 0 2 500 52
SAGROW 23855 1197 1508 1197 1507 0 3 500 76
SAGROW 23984 1198 1508 1197 1507 0 5 500 41
SAGROW 24052 1197 1508 1197 1507 0 6 500 44
SAGROW 24170 1196 1507 1197 1507 0 1 500 80
SAGROW 24278 1197 1507 1197 1507 0 3 500 102
SAGROW 24364 1198 1507 1197 1507 0 4 500 118
SAGROW 24460 1196 1507 1197 1507 0 5 500 58
SAGROW 24578 1195 1507 1197 1507 0 6 500 96
SAGROW 24677 1196 1506 1197 1507 0 2 500 41
SAGROW 24763 1195 1506 1197 1507 0 3 500 45
SAGROW 24893 1195 1506 1197 1507 0 4 500 101
SAGROW 24979 1195 1506 1197 1507 0 6 500 118
SAGROW 25075 1194 1506 1197 1507 0 1 500 52
SAGROW 25201 1195 1507 1197 1507 0 2 500 106
SAGROW 25307 1197 1507 1197 1507 0 4 500 53
SAGROW 25380 1199 1507 1197 1507 0 5 500 55
SAGROW 25480 1200 1507 1197 1507 0 6 500 70
SAGROW 25602 1201 1507 1197 1507 0 2 500 36
SAGROW 25679 1201 1507 1197 1507 0 3 500 44
SAGROW 25805 1200 1507 1197 1507 0 4 500 91
SAGROW 25888 1201 1507 1197 1507 0 5 500 68
SAGROW 25993 1201 1507 1197 1507 0 1 500 116
SAGROW 26084 1200 1507 1197 1507 0 2 500 52
SAGROW 26205 1199 1507 1197 1507 0 3 500 85
SAGROW 26295 1198 1507 1197 1507 0 5 500 39
SAGROW 26374 1198 1507 1197 1507 0 6 500 117
SAGROW 26509 1197 1507 1197 1507 0 1 500 101
SAGROW 26602 1198 1507 1197 1507 0 3 500 116
SAGROW 26693 1198 1507 1197 1507 0 4 500 122
SAGROW 26791 1199 1507 1197 1507 0 5 500 75
SAGROW 26904 1200 1507 1197 1507 0 6 500 105
SAGROW 26991 1201 1507 1197 1507 0 2 500 43
SAGROW 27083 1198 1507 1197 1507 0 3 500 55
SAGROW 27212 1197 1507 1197 1507 0 4 500 102
SAGROW 27290 1197 1507 1197 1507 0 5 500 111
SAGROW 27399 1196 1507 1197 1507 0 1 500 58
SAGROW 27512 1195 1507 1197 1507 0 2 500 79
SAGROW 27625 1194 1507 1197 1507 0 4 500 52
SAGROW 27700 1192 1507 1197 1507 0 5 500 49
SAGROW 27827 1191 1507 1197 1507 0 6 500 98
SAGROW 27917 1192 1507 1197 1507 0 1 500 115
SAGROW 27998 1192 1507 1197 1507 0 2 500 116
SAGROW 28107 1191 1507 1197 1507 0 4 500 75
SAGROW 28219 1191 1507 1197 1507 0 5 500 106
SAGROW 28294 1192 1507 1197 1507 0 6 500 103
SAGROW 28407 1191 1507 1197 1507 0 2 500 66
SAGROW 28524 1191 1507 1197 1507 0 3 500 93
SAGROW 28615 1191 1507 1197 1507 0 5 500 39
SAGROW 28700 1192 1507 1197 1507 0 6 500 47
SAGROW 28828 1192 1507 1197 1507 0 1 500 82
SAGROW 28926 1194 1507 1197 1507 0 3 500 42
SAGROW 29027 1195 1507 1197 1507 0 4 500 65
SAGROW 29108 1196 1507 1197 1507 0 5 500 74
SAGROW 29247 1197 1507 1197 1507 0 1 500 51
SAGROW 29309 1199 1507 1197 1507 0 2 500 113
SAGROW 29413 1199 1507 1197 1507 0 3 500 61
SAGROW 29537 1200 1507 1197 1507 0 5 500 116
SAGROW 29608 1199 1507 1197 1507 0 6 500 103
SAGROW 29730 1199 1507 1197 1507 0 1 500 73
SAGROW 29842 1200 1507 1197 1507 0 2 500 106
SAGROW 29922 1199 1507 1197 1507 0 3 500 106
SAGROW 30016 1199 1507 1197 1507 0 5 500 51
SAGROW 30129 1199 1506 1197 1507 0 6 500 83
SAGROW 30235 1200 1506 1197 1507 0 2 500 40
SAGROW 30313 1199 1506 1197 1507 0 3 500 118
SAGROW 30441 1199 1506 1197 1507 0 4 500 64
SAGROW 30537 1200 1507 1197 1507 0 5 500 107
SAGROW 30619 1199 1507 1197 1507 0 6 500 113
SAGROW 30721 1198 1506 1197 1507 0 2 500 54
SAGROW 30847 1197 1506 1197 1507 0 3 500 111
SAGROW 30937 1196 1507 1197 1507 0 4 500 120
SAGROW 31022 1195 1507 1197 1507 0 6 500 44
SAGROW 31158 1195 1506 1197 1507 0 1 500 108
SAGROW 31244 1196 1506 1197 1507 0 2 500 115
SAGROW 31344 1195 1506 1197 1507 0 4 500 68
SAGROW 31462 1196 1506 1197 1507 0 5 500 96
SAGROW 31562 1197 1507 1197 1507 0 1 500 52
SAGROW 31628 1195 1507 1197 1507 0 2 500 117
SAGROW 31774 1194 1506 1197 1507 0 3 500 100
SAGROW 31855 1195 1507 1197 1507 0 4 500 105
SAGROW 31938 1195 1507 1197 1507 0 6 500 116
SAGROW 32046 1195 1507 1197 1507 0 1 500 64
SAGROW 32158 1196 1507 1197 1507 0 2 500 107
SAGROW 32253 1196 1507 1197 1507 0 4 500 119
SAGROW 32339 1197 1507 1197 1507 0 5 500 46
SAGROW 32467 1197 1508 1197 1507 0 6 500 106
SAGROW 32563 1197 1508 1197 1507 0 1 500 120
SAGROW 32656 1196 1508 1197 1507 0 3 500 61
SAGROW 32778 1196 1507 1197 1507 0 4 500 107
SAGROW 32879 1197 1507 1197 1507 0 6 500 124
SAGROW 32961 1198 1507 1197 1507 0 1 500 54
SAGROW 33048 1198 1507 1197 1507 0 2 500 63
SAGROW 33193 1197 1507 1197 1507 0 4 500 48
SAGROW 33257 1198 1507 1197 1507 0 4 500 112
SAGROW 33360 1199 1507 1197 1507 0 6 500 61
SAGROW 33476 1198 1507 1197 1507 0 2 500 90
SAGROW 33558 1199 1508 1197 1507 0 3 500 113
SAGROW 33672 1198 1508 1197 1507 0 4 500 64
SAGROW 33753 1196 1507 1197 1507 0 5 500 75
SAGROW 33891 1198 1507 1197 1507 0 1 500 53
SAGROW 33953 1200 1507 1197 1507 0 2 500 115
SAGROW 34091 1199 1508 1197 1507 0 3 500 95
SAGROW 34188 1202 1507 1197 1507 0 5 500 38
SAGROW 34266 1204 1508 1197 1507 0 6 500 116
SAGROW 34376 1204 1507 1197 1507 0 1 500 75
SAGROW 34489 1206 1508 1197 1507 0 2 500 107
SAGROW 34569 1207 1508 1197 1507 0 3 500 108
SAGROW 34668 1205 1508 1197 1507 0 5 500 58
SAGROW 34789 1204 1508 1197 1507 0 6 500 95
SAGROW 34871 1204 1507 1197 1507 0 2 500 110
SAGROW 34972 1202 1507 1197 1507 0 3 500 50
SAGROW 35100 1201 1507 1197 1507 0 4 500 98
SAGROW 35182 1200 1507 1197 1507 0 5 500 109
SAGROW 35265 1197 1507 1197 1507 0 6 500 113
SAGROW 35367 1195 1507 1197 1507 0 2 500 54
SAGROW 35500 1195 1507 1197 1507 0 4 500 121
SAGROW 35585 1196 1507 1197 1507 0 5 500 39
SAGROW 35675 1195 1507 1197 1507 0 6 500 52
SAGROW 35806 1194 1507 1197 1507 0 1 500 110
SAGROW 35875 1192 1507 1197 1507 0 2 500 100
SAGROW 35988 1193 1506 1197 1507 0 4 500 54
SAGROW 36106 1193 1507 1197 1507 0 5 500 101
SAGROW 36206 1194 1507 1197 1507 0 1 500 50
SAGROW 36295 1195 1507 1197 1507 0 2 500 60
SAGROW 36408 1193 1506 1197 1507 0 3 500 91
SAGROW 36505 1192 1506 1197 1507 0 5 500 37
SAGROW 36578 1193 1506 1197 1507 0 5 500 109
SAGROW 36686 1195 1507 1197 1507 0 1 500 58
SAGROW 36801 1196 1507 1197 1507 0 2 500 94
SAGROW 36889 1196 1507 1197 1507 0 3 500 113
SAGROW 36992 1196 1507 1197 1507 0 5 500 133
SAGROW 37112 1196 1507 1197 1507 0 6 500 94
SAGROW 37207 1195 1507 1197 1507 0 1 500 118
SAGROW 37301 1196 1506 1197 1507 0 3 500 60
SAGROW 37425 1196 1506 1197 1507 0 4 500 108
SAGROW 37491 1197 1507 1197 1507 0 5 500 91
SAGROW 37603 1197 1507 1197 1507 0 1 500 52
SAGROW 37732 1196 1507 1197 1507 0 2 500 93
SAGROW 37838 1196 1507 1197 1507 0 4 500 48
SAGROW 37902 1196 1507 1197 1507 0 4 500 112
SAGROW 38004 1193 1507 1197 1507 0 6 500 61
SAGROW 38133 1193 1507 1197 1507 0 1 500 103
SAGROW 38202 1194 1507 1197 1507 0 2 500 100
SAGROW 38316 1193 1507 1197 1507 0 4 500 63
SAGROW 38397 1193 1507 1197 1507 0 5 500 74
SAGROW 38535 1194 1507 1197 1507 0 1 500 50
SAGROW 38597 1194 1507 1197 1507 0 2 500 111
SAGROW 38722 1195 1507 1197 1507 0 3 500 75
SAGROW 38831 1200 1507 1197 1507 0 4 500 120
SAGROW 38906 1200 1507 1197 1507 0 5 500 111
SAGROW 39022 1198 1506 1197 1507 0 1 500 75
SAGROW 39120 1199 1506 1197 1507 0 2 500 92
SAGROW 39232 1200 1506 1197 1507 0 4 500 50
SAGROW 39306 1200 1506 1197 1507 0 5 500 50
SAGROW 39439 1199 1506 1197 1507 0 6 500 101
SAGROW 39519 1199 1506 1197 1507 0 2 500 103
SAGROW 39620 1199 1506 1197 1507 0 3 500 53
SAGROW 39747 1198 1506 1197 1507 0 4 500 99
SAGROW 39825 1199 1506 1197 1507 0 5 500 107
SAGROW 39934 1198 1507 1197 1507 0 1 500 55
SAGROW 40041 1196 1507 1197 1507 0 2 500 69
SAGROW 40137 1196 1507 1197 1507 0 3 500 107
SAGROW 40227 1198 1507 1197 1507 0 4 500 120
SAGROW 40319 1197 1507 1197 1507 0 6 500 52
SAGROW 40450 1197 1507 1197 1507 0 1 500 110
SAGROW 40519 1198 1507 1197 1507 0 2 500 99
SAGROW 40632 1198 1507 1197 1507 0 4 500 57
SAGROW 40743 1199 1507 1197 1507 0 5 500 93
SAGROW 40850 1199 1507 1197 1507 0 1 500 49
SAGROW 40939 1200 1507 1197 1507 0 2 500 59
SAGROW 41039 1199 1506 1197 1507 0 3 500 78
SAGROW 41146 1199 1506 1197 1507 0 5 500 101
SAGROW 41233 1200 1506 1197 1507 0 6 500 41
SAGROW 41338 1197 1506 1197 1507 0 1 500 64
SAGROW 41451 1197 1506 1197 1507 0 2 500 98
SAGROW 41534 1197 1506 1197 1507 0 3 500 113
SAGROW 41636 1198 1506 1197 1507 0 5 500 52
SAGROW 41763 1196 1506 1197 1507 0 6 500 100
SAGROW 41853 1197 1507 1197 1507 0 2 500 38
SAGROW 41952 1197 1507 1197 1507 0 3 500 137
SAGROW 42075 1199 1507 1197 1507 0 4 500 102
SAGROW 42157 1201 1507 1197 1507 0 5 500 112
SAGROW 42246 1202 1507 1197 1507 0 1 500 50
SAGROW 42354 1203 1507 1197 1507 0 2 500 79
SAGROW 42466 1201 1506 1197 1507 0 3 500 107
SAGROW 42541 1202 1506 1197 1507 0 5 500 104
SAGROW 42655 1201 1506 1197 1507 0 6 500 68
SAGROW 42784 1200 1506 1197 1507 0 1 500 104
SAGROW 42848 1197 1506 1197 1507 0 2 500 103
SAGROW 42962 1197 1506 1197 1507 0 4 500 64
SAGROW 43069 1196 1506 1197 1507 0 5 500 95
SAGROW 43169 1195 1506 1197 1507 0 1 500 123
SAGROW 43256 1195 1506 1197 1507 0 2 500 45
SAGROW 43350 1194 1506 1197 1507 0 3 500 70
SAGROW 43478 1196 1507 1197 1507 0 5 500 39
SAGROW 43558 1196 1507 1197 1507 0 6 500 41
SAGROW 43655 1199 1506 1197 1507 0 1 500 65
SAGROW 43783 1200 1506 1197 1507 0 2 500 114
SAGROW 43858 1199 1506 1197 1507 0 3 500 107
SAGROW 43976 1199 1507 1197 1507 0 5 500 78
SAGROW 44091 1200 1507 1197 1507 0 1 500 109
SAGROW 44169 1202 1507 1197 1507 0 1 500 118
SAGROW 44254 1202 1507 1197 1507 0 3 500 43
SAGROW 44396 1202 1507 1197 1507 0 4 500 105
SAGROW 44480 1200 1507 1197 1507 0 6 500 40
SAGROW 44569 1199 1507 1197 1507 0 1 500 126
SAGROW 44665 1199 1507 1197 1507 0 2 500 62
SAGROW 44793 1200 1507 1197 1507 0 4 500 123
SAGROW 44882 1203 1507 1197 1507 0 5 500 129
SAGROW 44964 1203 1507 1197 1507 0 6 500 55
SAGROW 45099 1201 1507 1197 1507 0 1 500 115
SAGROW 45180 1202 1507 1197 1507 0 2 500 118
SAGROW 45275 1202 1507 1197 1507 0 4 500 54
SAGROW 45411 1201 1506 1197 1507 0 6 500 38
SAGROW 45495 1201 1506 1197 1507 0 1 500 50
SAGROW 45584 1201 1506 1197 1507 0 2 500 60
SAGROW 45697 1197 1506 1197 1507 0 3 500 90
SAGROW 45795 1196 1506 1197 1507 0 5 500 39
SAGROW 45885 1197 1506 1197 1507 0 6 500 50
SAGROW 46008 1195 1506 1197 1507 0 1 500 91
SAGROW 46104 1195 1506 1197 1507 0 3 500 39
SAGROW 46208 1195 1506 1197 1507 0 4 500 61
SAGROW 46276 1198 1506 1197 1507 0 5 500 59
SAGROW 46402 1197 1506 1197 1507 0 6 500 107
SAGROW 46490 1198 1506 1197 1507 0 2 500 113
SAGROW 46590 1199 1506 1197 1507 0 3 500 62
SAGROW 46712 1198 1506 1197 1507 0 4 500 107
SAGROW 46796 1201 1506 1197 1507 0 6 500 42
SAGROW 46901 1199 1506 1197 1507 0 1 500 63
SAGROW 46995 1201 1506 1197 1507 0 2 500 76
SAGROW 47108 1199 1507 1197 1507 0 3 500 107
SAGROW 47195 1197 1507 1197 1507 0 5 500 47
SAGROW 47293 1196 1507 1197 1507 0 6 500 63
SAGROW 47415 1196 1507 1197 1507 0 1 500 115
SAGROW 47490 1194 1507 1197 1507 0 2 500 113
SAGROW 47609 1194 1507 1197 1507 0 4 500 68
SAGROW 47702 1197 1507 1197 1507 0 5 500 88
SAGROW 47810 1196 1507 1197 1507 0 1 500 121
SAGROW 47905 1195 1507 1197 1507 0 2 500 56
SAGROW 47998 1198 1507 1197 1507 0 3 500 79
SAGROW 48103 1198 1507 1197 1507 0 4 500 99
SAGROW 48208 1198 1507 1197 1507 0 6 500 46
SAGROW 48336 1200 1507 1197 1507 0 1 500 103
SAGROW 48428 1200 1507 1197 1507 0 3 500 46
SAGROW 48517 1198 1507 1197 1507 0 4 500 58
SAGROW 48604 1196 1507 1197 1507 0 5 500 61
SAGROW 48719 1195 1507 1197 1507 0 6 500 89
SAGROW 48819 1195 1506 1197 1507 0 2 500 47
SAGROW 48912 1193 1507 1197 1507 0 3 500 58
SAGROW 49037 1193 1507 1197 1507 0 4 500 105
SAGROW 49119 1194 1507 1197 1507 0 6 500 118
SAGSLOW 1194 1508 1197 1507
SAGSLOW 1198 1507 1197 1507
SAGSLOW 1196 1507 1197 1507
SAGSLOW 1199 1507 1197 1507
SAGSLOW 1197 1507 1197 1507
SAGSLOW 1198 1506 1197 1507
SAGSLOW 1196 1507 1197 1507
SAGSLOW 1194 1507 1197 1507
SAGSLOW 1199 1507 1197 1507
SAGSLOW 1197 1507 1197 1507
SAGSLOW 1196 1507 1197 1507
SAGSLOW 1199 1507 1197 1507
SAGSLOW 1197 1507 1197 1507
SAGSLOW 1199 1507 1197 1507
SAGSLOW 1193 1507 1197 1507
SAGSLOW 1203 1506 1197 1507
SAGSLOW 1199 1507 1197 1507
SAGSLOW 1195 1507 1197 1507
SAGSLOW 1197 1507 1197 1507
SAGSLOW 1189 1506 1197 1507
SAGSLOW 1194 1508 1197 1507
SAGSLOW 1199 1507 1197 1507
SAGSLOW 1198 1507 1197 1507
SAGSLOW 1199 1507 1197 1507
SAGSLOW 1196 1507 1197 1507
SAGSLOW 1198 1507 1197 1507
SAGSLOW 1199 1507 1197 1507
SAGSLOW 1197 1507 1197 1507
SAGSLOW 1201 1507 1197 1507
SAGSLOW 1196 1507 1197 1507
SAGSLOW 1198 1507 1197 1507
SAGSLOW 1194 1506 1197 1507
SAGSLOW 1200 1507 1197 1507
SAGSLOW 1201 1505 1197 1507
SAGSLOW 1192 1507 1197 1507
SAGSLOW 1197 1506 1197 1507
SAGSLOW 1199 1507 1197 1507
SAGSLOW 1200 1507 1197 1507
SAGSLOW 1202 1507 1197 1507
SAGSLOW 1190 1507 1197 1507
SAGSLOW 1196 1507 1197 1507
SAGSLOW 1197 1507 1197 1507
SAGSLOW 1198 1507 1197 1507
SAGSLOW 1197 1508 1197 1507
SAGSLOW 1196 1507 1197 1507
SAGSLOW 1203 1508 1197 1507
SAGSLOW 1200 1507 1197 1507
SAGSLOW 1194 1507 1197 1507
SAGSLOW 1195 1507 1197 1507
SAGSLOW 1198 1507 1197 1507
SAGSLOW 1201 1506 1197 1507
SAGSLOW 1197 1506 1197 1507
SAGSLOW 1198 1506 1197 1507
SAGSLOW 1192 1506 1197 1507
SAGSLOW 1203 1507 1197 1507
SAGSLOW 1207 1507 1197 1507
SAGSLOW 1194 1507 1197 1507
SAGSLOW 1200 1506 1197 1507
SAGSLOW 1200 1507 1197 1507
SAGSLOW 1204 1507 1197 1507
SAGSLOW 1201 1507 1197 1507
SAGSLOW 1194 1507 1197 1507
SAGSLOW 1198 1506 1197 1507
SAGSLOW 1198 1506 1197 1507
SAGSLOW 1202 1508 1197 1507
SAGSLOW 1197 1507 1197 1507
SAGSLOW 1196 1506 1197 1507
SAGSLOW 1199 1507 1197 1507
SAGSLOW 1201 1508 1197 1507
SAGSLOW 1192 1507 1197 1507
SAGSLOW 1201 1508 1197 1507
SAGSLOW 1204 1507 1197 1507
SAGSLOW 1189 1506 1197 1507
SAGSLOW 1201 1507 1197 1507
SAGSLOW 1198 1507 1198 1507
SAGSLOW 1198 1507 1198 1507
SAGSLOW 1197 1507 1198 1507
SAGSLOW 1203 1507 1198 1507
SAGSLOW 1193 1507 1198 1507
SAGSLOW 1195 1507 1198 1507
SAGSLOW 1196 1507 1198 1507
SAGSLOW 1194 1507 1197 1507
SAGSLOW 1200 1508 1198 1507
SAGSLOW 1199 1508 1198 1507
SAGSLOW 1195 1508 1198 1507
SAGSLOW 1202 1508 1198 1507
SAGSLOW 1196 1507 1198 1507
SAGSLOW 1195 1506 1198 1507
SAGSLOW 1192 1507 1198 1507
SAGSLOW 1202 1507 1198 1507
SAGSLOW 1201 1507 1198 1507
SAGSLOW 1200 1506 1198 1507
SAGSLOW 1197 1507 1197 1507
SAGSLOW 1199 1508 1197 1507
SAGSLOW 1193 1508 1197 1507
SAGSLOW 1193 1507 1197 1507
SAGSLOW 1193 1507 1197 1507
SAGSLOW 1210 1508 1197 1507
SAGSLOW 1196 1507 1197 1507
SAGSLOW 1197 1507 1197 1507
SAGSLOW 1196 1507 1197 1507
SAGSLOW 1198 1507 1197 1507
SAGSLOW 1194 1507 1197 1507
SAGSLOW 1200 1507 1197 1507
SAGSLOW 1198 1507 1197 1507
SAGSLOW 1202 1507 1197 1507
SAGSLOW 1199 1508 1197 1507
SAGSLOW 1198 1508 1197 1507
SAGSLOW 1197 1507 1197 1507
SAGSLOW 1199 1508 1197 1507
SAGSLOW 1200 1507 1197 1507
SAGSLOW 1200 1506 1197 1507
SAGSLOW 1197 1507 1197 1507
SAGSLOW 1199 1508 1197 1507
SAGSLOW 1199 1507 1197 1507
SAGSLOW 1193 1508 1197 1507
SAGSLOW 1198 1506 1197 1507
SAGSLOW 1197 1507 1197 1507
SAGSLOW 1199 1507 1197 1507
SAGSLOW 1197 1507 1197 1507
SAGSLOW 1199 1507 1197 1507
SAGSLOW 1195 1506 1197 1507
SAGSLOW 1197 1508 1197 1507
SAGSLOW 1199 1507 1197 1507
SAGSLOW 1193 1507 1197 1507
SAGSLOW 1196 1507 1197 1507
SAGSLOW 1200 1507 1197 1507
SAGSLOW 1199 1508 1197 1507
SAGSLOW 1199 1507 1197 1507
SAGSLOW 1200 1508 1197 1507
SAGSLOW 1196 1507 1197 1507
SAGSLOW 1197 1507 1197 1507
SAGSLOW 1192 1507 1197 1507
SAGSLOW 1198 1506 1197 1507
SAGSLOW 1203 1507 1197 1507
SAGSLOW 1199 1506 1197 1507
SAGSLOW 1199 1507 1197 1507
SAGSLOW 1197 1507 1197 1507
SAGSLOW 1192 1507 1197 1507
SAGSLOW 1194 1506 1197 1507
SAGSLOW 1202 1506 1197 1507
SAGSLOW 1198 1506 1197 1507
SAGSLOW 1196 1507 1197 1507
SAGSLOW 1198 1508 1197 1507
SAGSLOW 1201 1508 1197 1507
SAGSLOW 1201 1506 1197 1507
SAGSLOW 1199 1508 1197 1507
SAGSLOW 1196 1507 1197 1507
SAGSLOW 1199 1507 1197 1507
SAGSLOW 1195 1507 1197 1507
SAGSLOW 1200 1507 1197 1507
SAGSLOW 1195 1507 1197 1507
SAGSLOW 1200 1507 1197 1507
SAGSLOW 1197 1508 1197 1507
SAGSLOW 1191 1507 1197 1507
SAGSLOW 1197 1507 1197 1507
SAGSLOW 1193 1506 1197 1507
SAGSLOW 1199 1507 1197 1507
SAGSLOW 1199 1507 1197 1507
SAGSLOW 1199 1507 1197 1507
SAGSLOW 1197 1507 1197 1507
SAGSLOW 1199 1507 1197 1507
SAGSLOW 1200 1507 1197 1507
SAGSLOW 1198 1506 1197 1507
SAGSLOW 1196 1506 1197 1507
SAGSLOW 1199 1506 1197 1507
SAGSLOW 1196 1507 1197 1507
SAGSLOW 1196 1507 1197 1507
SAGSLOW 1200 1507 1197 1507
SAGSLOW 1199 1507 1197 1507
SAGSLOW 1196 1507 1197 1507
SAGSLOW 1199 1507 1197 1507
SAGSLOW 1203 1507 1197 1507
SAGSLOW 1201 1507 1197 1507
SAGSLOW 1199 1507 1197 1507
SAGSLOW 1208 1507 1197 1507
SAGSLOW 1196 1507 1197 1507
SAGSLOW 1196 1507 1197 1507
SAGSLOW 1195 1508 1197 1507
SAGSLOW 1194 1507 1197 1507
SAGSLOW 1202 1507 1197 1507
SAGSLOW 1194 1507 1197 1507
SAGSLOW 1197 1506 1197 1507
SAGSLOW 1196 1507 1197 1507
SAGSLOW 1201 1508 1197 1507
SAGSLOW 1196 1507 1197 1507
SAGSLOW 1197 1507 1197 1507
SAGSLOW 1196 1506 1197 1507
SAGSLOW 1195 1507 1197 1507
SAGSLOW 1199 1508 1197 1507
SAGSLOW 1201 1507 1197 1507
SAGSLOW 1199 1507 1197 1507
SAGSLOW 1201 1508 1197 1507
SAGSLOW 1195 1507 1197 1507
SAGSLOW 1202 1507 1197 1507
SAGSLOW 1198 1507 1197 1507
SAGSLOW 1196 1507 1197 1507
SAGSLOW 1195 1507 1197 1507
SAGSLOW 1201 1507 1197 1507
SAGSLOW 1199 1507 1197 1507
SAGSLOW 1194 1507 1197 1507
SAGSLOW 1195 1506 1197 1507
SAGSLOW 1199 1507 1197 1507
SAGSLOW 1192 1508 1197 1507
SAGSLOW 1198 1507 1197 1507
SAGSLOW 1200 1506 1197 1507
SAGSLOW 1198 1507 1197 1507
SAGSLOW 1197 1507 1197 1507
SAGSLOW 1195 1507 1197 1507
SAGSLOW 1198 1507 1197 1507
SAGSLOW 1202 1507 1197 1507
SAGSLOW 1196 1507 1197 1507
SAGSLOW 1197 1508 1197 1507
SAGSLOW 1197 1507 1197 1507
SAGSLOW 1195 1506 1197 1507
SAGSLOW 1203 1507 1197 1507
SAGSLOW 1199 1507 1197 1507
SAGSLOW 1197 1507 1197 1507
SAGSLOW 1197 1507 1197 1507
SAGSLOW 1199 1507 1197 1507
SAGSLOW 1197 1506 1197 1507
SAGSLOW 1194 1507 1197 1507
SAGSLOW 1204 1508 1197 1507
SAGSLOW 1197 1507 1197 1507
SAGSLOW 1196 1507 1197 1507
SAGSLOW 1200 1507 1197 1507
SAGSLOW 1202 1507 1197 1507
SAGSLOW 1197 1508 1197 1507
SAGSLOW 1196 1507 1197 1507
SAGSLOW 1200 1507 1197 1507
SAGSLOW 1198 1508 1197 1507
SAGSLOW 1197 1507 1197 1507
SAGSLOW 1201 1507 1197 1507
SAGSLOW 1198 1506 1197 1507
SAGSLOW 1196 1507 1197 1507
SAGSLOW 1198 1507 1197 1507
SAGSLOW 1193 1506 1197 1507
SAGSLOW 1196 1507 1197 1507
SAGSLOW 1199 1507 1197 1507
SAGSLOW 1201 1506 1197 1507
SAGSLOW 1194 1507 1197 1507
SAGSLOW 1202 1507 1197 1507
SAGSLOW 1199 1507 1197 1507
SAGSLOW 1197 1507 1197 1507
SAGSLOW 1198 1507 1197 1507
SAGSLOW 1194 1507 1197 1507
SAGSLOW 1195 1507 1197 1507
SAGSLOW 1187 1507 1197 1507
SAGSLOW 1201 1507 1197 1507
SAGSLOW 1199 1507 1197 1507
SAGSLOW 1198 1507 1197 1507
SAGSLOW 1197 1506 1197 1507
SAGSLOW 1201 1507 1197 1507
SAGSLOW 1192 1507 1197 1507
SAGSLOW 1197 1506 1197 1507
SAGSLOW 1196 1506 1197 1507
SAGSLOW 1194 1507 1197 1507
SAGSLOW 1200 1507 1197 1507
SAGSLOW 1196 1506 1197 1507
SAGSLOW 1195 1506 1197 1507
SAGSLOW 1197 1507 1197 1507
SAGSLOW 1198 1506 1197 1507
SAGSLOW 1204 1507 1197 1507
SAGSLOW 1195 1506 1197 1507
SAGSLOW 1196 1507 1197 1507
SAGSLOW 1198 1507 1197 1507
SAGSLOW 1198 1507 1197 1507
SAGSLOW 1200 1508 1197 1507
SAGSLOW 1197 1507 1197 1507
SAGSLOW 1196 1507 1197 1507
SAGSLOW 1195 1507 1197 1507
SAGSLOW 1198 1507 1197 1507
SAGSLOW 1203 1507 1197 1507
SAGSLOW 1202 1507 1197 1507
SAGSLOW 1200 1507 1197 1507
SAGSLOW 1195 1507 1197 1507
SAGSLOW 1199 1508 1197 1507
SAGSLOW 1199 1506 1197 1507
SAGSLOW 1200 1507 1197 1507
SAGSLOW 1198 1507 1197 1507
SAGSLOW 1198 1507 1197 1507
SAGSLOW 1195 1507 1197 1507
SAGSLOW 1196 1506 1197 1507
SAGSLOW 1200 1506 1197 1507
SAGSLOW 1199 1507 1197 1507
SAGSLOW 1195 1507 1197 1507
SAGSLOW 1196 1506 1197 1507
SAGSLOW 1201 1506 1198 1507
SAGSLOW 1196 1507 1197 1507
SAGSLOW 1192 1506 1197 1507
SAGSLOW 1201 1507 1198 1507
SAGSLOW 1191 1508 1198 1507
SAGSLOW 1198 1507 1198 1507
SAGSLOW 1201 1508 1198 1507
SAGSLOW 1201 1507 1198 1507
SAGSLOW 1193 1508 1198 1507
SAGSLOW 1203 1507 1198 1507
SAGSLOW 1201 1507 1198 1507
SAGSLOW 1197 1508 1198 1507
SAGSLOW 1198 1507 1198 1507
SAGSLOW 1199 1507 1198 1507
SAGSLOW 1197 1507 1198 1507
SAGSLOW 1199 1506 1198 1507
SAGSLOW 1196 1506 1198 1507
SAGSLOW 1205 1507 1198 1507
SAGSLOW 1200 1507 1198 1507
SAGSLOW 1198 1506 1198 1507
SAGSLOW 1199 1507 1198 1507
SAGSLOW 1198 1507 1198 1507
SAGSLOW 1191 1507 1198 1507
SAGSLOW 1200 1507 1198 1507
SAGSLOW 1195 1507 1198 1507
SAGSLOW 1199 1507 1198 1507
SAGSLOW 1199 1507 1198 1507
SAGSLOW 1195 1507 1198 1507
SAGSLOW 1196 1507 1198 1507
SAGSLOW 1198 1507 1198 1507
SAGSLOW 1199 1507 1198 1507
SAGSLOW 1198 1506 1198 1507
SAGSLOW 1199 1507 1198 1507
SAGSLOW 1194 1507 1198 1507
SAGSLOW 1199 1506 1198 1507
SAGSLOW 1198 1507 1198 1507
SAGSLOW 1196 1507 1198 1507
SAGSLOW 1197 1507 1198 1507
SAGSLOW 1196 1507 1198 1507
SAGSLOW 1200 1507 1198 1507
SAGSLOW 1196 1505 1198 1507
SAGSLOW 1201 1508 1198 1507
SAGSLOW 1194 1507 1198 1507
SAGSLOW 1201 1508 1198 1507
SAGSLOW 1196 1506 1198 1507
SAGSLOW 1195 1507 1198 1507
SAGSLOW 1198 1508 1198 1507
SAGSLOW 1199 1507 1198 1507
SAGSLOW 1196 1507 1198 1507
SAGSLOW 1193 1507 1198 1507
SAGSLOW 1199 1508 1198 1507
SAGSLOW 1195 1507 1198 1507
SAGSLOW 1198 1508 1198 1507
SAGSLOW 1198 1507 1198 1507
SAGSLOW 1195 1506 1198 1507
SAGSLOW 1200 1507 1198 1507
SAGSLOW 1198 1507 1198 1507
SAGSLOW 1203 1506 1198 1507
SAGSLOW 1193 1507 1198 1507
SAGSLOW 1188 1507 1198 1507
SAGSLOW 1196 1506 1198 1507
SAGSLOW 1199 1507 1198 1507
SAGSLOW 1193 1507 1198 1507
SAGSLOW 1195 1507 1198 1507
SAGSLOW 1192 1507 1198 1507
SAGSLOW 1201 1506 1197 1507
SAGSLOW 1198 1507 1198 1507
SAGSLOW 1196 1506 1197 1507
SAGSLOW 1193 1508 1198 1507
SAGSLOW 1196 1507 1197 1507
SAGSLOW 1200 1507 1197 1507
SAGSLOW 1199 1508 1198 1507
SAGSLOW 1195 1507 1198 1507
SAGSLOW 1196 1507 1198 1507
SAGSLOW 1197 1507 1198 1507
SAGSLOW 1199 1508 1198 1507
SAGSLOW 1194 1507 1198 1507
SAGSLOW 1199 1507 1197 1507
SAGSLOW 1197 1507 1197 1507
SAGSLOW 1198 1507 1198 1507
SAGSLOW 1193 1507 1197 1507
SAGSLOW 1198 1507 1197 1507
SAGSLOW 1202 1507 1197 1507
SAGSLOW 1195 1507 1197 1507
SAGSLOW 1194 1507 1197 1507
SAGSLOW 1191 1507 1197 1507
SAGSLOW 1203 1507 1198 1507
SAGSLOW 1196 1507 1197 1507
SAGSLOW 1195 1507 1197 1507
SAGSLOW 1198 1507 1197 1507
SAGSLOW 1196 1507 1197 1507
SAGSLOW 1201 1506 1197 1507
SAGSLOW 1199 1507 1197 1507
SAGSLOW 1199 1507 1197 1507
SAGSLOW 1197 1507 1197 1507
SAGSLOW 1196 1507 1197 1507
SAGSLOW 1194 1506 1197 1507
SAGSLOW 1199 1507 1197 1507
SAGSLOW 1196 1506 1197 1507
SAGSLOW 1197 1507 1197 1507
SAGSLOW 1203 1507 1197 1507
SAGSLOW 1194 1507 1197 1507
SAGSLOW 1200 1508 1197 1507
SAGSLOW 1200 1507 1197 1507
SAGSLOW 1195 1507 1197 1507
SAGSLOW 1198 1507 1197 1507
SAGSLOW 1197 1507 1197 1507
SAGSLOW 1195 1507 1197 1507
SAGSLOW 1200 1507 1197 1507
SAGSLOW 1205 1507 1197 1507
SAGSLOW 1191 1507 1197 1507
SAGSLOW 1200 1507 1197 1507
SAGSLOW 1195 1506 1197 1507
SAGSLOW 1202 1506 1197 1507
SAGSLOW 1200 1507 1197 1507
SAGSLOW 1193 1507 1197 1507
SAGSLOW 1201 1507 1197 1507
SAGSLOW 1197 1508 1197 1507
SAGSLOW 1204 1508 1197 1507
SAGSLOW 1195 1507 1197 1507
SAGSLOW 1197 1506 1197 1507
SAGSLOW 1203 1507 1197 1507
SAGSLOW 1198 1507 1197 1507
SAGSLOW 1195 1507 1197 1507
SAGSLOW 1199 1508 1197 1507
SAGSLOW 1203 1507 1197 1507
SAGSLOW 1198 1507 1197 1507
SAGSLOW 1196 1507 1197 1507
SAGSLOW 1197 1507 1197 1507
SAGSLOW 1195 1506 1197 1507
SAGSLOW 1200 1506 1197 1507
SAGSLOW 1203 1507 1197 1507
SAGSLOW 1200 1507 1197 1507
SAGSLOW 1196 1507 1197 1507
SAGSLOW 1197 1507 1197 1507
SAGSLOW 1198 1506 1197 1507
SAGSLOW 1204 1508 1197 1507
SAGSLOW 1199 1508 1197 1507
SAGSLOW 1198 1506 1197 1507
SAGSLOW 1193 1507 1198 1507
SAGSLOW 1196 1506 1198 1507
SAGSLOW 1196 1507 1198 1507
SAGSLOW 1198 1507 1198 1507
SAGSLOW 1199 1507 1197 1507
SAGSLOW 1199 1507 1198 1507
SAGSLOW 1199 1507 1198 1507
SAGSLOW 1201 1507 1198 1507
SAGSLOW 1195 1507 1198 1507
SAGSLOW 1202 1507 1198 1507
SAGSLOW 1200 1507 1198 1507
SAGSLOW 1202 1506 1198 1507
SAGSLOW 1198 1507 1198 1507
SAGSLOW 1198 1507 1198 1507
SAGSLOW 1198 1507 1198 1507
SAGSLOW 1195 1507 1198 1507
SAGSLOW 1200 1507 1198 1507
SAGSLOW 1199 1506 1198 1507
SAGSLOW 1197 1507 1198 1507
SAGSLOW 1202 1507 1198 1507
SAGSLOW 1198 1507 1198 1507
SAGSLOW 1192 1507 1198 1507
SAGSLOW 1194 1507 1198 1507
SAGSLOW 1198 1507 1198 1507
SAGSLOW 1199 1507 1198 1507
SAGSLOW 1199 1507 1198 1507
SAGSLOW 1194 1507 1198 1507
SAGSLOW 1200 1507 1198 1507
SAGSLOW 1195 1507 1198 1507
SAGSLOW 1199 1508 1198 1507
SAGSLOW 1200 1507 1198 1507
SAGSLOW 1202 1507 1198 1507
SAGSLOW 1199 1507 1198 1507
SAGSLOW 1196 1507 1198 1507
SAGSLOW 1197 1507 1198 1507
SAGSLOW 1199 1508 1198 1507
SAGSLOW 1197 1507 1198 1507
SAGSLOW 1197 1508 1198 1507
SAGSLOW 1197 1507 1198 1507
SAGSLOW 1200 1507 1198 1507
SAGSLOW 1201 1507 1198 1507
SAGSLOW 1197 1507 1198 1507
SAGSLOW 1194 1506 1198 1507
SAGSLOW 1199 1507 1198 1507
SAGSLOW 1197 1507 1198 1507
SAGSLOW 1198 1507 1198 1507
SAGSLOW 1195 1507 1198 1507
SAGSLOW 1197 1507 1198 1507
SAGSLOW 1199 1507 1198 1507
SAGSLOW 1200 1508 1198 1507
SAGSLOW 1199 1507 1198 1507
SAGSLOW 1198 1507 1198 1507
SAGSLOW 1188 1507 1198 1507
SAGSLOW 1194 1507 1198 1507
SAGSLOW 1196 1507 1198 1507
SAGSLOW 1199 1507 1198 1507
SAGSLOW 1200 1507 1198 1507
SAGSLOW 1195 1507 1198 1507
SAGSLOW 1197 1507 1198 1507
SAGSLOW 1197 1507 1198 1507
SAGSLOW 1206 1507 1198 1507
SAGSLOW 1200 1507 1198 1507
SAGSLOW 1201 1508 1198 1507
SAGSLOW 1193 1508 1198 1507
SAGSLOW 1197 1507 1198 1507
SAGSLOW 1199 1508 1198 1507
SAGSLOW 1200 1507 1198 1507
SAGSLOW 1196 1507 1198 1507
SAGSLOW 1197 1507 1198 1507
SAGSLOW 1199 1507 1198 1507
SAGSLOW 1194 1507 1198 1507
SAGSLOW 1197 1507 1198 1507
SAGSLOW 1195 1507 1198 1507
SAGSLOW 1200 1507 1198 1507
SAGSLOW 1197 1507 1198 1507
SAGSLOW 1193 1507 1198 1507
SAGSLOW 1197 1506 1198 1507
SAGSLOW 1194 1507 1198 1507
SAGSLOW 1195 1505 1198 1507
SAGSLOW 1199 1507 1198 1507
SAGSLOW 1199 1507 1198 1507
SAGSLOW 1195 1508 1198 1507
SAGSLOW 1195 1506 1198 1507
SAGSLOW 1200 1507 1198 1507
SAGSLOW 1196 1507 1198 1507
SAGSLOW 1196 1507 1198 1507
SAGSLOW 1196 1507 1198 1507
SAGSLOW 1200 1508 1198 1507
SAGSLOW 1192 1507 1198 1507
SAGSLOW 1199 1506 1198 1507
SAGSLOW 1196 1508 1198 1507
SAGSLOW 1203 1507 1198 1507
SAGSLOW 1198 1507 1198 1507
SAGSLOW 1195 1507 1198 1507
SAGSLOW 1196 1507 1198 1507
SAGSLOW 1197 1507 1198 1507
SAGSLOW 1194 1507 1198 1507
SAGSLOW 1199 1507 1198 1507
SAGSLOW 1199 1508 1198 1507
SAGSLOW 1197 1507 1198 1507
SAGSLOW 1198 1507 1198 1507
SAGSLOW 1197 1506 1198 1507
SAGSLOW 1195 1507 1198 1507
SAGSLOW 1204 1507 1198 1507
SAGSLOW 1192 1508 1198 1507
SAGSLOW 1198 1506 1198 1507
SAGSLOW 1195 1507 1198 1507
SAGSLOW 1194 1507 1198 1507
SAGSLOW 1198 1507 1198 1507
SAGSLOW 1194 1507 1198 1507
SAGSLOW 1195 1507 1198 1507
SAGSLOW 1196 1507 1198 1507
SAGSLOW 1198 1506 1198 1507
SAGSLOW 1205 1507 1198 1507
SAGSLOW 1197 1508 1198 1507
SAGSLOW 1199 1506 1198 1507
SAGSLOW 1193 1507 1198 1507
SAGSLOW 1193 1508 1198 1507
SAGSLOW 1197 1507 1198 1507
SAGSLOW 1193 1508 1198 1507
SAGSLOW 1197 1507 1198 1507
SAGSLOW 1193 1507 1198 1507
SAGSLOW 1193 1507 1198 1507
SAGSLOW 1198 1507 1197 1507
SAGSLOW 1199 1507 1198 1507
SAGSLOW 1195 1507 1198 1507
SAGSLOW 1199 1507 1197 1507
SAGSLOW 1194 1506 1197 1507
SAGSLOW 1197 1507 1197 1507
SAGSLOW 1197 1507 1197 1507
SAGSLOW 1200 1507 1197 1507
SAGSLOW 1207 1507 1197 1507
SAGSLOW 1196 1506 1197 1507
SAGSLOW 1197 1506 1197 1507
SAGSLOW 1198 1507 1198 1507
SAGSLOW 1194 1508 1197 1507
SAGSLOW 1201 1507 1197 1507
SAGSLOW 1194 1507 1197 1507
SAGSLOW 1198 1507 1197 1507
SAGSLOW 1198 1507 1197 1507
SAGSLOW 1198 1507 1197 1507
SAGSLOW 1198 1507 1197 1507
SAGSLOW 1200 1506 1197 1507
SAGSLOW 1199 1507 1197 1507
SAGSLOW 1198 1508 1197 1507
SAGSLOW 1203 1506 1197 1507
SAGSLOW 1197 1506 1198 1507
SAGSLOW 1198 1506 1198 1507
SAGSLOW 1196 1507 1198 1507
SAGSLOW 1197 1507 1198 1507
SAGSLOW 1196 1506 1197 1507
SAGSLOW 1199 1507 1197 1507
SAGSLOW 1198 1507 1197 1507
SAGSLOW 1200 1507 1198 1507
SAGSLOW 1202 1507 1198 1507
SAGSLOW 1201 1505 1198 1507
SAGSLOW 1197 1508 1198 1507
SAGSLOW 1197 1507 1198 1507
SAGSLOW 1195 1507 1197 1507
SAGSLOW 1200 1507 1197 1507
SAGSLOW 1198 1508 1197 1507
SAGSLOW 1197 1506 1198 1507
SAGSLOW 1197 1507 1198 1507
SAGSLOW 1205 1507 1198 1507
SAGSLOW 1200 1507 1198 1507
SAGSLOW 1198 1507 1198 1507
SAGSLOW 1196 1508 1198 1507
SAGSLOW 1194 1507 1198 1507
SAGSLOW 1196 1507 1198 1507
SAGSLOW 1197 1506 1198 1507
SAGSLOW 1197 1507 1198 1507
SAGSLOW 1195 1506 1198 1507
SAGSLOW 1197 1507 1198 1507
SAGSLOW 1200 1507 1197 1507
SAGSLOW 1193 1507 1197 1507
SAGSLOW 1195 1507 1197 1507
SAGSLOW 1197 1507 1197 1507
SAGSLOW 1195 1507 1197 1507
SAGSLOW 1194 1507 1197 1507
SAGSLOW 1199 1508 1197 1507
SAGSLOW 1199 1507 1197 1507
SAGSLOW 1196 1507 1197 1507
SAGSLOW 1196 1506 1197 1507
SAGSLOW 1200 1506 1197 1507
SAGSLOW 1197 1507 1197 1507
SAGSLOW 1202 1507 1197 1507
SAGSLOW 1203 1507 1197 1507
SAGSLOW 1198 1507 1197 1507
SAGSLOW 1196 1506 1197 1507
SAGSLOW 1199 1508 1197 1507
SAGSLOW 1197 1506 1197 1507
SAGSLOW 1199 1507 1197 1507
SAGSLOW 1197 1507 1197 1507
SAGSLOW 1202 1507 1197 1507
SAGSLOW 1198 1507 1197 1507
SAGSLOW 1201 1507 1197 1507
SAGSLOW 1192 1506 1197 1507
SAGSLOW 1194 1508 1197 1507
SAGSLOW 1198 1508 1197 1507
SAGSLOW 1199 1506 1197 1507
SAGSLOW 1198 1507 1197 1507
SAGSLOW 1198 1508 1197 1507
SAGSLOW 1196 1507 1197 1507
SAGSLOW 1194 1507 1197 1507
SAGSLOW 1198 1507 1197 1507
SAGSLOW 1194 1507 1197 1507
SAGSLOW 1195 1507 1197 1507
SAGSLOW 1201 1508 1197 1507
SAGSLOW 1196 1507 1197 1507
SAGSLOW 1203 1507 1197 1507
SAGSLOW 1200 1507 1197 1507
SAGSLOW 1198 1507 1197 1507
SAGSLOW 1198 1507 1197 1507
SAGSLOW 1194 1506 1197 1507
SAGSLOW 1198 1506 1197 1507
SAGSLOW 1191 1506 1197 1507
SAGSLOW 1201 1507 1197 1507
SAGSLOW 1193 1508 1197 1507
SAGSLOW 1198 1507 1197 1507
SAGSLOW 1202 1506 1197 1507
SAGSLOW 1198 1508 1197 1507
SAGSLOW 1197 1508 1197 1507
SAGSLOW 1202 1507 1197 1507
SAGSLOW 1200 1507 1197 1507
SAGSLOW 1199 1507 1197 1507
SAGSLOW 1198 1507 1197 1507
SAGSLOW 1200 1508 1197 1507
SAGSLOW 1200 1508 1197 1507
SAGSLOW 1202 1507 1197 1507
SAGSLOW 1202 1507 1197 1507
SAGSLOW 1204 1507 1197 1507
SAGSLOW 1197 1507 1197 1507
SAGSLOW 1196 1507 1197 1507
SAGSLOW 1193 1506 1197 1507
SAGSLOW 1198 1507 1197 1507
SAGSLOW 1194 1507 1197 1507
SAGSLOW 1200 1507 1197 1507
SAGSLOW 1200 1506 1198 1507
SAGSLOW 1193 1507 1197 1507
SAGSLOW 1196 1507 1197 1507
SAGSLOW 1196 1508 1197 1507
SAGSLOW 1199 1507 1197 1507
SAGSLOW 1195 1506 1197 1507
SAGSLOW 1196 1506 1197 1507
SAGSLOW 1200 1506 1197 1507
SAGSLOW 1201 1507 1197 1507
SAGSLOW 1196 1507 1197 1507
SAGSLOW 1197 1507 1197 1507
SAGSLOW 1203 1507 1197 1507
SAGSLOW 1193 1507 1197 1507
SAGSLOW 1196 1507 1198 1507
SAGSLOW 1201 1507 1197 1507
SAGSLOW 1195 1507 1198 1507
SAGSLOW 1198 1507 1198 1507
SAGSLOW 1199 1508 1197 1507
SAGSLOW 1195 1507 1197 1507
SAGSLOW 1198 1507 1197 1507
SAGSLOW 1197 1506 1197 1507
SAGSLOW 1204 1507 1197 1507
SAGSLOW 1198 1507 1197 1507
SAGSLOW 1198 1507 1197 1507
SAGSLOW 1198 1507 1197 1507
SAGSLOW 1203 1506 1197 1507
SAGSLOW 1201 1506 1197 1507
SAGSLOW 1194 1507 1197 1507
SAGSLOW 1202 1507 1197 1507
SAGSLOW 1198 1506 1197 1507
SAGSLOW 1195 1507 1197 1507
SAGSLOW 1198 1507 1197 1507
SAGSLOW 1195 1507 1197 1507
SAGSLOW 1196 1507 1197 1507
SAGSLOW 1195 1507 1197 1507
SAGSLOW 1197 1507 1198 1507
SAGSLOW 1198 1506 1198 1507
SAGSLOW 1200 1507 1198 1507
SAGSLOW 1198 1508 1198 1507
SAGSLOW 1197 1507 1198 1507
SAGSLOW 1197 1507 1198 1507
SAGSLOW 1194 1507 1198 1507
SAGSLOW 1199 1507 1198 1507
SAGSLOW 1201 1507 1198 1507
SAGSLOW 1192 1506 1198 1507
SAGSLOW 1195 1507 1198 1507
SAGSLOW 1197 1506 1198 1507
SAGSLOW 1199 1507 1198 1507
SAGSLOW 1201 1507 1198 1507
SAGSLOW 1199 1506 1198 1507
SAGSLOW 1193 1506 1198 1507
SAGSLOW 1195 1508 1198 1507
SAGSLOW 1199 1507 1198 1507
SAGSLOW 1204 1508 1198 1507
SAGSLOW 1195 1507 1198 1507
SAGSLOW 1193 1507 1198 1507
SAGSLOW 1200 1508 1198 1507
SAGSLOW 1198 1507 1198 1507
SAGSLOW 1196 1508 1198 1507
SAGSLOW 1196 1507 1198 1507
SAGSLOW 1199 1507 1198 1507
SAGSLOW 1199 1507 1198 1507
SAGSLOW 1197 1508 1198 1507
SAGSLOW 1205 1507 1198 1507
SAGSLOW 1193 1506 1198 1507
SAGSLOW 1194 1507 1198 1507
SAGSLOW 1204 1508 1198 1507
SAGSLOW 1204 1507 1198 1507
SAGSLOW 1195 1508 1198 1507
SAGSLOW 1195 1507 1198 1507
SAGSLOW 1193 1506 1198 1507
SAGSLOW 1194 1506 1198 1507
SAGSLOW 1198 1507 1198 1507
SAGSLOW 1202 1507 1198 1507
SAGSLOW 1196 1508 1198 1507
SAGSLOW 1199 1507 1198 1507
SAGSLOW 1200 1507 1198 1507
SAGSLOW 1200 1506 1198 1507
SAGSLOW 1197 1507 1198 1507
SAGSLOW 1199 1508 1198 1507
SAGSLOW 1198 1506 1198 1507
SAGSLOW 1193 1507 1198 1507
SAGSLOW 1201 1507 1198 1507
SAGSLOW 1197 1506 1198 1507
SAGSLOW 1195 1507 1198 1507
SAGSLOW 1195 1507 1198 1507
SAGSLOW 1197 1507 1198 1507
SAGSLOW 1195 1508 1198 1507
SAGSLOW 1198 1507 1198 1507
SAGSLOW 1197 1508 1198 1507
SAGSLOW 1201 1508 1198 1507
SAGSLOW 1203 1507 1198 1507
SAGSLOW 1199 1508 1198 1507
SAGSLOW 1195 1507 1198 1507
SAGSLOW 1199 1508 1198 1507
SAGSLOW 1199 1507 1198 1507
SAGSLOW 1194 1507 1198 1507
SAGSLOW 1197 1507 1198 1507
SAGSLOW 1200 1507 1198 1507
SAGSLOW 1194 1507 1198 1507
SAGSLOW 1201 1507 1198 1507
SAGSLOW 1198 1507 1198 1507
SAGSLOW 1198 1507 1198 1507
SAGSLOW 1197 1507 1198 1507
SAGSLOW 1195 1506 1198 1507
SAGSLOW 1198 1507 1198 1507
SAGSLOW 1200 1507 1198 1507
SAGSLOW 1196 1507 1198 1507
SAGSLOW 1197 1507 1198 1507
SAGSLOW 1200 1507 1198 1507
SAGSLOW 1202 1506 1198 1507
SAGSLOW 1194 1507 1198 1507
SAGSLOW 1200 1506 1198 1507
SAGSLOW 1198 1507 1198 1507
SAGSLOW 1200 1506 1198 1507
SAGSLOW 1194 1508 1198 1507
SAGSLOW 1198 1507 1198 1507
SAGSLOW 1198 1508 1198 1507
SAGSLOW 1198 1508 1198 1507
SAGSLOW 1203 1506 1198 1507
SAGSLOW 1195 1508 1198 1507
SAGSLOW 1201 1508 1198 1507
SAGSLOW 1199 1508 1198 1507
SAGSLOW 1195 1507 1198 1507
SAGSLOW 1200 1507 1198 1507
SAGSLOW 1200 1507 1198 1507
SAGSLOW 1201 1507 1198 1507
SAGSLOW 1199 1507 1198 1507
SAGSLOW 1199 1506 1198 1507
SAGSLOW 1198 1507 1198 1507
SAGSLOW 1198 1507 1198 1507
SAGSLOW 1200 1507 1198 1507
SAGSLOW 1198 1506 1198 1507
SAGSLOW 1200 1507 1198 1507
SAGSLOW 1195 1508 1198 1507
SAGSLOW 1198 1507 1198 1507
SAGSLOW 1194 1507 1198 1507
SAGSLOW 1198 1508 1198 1507
SAGSLOW 1193 1507 1198 1507
SAGSLOW 1200 1507 1198 1507
SAGSLOW 1195 1507 1198 1507
SAGSLOW 1196 1508 1198 1507
SAGSLOW 1199 1507 1198 1507
SAGSLOW 1199 1507 1198 1507
SAGSLOW 1195 1507 1198 1507
SAGSLOW 1196 1505 1198 1507
SAGSLOW 1203 1506 1198 1507
SAGSLOW 1197 1507 1198 1507
SAGSLOW 1196 1507 1198 1507
SAGSLOW 1199 1507 1198 1507
SAGSLOW 1194 1507 1198 1507
SAGSLOW 1202 1507 1198 1507
SAGSLOW 1201 1507 1198 1507
SAGSLOW 1201 1507 1198 1507
SAGSLOW 1199 1507 1198 1507
SAGSLOW 1196 1506 1198 1507
SAGSLOW 1201 1507 1198 1507
SAGSLOW 1195 1506 1198 1507
SAGSLOW 1198 1508 1198 1507
SAGSLOW 1199 1506 1198 1507
SAGSLOW 1194 1507 1198 1507
SAGSLOW 1199 1507 1198 1507
SAGSLOW 1200 1507 1198 1507
SAGSLOW 1203 1507 1198 1507
SAGSLOW 1196 1507 1198 1507
SAGSLOW 1197 1506 1198 1507
SAGSLOW 1194 1507 1198 1507
SAGSLOW 1196 1507 1198 1507
SAGSLOW 1201 1507 1198 1507
SAGSLOW 1197 1508 1198 1507
SAGSLOW 1193 1508 1198 1507
SAGSLOW 1192 1507 1198 1507
SAGSLOW 1199 1507 1198 1507
SAGSLOW 1193 1507 1198 1507
SAGSLOW 1196 1506 1198 1507
SAGSLOW 1196 1506 1198 1507
SAGSLOW 1192 1506 1198 1507
SAGSLOW 1200 1507 1198 1507
SAGSLOW 1199 1507 1198 1507
SAGSLOW 1198 1507 1198 1507
SAGSLOW 1192 1507 1198 1507
SAGSLOW 1197 1507 1198 1507
SAGSLOW 1197 1507 1198 1507
SAGSLOW 1202 1507 1198 1507
SAGSLOW 1198 1507 1198 1507
SAGSLOW 1197 1507 1198 1507
SAGSLOW 1197 1506 1198 1507
SAGSLOW 1201 1506 1198 1507
SAGSLOW 1195 1507 1198 1507
SAGSLOW 1197 1507 1198 1507
SAGSLOW 1196 1507 1198 1507
SAGSLOW 1195 1507 1198 1507
SAGSLOW 1198 1506 1198 1507
SAGSLOW 1198 1506 1198 1507
SAGSLOW 1199 1507 1198 1507
SAGSLOW 1199 1507 1198 1507
SAGSLOW 1201 1507 1198 1507
SAGSLOW 1194 1506 1198 1507
SAGSLOW 1204 1507 1198 1507
SAGSLOW 1201 1507 1198 1507
SAGSLOW 1193 1507 1198 1507
SAGSLOW 1195 1506 1198 1507
SAGSLOW 1194 1508 1198 1507
SAGSLOW 1198 1507 1198 1507
SAGSLOW 1200 1507 1198 1507
SAGSLOW 1194 1507 1198 1507
SAGSLOW 1194 1508 1198 1507
SAGSLOW 1196 1506 1198 1507
SAGSLOW 1195 1507 1197 1507
SAGSLOW 1202 1506 1198 1507
SAGSLOW 1194 1507 1198 1507
SAGSLOW 1194 1507 1198 1507
SAGSLOW 1197 1507 1197 1507
SAGSLOW 1197 1507 1197 1507
SAGSLOW 1194 1507 1197 1507
SAGSLOW 1196 1506 1197 1507
SAGSLOW 1200 1507 1197 1507
SAGSLOW 1195 1507 1197 1507
SAGSLOW 1197 1507 1197 1507
SAGSLOW 1199 1508 1197 1507
SAGSLOW 1195 1507 1197 1507
SAGSLOW 1196 1508 1197 1507
SAGSLOW 1197 1506 1197 1507
SAGSLOW 1194 1506 1197 1507
SAGSLOW 1195 1508 1197 1507
SAGSLOW 1197 1506 1197 1507
SAGSLOW 1195 1506 1197 1507
SAGSLOW 1199 1507 1197 1507
SAGSLOW 1194 1507 1197 1507
SAGSLOW 1199 1506 1197 1507
SAGSLOW 1195 1506 1197 1507
SAGSLOW 1198 1507 1197 1507
SAGSLOW 1194 1506 1197 1507
SAGSLOW 1197 1507 1197 1507
SAGSLOW 1197 1507 1197 1507
SAGSLOW 1197 1507 1197 1507
SAGSLOW 1196 1507 1197 1507
SAGSLOW 1199 1507 1197 1507
SAGSLOW 1197 1506 1197 1507
SAGSLOW 1206 1506 1197 1507
SAGSLOW 1201 1508 1197 1507
SAGSLOW 1198 1506 1197 1507
SAGSLOW 1200 1506 1197 1507
SAGSLOW 1199 1507 1197 1507
SAGSLOW 1195 1506 1197 1507
SAGSLOW 1200 1506 1197 1507
SAGSLOW 1194 1507 1197 1507
SAGSLOW 1197 1506 1197 1507
SAGSLOW 1200 1505 1197 1507
SAGSLOW 1197 1507 1197 1507
SAGSLOW 1199 1507 1197 1507
SAGSLOW 1199 1507 1197 1507
SAGSLOW 1200 1507 1197 1507
SAGSLOW 1196 1507 1197 1507
SAGSLOW 1199 1508 1197 1507
SAGSLOW 1195 1507 1197 1507
SAGSLOW 1199 1507 1197 1507
SAGSLOW 1198 1507 1197 1507
SAGSLOW 1197 1508 1197 1507
SAGSLOW 1197 1507 1197 1507
SAGSLOW 1200 1507 1197 1507
SAGSLOW 1196 1507 1197 1507
SAGSLOW 1200 1507 1197 1507
SAGSLOW 1198 1507 1197 1507
SAGSLOW 1198 1508 1197 1507
SAGSLOW 1198 1508 1197 1507
SAGSLOW 1190 1507 1197 1507
SAGSLOW 1203 1507 1197 1507
SAGSLOW 1201 1507 1197 1507
SAGSLOW 1199 1508 1197 1507
SAGSLOW 1194 1507 1197 1507
SAGSLOW 1198 1508 1197 1507
SAGSLOW 1195 1507 1197 1507
SAGSLOW 1197 1507 1197 1507
SAGSLOW 1198 1508 1197 1507
SAGSLOW 1197 1507 1197 1507
SAGSLOW 1201 1507 1198 1507
SAGSLOW 1196 1507 1198 1507
SAGSLOW 1196 1507 1198 1507
SAGSLOW 1196 1506 1198 1507
SAGSLOW 1200 1507 1198 1507
SAGSLOW 1197 1508 1198 1507
SAGSLOW 1200 1507 1198 1507
SAGSLOW 1197 1506 1198 1507
SAGSLOW 1200 1507 1198 1507
SAGSLOW 1199 1507 1198 1507
SAGSLOW 1194 1507 1198 1507
SAGSLOW 1200 1507 1198 1507
SAGSLOW 1199 1507 1198 1507
SAGSLOW 1202 1506 1198 1507
SAGSLOW 1194 1507 1198 1507
SAGSLOW 1197 1508 1197 1507
SAGSLOW 1199 1507 1197 1507
SAGSLOW 1205 1507 1197 1507
SAGSLOW 1198 1507 1197 1507
SAGSLOW 1194 1508 1197 1507
SAGSLOW 1199 1507 1197 1507
SAGSLOW 1202 1507 1197 1507
SAGSLOW 1197 1508 1197 1507
SAGSLOW 1202 1506 1197 1507
SAGSLOW 1199 1506 1197 1507
SAGSLOW 1193 1508 1197 1507
SAGSLOW 1197 1506 1197 1507
SAGSLOW 1195 1506 1197 1507
SAGSLOW 1196 1507 1197 1507
SAGSLOW 1196 1508 1197 1507
SAGSLOW 1196 1507 1197 1507
SAGSLOW 1196 1507 1197 1507
SAGSLOW 1197 1507 1197 1507
SAGSLOW 1191 1507 1197 1507
SAGSLOW 1195 1507 1197 1507
SAGSLOW 1203 1507 1197 1507
SAGSLOW 1202 1507 1197 1507
SAGSLOW 1199 1507 1197 1507
SAGSLOW 1198 1508 1197 1507
SAGSLOW 1195 1507 1197 1507
SAGSLOW 1197 1507 1197 1507
SAGSLOW 1196 1506 1197 1507
SAGSLOW 1200 1507 1197 1507
SAGSLOW 1194 1507 1197 1507
SAGSLOW 1195 1507 1197 1507
SAGSLOW 1197 1506 1197 1507
SAGSLOW 1195 1506 1197 1507
SAGSLOW 1194 1506 1197 1507
SAGSLOW 1196 1506 1197 1507
SAGSLOW 1195 1507 1197 1507
SAGSLOW 1195 1507 1197 1507
SAGSLOW 1196 1508 1197 1507
SAGSLOW 1198 1506 1197 1507
SAGSLOW 1196 1507 1197 1507
SAGSLOW 1195 1507 1197 1507
SAGSLOW 1205 1508 1197 1507
SAGSLOW 1198 1506 1197 1507
SAGSLOW 1195 1507 1197 1507
SAGSLOW 1188 1508 1197 1507
SAGSLOW 1193 1506 1197 1507
SAGSLOW 1195 1507 1197 1507
SAGSLOW 1198 1507 1197 1507
SAGSLOW 1195 1507 1197 1507
SAGSLOW 1196 1507 1197 1507
SAGSLOW 1195 1507 1197 1507
SAGSLOW 1198 1507 1197 1507
SAGSLOW 1201 1507 1197 1507
SAGSLOW 1204 1507 1197 1507
SAGSLOW 1199 1507 1197 1507
SAGSLOW 1194 1507 1197 1507
SAGSLOW 1198 1507 1197 1507
SAGSLOW 1197 1506 1197 1507
SAGSLOW 1197 1505 1197 1507
SAGSLOW 1197 1506 1197 1507
SAGSLOW 1203 1506 1197 1507
SAGSLOW 1200 1507 1197 1507
SAGSLOW 1199 1507 1197 1507
SAGSLOW 1194 1508 1197 1507
SAGSLOW 1199 1507 1197 1507
SAGSLOW 1199 1507 1197 1507
SAGSLOW 1198 1507 1197 1507
SAGSLOW 1192 1506 1197 1507
SAGSLOW 1198 1506 1197 1507
SAGSLOW 1197 1506 1197 1507
SAGSLOW 1195 1506 1197 1507
SAGEND
