# elf_crc32 63C0061D
# elf_sha256 828501C1596B3C1425F3D77CCE5AAEBDE343D25109FC0F7F0BACBA965B74D8D5
# started 2026-09-24T04:09:04
BEMFRUN handoff_ehz=200 target_duty_tenths=500 advance_level=22 total_ms=80000 inject=0
PREFLIGHT moe=0 ccr1=0 ccr2=0 ccr3=0 gates_low=1 en=0 nfault=1 verdict=PASS
POSTSTOP
PREFLIGHT moe=0 ccr1=0 ccr2=0 ccr3=0 gates_low=1 en=0 nfault=1 verdict=PASS
BEMFDONE reason=2 accepted=865414 forced=0 zc_acc=867460 too_early=3 unstable=1407998 ci_us=75 bus_ref=1218 bus_min=1107
BEMFSAG ref_bus=1218 ref_vref=1506 filt_bus=1198 filt_vref=1507 streak=0 tripped=0
BEMFGATE closed_ms=74776 hold_ms=54776 target_tenths=500 zc_per_s=11573 comm_per_s=11573 ehz_from_ci_last=2222 forced_pct=0
BEMFRATE hold_ms=54776 hold_accepted=707418 hold_forced=0 mean_ci_us=77 mean_sector_us=77 ehz_from_sector=2164 zc_per_s=12914 zc_expected_per_s=12987 zc_rate_permille_of_expected=994 hold_forced_pct=0
BEMFTAIL accepts=35844 span_us=2774891 start_before_stop_us=2775032 end_before_stop_us=141 window_us=2000000
BEMFRCOMP spent_max_us=11 late_arms=0 com_preempts=0 com_arm_preempts=0
BEMFSECTOR a1=65535 f1=0 a2=65535 f2=0 a3=65535 f3=0 a4=65535 f4=0 a5=65535 f5=0 a6=65535 f6=0
BEMFPHASE lt075=34702 to100=65535 to125=65535 to150=25678 gt150=4349
BEMFREVISIT r1=30557 v1=13779 r2=29611 v2=12408 r3=24986 v3=14912 r4=44438 v4=14976 r5=21567 v5=12888 r6=34228 v6=17877
BEMFDRIVEN entered=1 epochs=21 accepts=13 early=22 unstable=298 defers=1 retries=0 late_max_us=57 qual_intervals=12 qual_reanchors=0 qual_fault=0 fail=0 seeded=1 seed_step=3 seed_us=756 commanded_us=833 irq_peak_per_ms=65 closed_irq_peak_per_ms=61 storm=0 storm_step=0 cap_armed=1 comp_call_max_us=16 overrun=0 blank_arms=867440 blank_latched=0 com_count=867461 com_late_max_us=9
BEMFGUARD reason=0 ticks=786939 gap_max_us=109 track_fault=0 track_max_us=240 fast_events=858685 fast_min_us=31 loop_iters_closed=2360420 loop_gap_max_us=172 acquire_us=16802
BEMFDRVROWS 9:3:7707:913 10:4:685:664 11:5:808:747 12:6:634:563 13:1:716:440 14:2:703:318 15:3:776:244 16:4:625:46
BEMFDRVROWS 17:5:816:17 18:6:880:75 19:1:784:13 20:2:817:23 21:3:836:14
BEMFCURRENT blocks=7869 mean_residual=11255 mean_ma=1413 hold_blocks=5423 hold_ma=1798 zero_blocks=50 zero_start=619169 zero_end=617430 zero_drift_ma=-218 ref_ma=326 duty_tenths=500 ceiling_tenths=500 worst_residual=17081 worst_ma=2144
BEMFWITNESS samples=118281 bemf_min=0 bemf_max=0 mid=0 mid_fixed=0 alt=0 hyst_codes=12 driven_rotation=0
vsenc_min=0 vsenc_max=0 star_min=0 star_max=0 bus_ref=1218
BEMFCOAST reason=2 pp_first=0 pp_last=0 crossings=0 spun=1 comp_edges=1927 comp_hi=354643 comp_polls=551756
COASTTIMING trans=1413 offset_us=42 first_us=125 iv_us=235,230,233,229,237,229,233,231 ehz_first=2127
SAGSNAP judged=786908 fast_len=512 slow_len=1024 slow_every=32 frozen=1 num=95 den=100 streak_to_latch=3 adc_rail=4095
SAGROW 60394 1196 1506 1198 1507 0 2 500 112
SAGROW 60542 1195 1506 1198 1507 0 4 500 97
SAGROW 60625 1196 1506 1198 1507 0 6 500 109
SAGROW 60707 1196 1506 1198 1507 0 6 500 113
SAGROW 60809 1194 1506 1198 1507 0 2 500 54
SAGROW 60930 1194 1507 1198 1507 0 3 500 95
SAGROW 61030 1194 1506 1198 1507 0 5 500 126
SAGROW 61111 1195 1507 1198 1507 0 6 500 45
SAGROW 61247 1196 1507 1198 1507 0 1 500 110
SAGROW 61326 1196 1507 1198 1507 0 3 500 40
SAGROW 61430 1196 1508 1198 1507 0 4 500 67
SAGROW 61548 1195 1508 1198 1507 0 5 500 102
SAGROW 61648 1196 1508 1198 1507 0 1 500 51
SAGROW 61712 1195 1508 1198 1507 0 2 500 116
SAGROW 61831 1195 1508 1198 1507 0 3 500 61
SAGROW 61938 1196 1507 1198 1507 0 5 500 101
SAGROW 62020 1197 1507 1198 1507 0 6 500 114
SAGROW 62120 1198 1507 1198 1507 0 1 500 64
SAGROW 62249 1198 1507 1198 1507 0 3 500 114
SAGROW 62336 1198 1507 1198 1507 0 4 500 119
SAGROW 62417 1197 1507 1198 1507 0 5 500 51
SAGROW 62535 1198 1507 1198 1507 0 6 500 88
SAGROW 62639 1199 1507 1198 1507 0 2 500 89
SAGROW 62717 1201 1507 1198 1507 0 3 500 42
SAGROW 62860 1199 1507 1198 1507 0 4 500 102
SAGROW 62937 1200 1507 1198 1507 0 6 500 110
SAGROW 63020 1198 1507 1198 1507 0 6 500 114
SAGROW 63162 1198 1508 1198 1507 0 2 500 95
SAGROW 63245 1199 1508 1198 1507 0 3 500 112
SAGROW 63335 1198 1507 1198 1507 0 4 500 120
SAGROW 63442 1199 1507 1198 1507 0 6 500 78
SAGROW 63564 1197 1507 1198 1507 0 2 500 38
SAGROW 63639 1196 1507 1198 1507 0 3 500 41
SAGROW 63743 1196 1507 1198 1507 0 4 500 68
SAGROW 63849 1196 1506 1198 1507 0 5 500 91
SAGROW 63956 1197 1506 1198 1507 0 1 500 48
SAGROW 64045 1196 1506 1198 1507 0 2 500 58
SAGROW 64166 1196 1506 1198 1507 0 3 500 94
SAGROW 64257 1195 1506 1198 1507 0 5 500 40
SAGROW 64341 1196 1507 1198 1507 0 6 500 124
SAGROW 64443 1197 1507 1198 1507 0 1 500 73
SAGROW 64561 1197 1507 1198 1507 0 2 500 112
SAGROW 64641 1201 1507 1198 1507 0 3 500 108
SAGROW 64780 1201 1507 1198 1507 0 5 500 102
SAGROW 64879 1201 1507 1198 1507 0 1 500 52
SAGROW 64946 1202 1507 1198 1507 0 2 500 41
SAGROW 65042 1202 1507 1198 1507 0 3 500 55
SAGROW 65168 1203 1507 1198 1507 0 4 500 102
SAGROW 65250 1204 1507 1198 1507 0 6 500 114
SAGROW 65358 1204 1507 1198 1507 0 1 500 62
SAGROW 65471 1201 1507 1198 1507 0 2 500 95
SAGROW 30 1200 1507 1198 1507 0 4 500 121
SAGROW 111 1199 1507 1198 1507 0 5 500 50
SAGROW 220 1199 1507 1198 1507 0 6 500 80
SAGROW 336 1198 1507 1198 1507 0 1 500 115
SAGROW 416 1195 1507 1198 1507 0 3 500 43
SAGROW 543 1193 1506 1198 1507 0 4 500 94
SAGROW 642 1192 1507 1198 1507 0 6 500 87
SAGROW 729 1192 1507 1198 1507 0 1 500 119
SAGROW 854 1192 1507 1198 1507 0 2 500 93
SAGROW 949 1193 1507 1198 1507 0 4 500 118
SAGROW 1033 1193 1507 1198 1507 0 5 500 42
SAGROW 1133 1193 1507 1198 1507 0 6 500 64
SAGROW 1256 1194 1507 1198 1507 0 1 500 114
SAGROW 1352 1195 1507 1198 1507 0 3 500 130
SAGROW 1444 1196 1507 1198 1507 0 4 500 69
SAGROW 1556 1197 1507 1198 1507 0 5 500 105
SAGROW 1655 1197 1507 1198 1507 0 1 500 52
SAGROW 1742 1197 1507 1198 1507 0 2 500 61
SAGROW 1863 1199 1507 1198 1507 0 3 500 100
SAGROW 1953 1200 1507 1198 1507 0 5 500 42
SAGROW 2033 1200 1507 1198 1507 0 6 500 42
SAGROW 2164 1199 1507 1198 1507 0 1 500 103
SAGROW 2260 1199 1507 1198 1507 0 3 500 39
SAGROW 2351 1199 1507 1198 1507 0 4 500 52
SAGROW 2446 1200 1507 1198 1507 0 5 500 74
SAGROW 2558 1201 1507 1198 1507 0 6 500 106
SAGROW 2647 1201 1507 1198 1507 0 2 500 115
SAGROW 2745 1200 1507 1198 1507 0 3 500 60
SAGROW 2870 1200 1507 1198 1507 0 5 500 38
SAGROW 2955 1201 1507 1198 1507 0 6 500 43
SAGROW 3054 1200 1507 1198 1507 0 1 500 62
SAGROW 3166 1199 1507 1198 1507 0 2 500 94
SAGROW 3261 1200 1507 1198 1507 0 4 500 124
SAGROW 3351 1197 1507 1198 1507 0 5 500 130
SAGROW 3449 1195 1507 1198 1507 0 6 500 49
SAGROW 3567 1193 1507 1198 1507 0 1 500 101
SAGROW 3654 1192 1507 1198 1507 0 3 500 52
SAGROW 3774 1194 1507 1198 1507 0 4 500 96
SAGROW 3870 1196 1507 1198 1507 0 5 500 107
SAGROW 3970 1196 1507 1198 1507 0 1 500 58
SAGROW 4056 1194 1508 1198 1507 0 2 500 63
SAGROW 4179 1195 1508 1198 1507 0 3 500 103
SAGROW 4261 1195 1507 1198 1507 0 4 500 110
SAGROW 4367 1197 1507 1198 1507 0 6 500 66
SAGROW 4482 1198 1507 1198 1507 0 2 500 110
SAGROW 4564 1197 1507 1198 1507 0 2 500 113
SAGROW 4666 1194 1507 1198 1507 0 4 500 57
SAGROW 4784 1195 1507 1198 1507 0 5 500 102
SAGROW 4890 1196 1507 1198 1507 0 1 500 51
SAGROW 4979 1196 1507 1198 1507 0 2 500 69
SAGROW 5097 1197 1507 1198 1507 0 3 500 105
SAGROW 5179 1197 1507 1198 1507 0 4 500 108
SAGROW 5280 1198 1507 1198 1507 0 6 500 58
SAGROW 5403 1199 1507 1198 1507 0 1 500 101
SAGROW 5478 1200 1507 1198 1507 0 2 500 97
SAGROW 5573 1201 1506 1198 1507 0 4 500 124
SAGROW 5668 1200 1507 1198 1507 0 5 500 67
SAGROW 5803 1200 1507 1198 1507 0 1 500 123
SAGROW 5881 1200 1507 1198 1507 0 2 500 41
SAGROW 5979 1199 1507 1198 1507 0 3 500 70
SAGROW 6113 1198 1507 1198 1507 0 5 500 37
SAGROW 6181 1197 1507 1198 1507 0 6 500 43
SAGROW 6298 1197 1507 1198 1507 0 1 500 74
SAGROW 6406 1195 1507 1198 1507 0 3 500 102
SAGROW 6489 1195 1507 1198 1507 0 4 500 117
SAGROW 6574 1198 1506 1198 1507 0 5 500 42
SAGROW 6708 1197 1506 1198 1507 0 6 500 98
SAGROW 6798 1197 1507 1198 1507 0 1 500 116
SAGROW 6878 1196 1506 1198 1507 0 2 500 116
SAGROW 7012 1194 1506 1198 1507 0 4 500 100
SAGROW 7101 1195 1506 1198 1507 0 5 500 110
SAGROW 7204 1195 1506 1198 1507 0 1 500 63
SAGROW 7299 1197 1506 1198 1507 0 2 500 78
SAGROW 7412 1197 1506 1198 1507 0 3 500 107
SAGROW 7499 1198 1506 1198 1507 0 5 500 46
SAGROW 7594 1196 1506 1198 1507 0 6 500 60
SAGROW 7717 1196 1506 1198 1507 0 2 500 37
SAGROW 7795 1198 1506 1198 1507 0 2 500 115
SAGROW 7936 1198 1506 1198 1507 0 4 500 95
SAGROW 8004 1200 1506 1198 1507 0 5 500 79
SAGROW 8090 1200 1506 1198 1507 0 6 500 98
SAGROW 8193 1197 1506 1198 1507 0 2 500 43
SAGROW 8323 1198 1506 1198 1507 0 3 500 103
SAGROW 8415 1202 1507 1198 1507 0 5 500 42
SAGROW 8500 1203 1506 1198 1507 0 6 500 49
SAGROW 8636 1203 1507 1198 1507 0 1 500 102
SAGROW 8717 1203 1507 1198 1507 0 2 500 104
SAGROW 8823 1201 1507 1198 1507 0 4 500 62
SAGROW 8917 1201 1507 1198 1507 0 5 500 74
SAGROW 9024 1200 1507 1198 1507 0 6 500 101
SAGROW 9106 1198 1507 1198 1507 0 2 500 112
SAGROW 9213 1198 1507 1198 1507 0 3 500 54
SAGROW 9333 1196 1507 1198 1507 0 4 500 114
SAGROW 9423 1197 1507 1198 1507 0 6 500 41
SAGROW 9522 1196 1507 1198 1507 0 1 500 69
SAGROW 9634 1195 1507 1198 1507 0 2 500 94
SAGROW 9736 1195 1507 1198 1507 0 4 500 122
SAGROW 9817 1195 1507 1198 1507 0 5 500 55
SAGROW 9937 1196 1507 1198 1507 0 6 500 94
SAGROW 10027 1196 1507 1198 1507 0 1 500 114
SAGROW 10120 1196 1507 1198 1507 0 3 500 46
SAGROW 10250 1195 1507 1198 1507 0 4 500 83
SAGROW 10338 1195 1507 1198 1507 0 6 500 113
SAGROW 10430 1194 1507 1198 1507 0 1 500 122
SAGROW 10528 1193 1507 1198 1507 0 2 500 78
SAGROW 10654 1194 1506 1198 1507 0 4 500 120
SAGROW 10724 1194 1507 1198 1507 0 4 500 111
SAGROW 10824 1195 1507 1198 1507 0 6 500 62
SAGROW 10959 1195 1507 1198 1507 0 1 500 115
SAGROW 11038 1196 1507 1198 1507 0 3 500 43
SAGROW 11140 1195 1507 1198 1507 0 4 500 68
SAGROW 11245 1197 1507 1198 1507 0 5 500 90
SAGROW 11348 1198 1508 1198 1507 0 1 500 116
SAGROW 11443 1197 1508 1198 1507 0 2 500 59
SAGROW 11565 1196 1507 1198 1507 0 3 500 94
SAGROW 11655 1195 1507 1198 1507 0 5 500 40
SAGROW 11735 1197 1507 1198 1507 0 6 500 41
SAGROW 11865 1196 1507 1198 1507 0 1 500 93
SAGROW 11962 1199 1507 1198 1507 0 3 500 37
SAGROW 12048 1198 1507 1198 1507 0 4 500 123
SAGROW 12168 1197 1507 1198 1507 0 5 500 93
SAGROW 12275 1200 1507 1198 1507 0 1 500 50
SAGROW 12339 1200 1507 1198 1507 0 2 500 115
SAGROW 12440 1199 1507 1198 1507 0 3 500 54
SAGROW 12570 1197 1507 1198 1507 0 4 500 103
SAGROW 12647 1198 1507 1198 1507 0 6 500 111
SAGROW 12754 1197 1507 1198 1507 0 1 500 58
SAGROW 12869 1197 1507 1198 1507 0 2 500 95
SAGROW 12965 1197 1507 1198 1507 0 4 500 121
SAGROW 13046 1193 1507 1198 1507 0 5 500 50
SAGROW 13154 1193 1507 1198 1507 0 6 500 80
SAGROW 13269 1194 1507 1198 1507 0 1 500 109
SAGROW 13348 1196 1507 1198 1507 0 3 500 42
SAGROW 13477 1194 1507 1198 1507 0 4 500 93
SAGROW 13578 1194 1507 1198 1507 0 5 500 89
SAGROW 13671 1194 1507 1198 1507 0 1 500 55
SAGROW 13758 1196 1507 1198 1507 0 2 500 61
SAGROW 13897 1198 1507 1198 1507 0 4 500 130
SAGROW 13967 1198 1508 1198 1507 0 4 500 109
SAGROW 14056 1199 1507 1198 1507 0 6 500 129
SAGROW 14187 1199 1507 1198 1507 0 1 500 109
SAGROW 14270 1198 1507 1198 1507 0 3 500 113
SAGROW 14359 1198 1507 1198 1507 0 4 500 122
SAGROW 14460 1199 1507 1198 1507 0 5 500 75
SAGROW 14567 1199 1507 1198 1507 0 6 500 98
SAGROW 14660 1200 1507 1198 1507 0 2 500 44
SAGROW 14798 1201 1507 1198 1507 0 3 500 100
SAGROW 14889 1201 1508 1198 1507 0 5 500 41
SAGROW 14961 1201 1507 1198 1507 0 6 500 114
SAGROW 15069 1202 1508 1198 1507 0 1 500 62
SAGROW 15182 1203 1507 1198 1507 0 2 500 94
SAGROW 15270 1201 1507 1198 1507 0 3 500 114
SAGROW 15364 1201 1507 1198 1507 0 5 500 56
SAGROW 15490 1200 1507 1198 1507 0 6 500 104
SAGROW 15586 1199 1507 1198 1507 0 1 500 117
SAGROW 15673 1197 1507 1198 1507 0 3 500 53
SAGROW 15801 1197 1507 1198 1507 0 4 500 105
SAGROW 15885 1196 1506 1198 1507 0 6 500 38
SAGROW 15989 1197 1506 1198 1507 0 1 500 60
SAGROW 16076 1198 1506 1198 1507 0 2 500 67
SAGROW 16194 1197 1506 1198 1507 0 3 500 100
SAGROW 16286 1197 1506 1198 1507 0 5 500 48
SAGROW 16387 1197 1506 1198 1507 0 6 500 69
SAGROW 16504 1199 1506 1198 1507 0 1 500 96
SAGROW 16578 1199 1506 1198 1507 0 2 500 110
SAGROW 16711 1200 1506 1198 1507 0 4 500 68
SAGROW 16807 1199 1506 1198 1507 0 5 500 107
SAGROW 16914 1199 1506 1198 1507 0 1 500 50
SAGROW 16989 1199 1506 1198 1507 0 2 500 60
SAGROW 17131 1198 1506 1198 1507 0 4 500 121
SAGROW 17193 1199 1506 1198 1507 0 5 500 103
SAGROW 17288 1197 1506 1198 1507 0 6 500 49
SAGROW 17428 1198 1507 1198 1507 0 1 500 108
SAGROW 17497 1197 1507 1198 1507 0 2 500 100
SAGROW 17612 1197 1507 1198 1507 0 4 500 62
SAGROW 17691 1196 1507 1198 1507 0 5 500 55
SAGROW 17829 1196 1507 1198 1507 0 1 500 48
SAGROW 17897 1196 1507 1198 1507 0 2 500 116
SAGROW 17996 1196 1507 1198 1507 0 3 500 65
SAGROW 18122 1197 1507 1198 1507 0 5 500 115
SAGROW 18199 1196 1507 1198 1507 0 5 500 108
SAGROW 18312 1195 1507 1198 1507 0 1 500 71
SAGROW 18430 1195 1507 1198 1507 0 2 500 110
SAGROW 18510 1195 1507 1198 1507 0 3 500 105
SAGROW 18598 1195 1507 1198 1507 0 5 500 47
SAGROW 18729 1196 1507 1198 1507 0 6 500 99
SAGROW 18812 1193 1507 1198 1507 0 2 500 110
SAGROW 18913 1193 1507 1198 1507 0 3 500 49
SAGROW 19041 1193 1507 1198 1507 0 4 500 99
SAGROW 19131 1194 1507 1198 1507 0 6 500 38
SAGROW 19224 1194 1507 1198 1507 0 1 500 131
SAGROW 19303 1196 1507 1198 1507 0 2 500 64
SAGROW 19444 1197 1507 1198 1507 0 4 500 122
SAGROW 19507 1197 1507 1198 1507 0 5 500 102
SAGROW 19614 1199 1507 1198 1507 0 6 500 62
SAGROW 19750 1199 1507 1198 1507 0 1 500 116
SAGROW 19819 1199 1507 1198 1507 0 3 500 106
SAGROW 19927 1199 1507 1198 1507 0 4 500 65
SAGROW 20040 1198 1507 1198 1507 0 5 500 92
SAGROW 20122 1197 1507 1198 1507 0 6 500 113
SAGROW 20214 1196 1507 1198 1507 0 2 500 41
SAGROW 20342 1196 1507 1198 1507 0 3 500 98
SAGROW 20442 1196 1507 1198 1507 0 4 500 123
SAGROW 20517 1195 1507 1198 1507 0 6 500 113
SAGROW 20631 1195 1507 1198 1507 0 1 500 77
SAGROW 20749 1195 1507 1198 1507 0 2 500 112
SAGROW 20824 1197 1507 1198 1507 0 3 500 106
SAGROW 20926 1198 1507 1198 1507 0 5 500 63
SAGROW 21044 1199 1507 1198 1507 0 6 500 100
SAGROW 21139 1198 1508 1198 1507 0 2 500 46
SAGROW 21232 1198 1507 1198 1507 0 3 500 56
SAGROW 21357 1200 1507 1198 1507 0 4 500 103
SAGROW 21440 1200 1507 1198 1507 0 6 500 115
SAGROW 21539 1202 1507 1198 1507 0 1 500 130
SAGROW 21655 1202 1507 1198 1507 0 2 500 104
SAGROW 21744 1201 1507 1198 1507 0 3 500 110
SAGROW 21837 1199 1507 1198 1507 0 5 500 51
SAGROW 21957 1201 1506 1198 1507 0 6 500 80
SAGROW 22061 1203 1507 1198 1507 0 1 500 115
SAGROW 22148 1202 1507 1198 1507 0 3 500 124
SAGROW 22262 1201 1507 1198 1507 0 4 500 88
SAGROW 22373 1197 1506 1198 1507 0 6 500 40
SAGROW 22458 1196 1506 1198 1507 0 1 500 51
SAGROW 22546 1196 1506 1198 1507 0 2 500 61
SAGROW 22663 1197 1506 1198 1507 0 3 500 90
SAGROW 22752 1197 1506 1198 1507 0 4 500 121
SAGROW 22847 1195 1506 1198 1507 0 6 500 130
SAGROW 22979 1194 1507 1198 1507 0 1 500 111
SAGROW 23074 1194 1507 1198 1507 0 3 500 128
SAGROW 23149 1196 1507 1198 1507 0 4 500 109
SAGROW 23269 1196 1507 1198 1507 0 5 500 93
SAGROW 23376 1198 1507 1198 1507 0 1 500 49
SAGROW 23465 1198 1508 1198 1507 0 2 500 60
SAGROW 23565 1197 1507 1198 1507 0 3 500 78
SAGROW 23676 1196 1507 1198 1507 0 5 500 39
SAGROW 23748 1196 1507 1198 1507 0 5 500 111
SAGROW 23897 1197 1507 1198 1507 0 1 500 92
SAGROW 23972 1198 1507 1198 1507 0 2 500 95
SAGROW 24060 1199 1507 1198 1507 0 3 500 114
SAGROW 24153 1197 1506 1198 1507 0 5 500 56
SAGROW 24280 1198 1506 1198 1507 0 6 500 104
SAGROW 24375 1198 1506 1198 1507 0 1 500 117
SAGROW 24463 1200 1506 1198 1507 0 3 500 55
SAGROW 24576 1200 1507 1198 1507 0 4 500 90
SAGROW 24680 1201 1506 1198 1507 0 6 500 89
SAGROW 24767 1201 1507 1198 1507 0 1 500 120
SAGROW 24899 1202 1506 1198 1507 0 2 500 101
SAGROW 24980 1202 1506 1198 1507 0 3 500 105
SAGROW 25070 1201 1506 1198 1507 0 5 500 42
SAGROW 25173 1200 1506 1198 1507 0 5 500 146
SAGROW 25295 1199 1507 1198 1507 0 2 500 37
SAGROW 25372 1199 1507 1198 1507 0 2 500 114
SAGROW 25512 1198 1507 1198 1507 0 4 500 95
SAGROW 25566 1197 1507 1198 1507 0 5 500 80
SAGROW 25666 1197 1507 1198 1507 0 6 500 94
SAGROW 25782 1195 1507 1198 1507 0 2 500 101
SAGROW 25886 1196 1507 1198 1507 0 3 500 86
SAGROW 25990 1197 1507 1198 1507 0 5 500 40
SAGROW 26087 1199 1507 1198 1507 0 6 500 58
SAGROW 26209 1199 1507 1198 1507 0 1 500 99
SAGROW 26299 1198 1507 1198 1507 0 3 500 42
SAGROW 26403 1198 1507 1198 1507 0 4 500 64
SAGROW 26483 1197 1507 1198 1507 0 5 500 74
SAGROW 26596 1200 1507 1198 1507 0 6 500 107
SAGROW 26692 1200 1506 1198 1507 0 2 500 41
SAGROW 26787 1202 1506 1198 1507 0 3 500 66
SAGROW 26912 1202 1507 1198 1507 0 5 500 115
SAGROW 26989 1202 1507 1198 1507 0 5 500 109
SAGROW 27097 1203 1507 1198 1507 0 1 500 66
SAGROW 27198 1201 1507 1198 1507 0 2 500 86
SAGROW 27309 1201 1507 1198 1507 0 4 500 97
SAGROW 27390 1200 1507 1198 1507 0 5 500 50
SAGROW 27489 1201 1507 1198 1507 0 6 500 68
SAGROW 27604 1199 1507 1198 1507 0 2 500 113
SAGROW 27687 1198 1507 1198 1507 0 3 500 117
SAGROW 27835 1198 1506 1198 1507 0 4 500 103
SAGROW 27920 1197 1506 1198 1507 0 6 500 39
SAGROW 28004 1200 1506 1198 1507 0 1 500 122
SAGROW 28104 1201 1506 1198 1507 0 2 500 70
SAGROW 28217 1202 1505 1198 1507 0 3 500 106
SAGROW 28309 1199 1505 1198 1507 0 5 500 48
SAGROW 28417 1199 1505 1198 1507 0 6 500 77
SAGROW 28525 1198 1505 1198 1507 0 1 500 103
SAGROW 28600 1196 1506 1198 1507 0 2 500 112
SAGROW 28714 1196 1506 1198 1507 0 4 500 64
SAGROW 28831 1194 1506 1198 1507 0 6 500 89
SAGROW 28912 1193 1506 1198 1507 0 6 500 112
SAGROW 29003 1190 1507 1198 1507 0 2 500 43
SAGROW 29132 1191 1507 1198 1507 0 3 500 99
SAGROW 29226 1192 1507 1198 1507 0 5 500 116
SAGROW 29330 1193 1507 1198 1507 0 6 500 41
SAGROW 29420 1194 1507 1198 1507 0 1 500 76
SAGROW 29539 1195 1507 1198 1507 0 3 500 114
SAGROW 29633 1194 1507 1198 1507 0 4 500 60
SAGROW 29708 1194 1507 1198 1507 0 5 500 55
SAGROW 29853 1195 1508 1198 1507 0 1 500 50
SAGROW 29917 1195 1507 1198 1507 0 2 500 114
SAGROW 30018 1197 1507 1198 1507 0 3 500 53
SAGROW 30147 1196 1507 1198 1507 0 4 500 103
SAGROW 30229 1196 1507 1198 1507 0 6 500 115
SAGROW 30329 1197 1507 1198 1507 0 1 500 134
SAGROW 30435 1198 1507 1198 1507 0 2 500 81
SAGROW 30543 1197 1507 1198 1507 0 4 500 120
SAGROW 30624 1196 1507 1198 1507 0 5 500 50
SAGROW 30745 1197 1508 1198 1507 0 6 500 92
SAGROW 30855 1196 1508 1198 1507 0 1 500 123
SAGROW 30927 1197 1508 1198 1507 0 3 500 42
SAGROW 31064 1196 1508 1198 1507 0 4 500 101
SAGROW 31141 1196 1507 1198 1507 0 5 500 107
SAGROW 31224 1197 1507 1198 1507 0 6 500 112
SAGROW 31335 1197 1507 1198 1507 0 2 500 61
SAGROW 31462 1198 1507 1198 1507 0 4 500 121
SAGROW 31546 1198 1507 1198 1507 0 5 500 41
SAGROW 31638 1197 1507 1198 1507 0 6 500 55
SAGROW 31766 1197 1507 1198 1507 0 1 500 112
SAGROW 31854 1197 1507 1198 1507 0 3 500 121
SAGROW 31975 1197 1507 1198 1507 0 4 500 82
SAGROW 32056 1195 1507 1198 1507 0 5 500 92
SAGROW 32163 1198 1507 1198 1507 0 1 500 50
SAGROW 32252 1197 1507 1198 1507 0 2 500 59
SAGROW 32377 1197 1507 1198 1507 0 3 500 100
SAGROW 32459 1196 1507 1198 1507 0 4 500 106
SAGROW 32552 1197 1508 1198 1507 0 6 500 48
SAGROW 32647 1198 1507 1198 1507 0 1 500 74
SAGROW 32760 1197 1507 1198 1507 0 2 500 107
SAGROW 32866 1195 1507 1198 1507 0 4 500 54
SAGROW 32959 1194 1508 1198 1507 0 5 500 75
SAGROW 33057 1195 1508 1198 1507 0 6 500 92
SAGROW 33162 1196 1508 1198 1507 0 2 500 39
SAGROW 33259 1197 1508 1198 1507 0 3 500 60
SAGROW 33378 1198 1508 1198 1507 0 4 500 104
SAGROW 33455 1196 1508 1198 1507 0 5 500 111
SAGROW 33564 1198 1508 1198 1507 0 1 500 60
SAGROW 33678 1200 1508 1198 1507 0 2 500 94
SAGROW 33773 1199 1507 1198 1507 0 4 500 122
SAGROW 33855 1197 1507 1198 1507 0 5 500 51
SAGROW 33975 1197 1507 1198 1507 0 6 500 80
SAGROW 34079 1195 1507 1198 1507 0 1 500 115
SAGROW 34163 1192 1507 1198 1507 0 3 500 41
SAGROW 34305 1194 1507 1198 1507 0 4 500 113
SAGROW 34374 1193 1507 1198 1507 0 5 500 100
SAGROW 34471 1193 1507 1198 1507 0 1 500 117
SAGROW 34567 1191 1507 1198 1507 0 2 500 63
SAGROW 34700 1194 1507 1198 1507 0 4 500 50
SAGROW 34780 1194 1507 1198 1507 0 5 500 47
SAGROW 34878 1195 1507 1198 1507 0 6 500 66
SAGROW 34988 1197 1507 1198 1507 0 1 500 104
SAGROW 35089 1196 1507 1198 1507 0 3 500 126
SAGROW 35191 1195 1507 1198 1507 0 4 500 68
SAGROW 35305 1194 1507 1197 1507 0 6 500 112
SAGROW 35393 1196 1507 1197 1507 0 1 500 49
SAGROW 35481 1195 1507 1197 1507 0 2 500 59
SAGROW 35594 1196 1507 1197 1507 0 3 500 90
SAGROW 35692 1195 1507 1197 1507 0 5 500 38
SAGROW 35783 1195 1507 1197 1507 0 6 500 48
SAGROW 35878 1195 1507 1197 1507 0 1 500 76
SAGROW 35991 1196 1508 1197 1507 0 2 500 107
SAGROW 36103 1197 1508 1197 1507 0 4 500 56
SAGROW 36189 1196 1508 1197 1507 0 5 500 77
SAGROW 36302 1196 1508 1197 1507 0 6 500 107
SAGROW 36394 1196 1508 1197 1507 0 2 500 55
SAGROW 36481 1198 1508 1197 1507 0 3 500 59
SAGROW 36606 1199 1508 1197 1507 0 4 500 104
SAGROW 36683 1199 1508 1197 1507 0 5 500 110
SAGROW 36792 1198 1508 1197 1507 0 1 500 58
SAGROW 36906 1200 1508 1197 1507 0 2 500 94
SAGROW 37001 1201 1507 1197 1507 0 4 500 122
SAGROW 37087 1201 1507 1197 1507 0 5 500 45
SAGROW 37215 1201 1507 1197 1507 0 6 500 105
SAGROW 37311 1201 1507 1197 1507 0 1 500 119
SAGROW 37404 1197 1507 1197 1507 0 3 500 60
SAGROW 37511 1198 1507 1197 1507 0 4 500 91
SAGROW 37617 1198 1507 1197 1507 0 6 500 37
SAGROW 37699 1197 1507 1197 1507 0 1 500 120
SAGROW 37833 1196 1507 1197 1507 0 2 500 101
SAGROW 37913 1196 1507 1197 1507 0 3 500 103
SAGROW 38003 1196 1507 1197 1507 0 5 500 41
SAGROW 38094 1195 1507 1197 1507 0 6 500 133
SAGROW 38222 1199 1507 1197 1507 0 1 500 110
SAGROW 38306 1199 1507 1197 1507 0 3 500 114
SAGROW 38417 1199 1507 1197 1507 0 4 500 75
SAGROW 38529 1200 1507 1197 1507 0 5 500 106
SAGROW 38609 1201 1507 1197 1507 0 6 500 107
SAGROW 38714 1203 1507 1197 1507 0 2 500 63
SAGROW 38824 1203 1507 1197 1507 0 3 500 93
SAGROW 38922 1203 1507 1197 1507 0 5 500 40
SAGROW 39019 1202 1507 1198 1507 0 6 500 50
SAGROW 39133 1202 1507 1198 1507 0 1 500 86
SAGROW 39227 1202 1507 1198 1507 0 3 500 117
SAGROW 39320 1202 1507 1198 1507 0 4 500 127
SAGROW 39416 1200 1507 1198 1507 0 5 500 75
SAGROW 39528 1199 1507 1198 1507 0 6 500 107
SAGROW 39616 1199 1507 1198 1507 0 2 500 48
SAGROW 39708 1197 1508 1198 1507 0 3 500 59
SAGROW 39848 1198 1508 1198 1507 0 4 500 116
SAGROW 39911 1197 1508 1198 1507 0 5 500 102
SAGROW 40039 1198 1508 1198 1507 0 1 500 78
SAGROW 40132 1196 1509 1198 1507 0 2 500 87
SAGROW 40220 1198 1508 1198 1507 0 3 500 112
SAGROW 40323 1196 1508 1198 1507 0 5 500 132
SAGROW 40444 1196 1508 1198 1507 0 6 500 94
SAGROW 40532 1196 1508 1198 1507 0 2 500 110
SAGROW 40616 1195 1507 1198 1507 0 3 500 116
SAGROW 40757 1195 1507 1198 1507 0 4 500 109
SAGROW 40845 1195 1507 1198 1507 0 5 500 113
SAGROW 40934 1198 1507 1198 1507 0 1 500 52
SAGROW 41048 1196 1507 1198 1507 0 2 500 85
SAGROW 41169 1196 1507 1198 1507 0 4 500 49
SAGROW 41226 1196 1506 1198 1507 0 5 500 106
SAGROW 41332 1197 1506 1197 1507 0 6 500 61
SAGROW 41455 1199 1507 1197 1507 0 1 500 113
SAGROW 41547 1199 1507 1197 1507 0 3 500 43
SAGROW 41673 1196 1507 1198 1507 0 4 500 84
SAGROW 41769 1195 1507 1197 1507 0 6 500 37
SAGROW 41859 1194 1507 1197 1507 0 1 500 49
SAGROW 41949 1196 1507 1197 1507 0 2 500 69
SAGROW 42067 1197 1507 1197 1507 0 3 500 105
SAGROW 42149 1194 1507 1197 1507 0 4 500 109
SAGROW 42250 1194 1507 1197 1507 0 6 500 58
SAGROW 42367 1194 1507 1197 1507 0 1 500 95
SAGROW 42450 1196 1507 1197 1507 0 2 500 112
SAGROW 42564 1195 1507 1197 1507 0 4 500 63
SAGROW 42645 1194 1507 1197 1507 0 5 500 73
SAGROW 42783 1194 1507 1197 1507 0 1 500 52
SAGROW 42858 1192 1507 1197 1507 0 2 500 60
SAGROW 42953 1194 1507 1197 1507 0 3 500 70
SAGROW 43058 1200 1507 1197 1507 0 4 500 99
SAGROW 43161 1199 1507 1197 1507 0 6 500 39
SAGROW 43257 1199 1507 1197 1507 0 1 500 65
SAGROW 43370 1201 1507 1197 1507 0 2 500 98
SAGROW 43460 1203 1507 1197 1507 0 4 500 118
SAGROW 43558 1203 1506 1197 1507 0 5 500 57
SAGROW 43672 1204 1506 1197 1507 0 6 500 85
SAGROW 43771 1204 1507 1197 1507 0 2 500 39
SAGROW 43858 1198 1507 1197 1507 0 3 500 41
SAGROW 43994 1200 1506 1197 1507 0 4 500 107
SAGROW 44057 1199 1506 1197 1507 0 5 500 97
SAGROW 44172 1199 1506 1197 1507 0 1 500 61
SAGROW 44267 1199 1507 1197 1507 0 2 500 70
SAGROW 44379 1200 1507 1197 1507 0 3 500 106
SAGROW 44471 1200 1507 1198 1507 0 5 500 52
SAGROW 44584 1200 1507 1198 1507 0 6 500 82
SAGROW 44689 1201 1507 1198 1507 0 2 500 39
SAGROW 44767 1200 1507 1198 1507 0 3 500 117
SAGROW 44879 1202 1507 1198 1507 0 4 500 70
SAGROW 44986 1202 1507 1198 1507 0 5 500 101
SAGROW 45095 1200 1507 1198 1507 0 1 500 133
SAGROW 45170 1200 1506 1198 1507 0 2 500 63
SAGROW 45290 1199 1506 1198 1507 0 3 500 92
SAGROW 45392 1198 1506 1198 1507 0 4 500 122
SAGROW 45479 1198 1506 1198 1507 0 6 500 59
SAGROW 45601 1197 1506 1198 1507 0 1 500 93
SAGROW 45694 1197 1506 1198 1507 0 3 500 43
SAGROW 45795 1196 1506 1198 1507 0 4 500 65
SAGROW 45903 1196 1506 1198 1507 0 5 500 93
SAGROW 46002 1196 1506 1198 1507 0 1 500 123
SAGROW 46079 1196 1507 1198 1507 0 2 500 118
SAGROW 46183 1197 1507 1198 1507 0 3 500 63
SAGROW 46303 1198 1507 1198 1507 0 4 500 115
SAGROW 46386 1199 1507 1198 1507 0 6 500 116
SAGROW 46487 1198 1507 1198 1507 0 1 500 65
SAGSLOW 1194 1506 1197 1507
SAGSLOW 1194 1507 1197 1507
SAGSLOW 1198 1508 1197 1507
SAGSLOW 1197 1507 1197 1507
SAGSLOW 1194 1506 1197 1507
SAGSLOW 1196 1507 1197 1507
SAGSLOW 1197 1506 1197 1507
SAGSLOW 1198 1507 1197 1507
SAGSLOW 1196 1506 1197 1507
SAGSLOW 1198 1507 1197 1507
SAGSLOW 1198 1507 1197 1507
SAGSLOW 1193 1508 1197 1507
SAGSLOW 1197 1507 1197 1507
SAGSLOW 1197 1507 1197 1507
SAGSLOW 1198 1507 1197 1507
SAGSLOW 1202 1507 1197 1507
SAGSLOW 1198 1507 1197 1507
SAGSLOW 1195 1507 1197 1507
SAGSLOW 1200 1507 1197 1507
SAGSLOW 1196 1507 1197 1507
SAGSLOW 1196 1507 1197 1507
SAGSLOW 1197 1506 1197 1507
SAGSLOW 1196 1507 1197 1507
SAGSLOW 1195 1506 1197 1507
SAGSLOW 1196 1506 1197 1507
SAGSLOW 1197 1507 1197 1507
SAGSLOW 1193 1506 1197 1507
SAGSLOW 1196 1507 1197 1507
SAGSLOW 1198 1508 1197 1507
SAGSLOW 1196 1507 1197 1507
SAGSLOW 1198 1507 1197 1507
SAGSLOW 1197 1508 1197 1507
SAGSLOW 1199 1507 1197 1507
SAGSLOW 1199 1507 1197 1507
SAGSLOW 1199 1507 1197 1507
SAGSLOW 1200 1507 1197 1507
SAGSLOW 1199 1507 1197 1507
SAGSLOW 1190 1508 1197 1507
SAGSLOW 1206 1508 1197 1507
SAGSLOW 1195 1506 1197 1507
SAGSLOW 1196 1506 1197 1507
SAGSLOW 1197 1507 1197 1507
SAGSLOW 1198 1507 1197 1507
SAGSLOW 1196 1507 1197 1507
SAGSLOW 1203 1506 1197 1507
SAGSLOW 1197 1507 1197 1507
SAGSLOW 1203 1507 1197 1507
SAGSLOW 1196 1507 1197 1507
SAGSLOW 1201 1507 1197 1507
SAGSLOW 1196 1506 1197 1507
SAGSLOW 1196 1507 1197 1507
SAGSLOW 1201 1506 1197 1507
SAGSLOW 1198 1508 1197 1507
SAGSLOW 1195 1506 1197 1507
SAGSLOW 1195 1506 1197 1507
SAGSLOW 1201 1507 1197 1507
SAGSLOW 1196 1507 1197 1507
SAGSLOW 1199 1507 1197 1507
SAGSLOW 1195 1506 1197 1507
SAGSLOW 1201 1507 1197 1507
SAGSLOW 1195 1507 1198 1507
SAGSLOW 1196 1506 1198 1507
SAGSLOW 1197 1505 1198 1507
SAGSLOW 1199 1507 1198 1507
SAGSLOW 1198 1508 1198 1507
SAGSLOW 1193 1507 1198 1507
SAGSLOW 1202 1507 1198 1507
SAGSLOW 1197 1507 1198 1507
SAGSLOW 1190 1508 1198 1507
SAGSLOW 1195 1507 1198 1507
SAGSLOW 1201 1506 1198 1507
SAGSLOW 1197 1507 1198 1507
SAGSLOW 1200 1507 1198 1507
SAGSLOW 1198 1507 1198 1507
SAGSLOW 1195 1508 1198 1507
SAGSLOW 1196 1507 1198 1507
SAGSLOW 1200 1507 1198 1507
SAGSLOW 1201 1507 1198 1507
SAGSLOW 1203 1507 1198 1507
SAGSLOW 1186 1507 1198 1507
SAGSLOW 1196 1507 1198 1507
SAGSLOW 1195 1507 1198 1507
SAGSLOW 1201 1506 1198 1507
SAGSLOW 1195 1508 1198 1507
SAGSLOW 1196 1507 1198 1507
SAGSLOW 1192 1506 1198 1507
SAGSLOW 1200 1507 1198 1507
SAGSLOW 1196 1507 1198 1507
SAGSLOW 1199 1506 1198 1507
SAGSLOW 1194 1506 1198 1507
SAGSLOW 1195 1507 1198 1507
SAGSLOW 1195 1506 1197 1507
SAGSLOW 1198 1507 1197 1507
SAGSLOW 1193 1507 1197 1507
SAGSLOW 1202 1507 1198 1507
SAGSLOW 1197 1507 1198 1507
SAGSLOW 1197 1507 1198 1507
SAGSLOW 1198 1507 1198 1507
SAGSLOW 1201 1507 1198 1507
SAGSLOW 1199 1507 1198 1507
SAGSLOW 1201 1507 1198 1507
SAGSLOW 1196 1507 1198 1507
SAGSLOW 1197 1507 1198 1507
SAGSLOW 1201 1508 1198 1507
SAGSLOW 1199 1508 1198 1507
SAGSLOW 1201 1507 1198 1507
SAGSLOW 1198 1507 1198 1507
SAGSLOW 1197 1506 1198 1507
SAGSLOW 1198 1506 1198 1507
SAGSLOW 1197 1506 1198 1507
SAGSLOW 1198 1507 1198 1507
SAGSLOW 1197 1507 1198 1507
SAGSLOW 1202 1507 1198 1507
SAGSLOW 1195 1507 1198 1507
SAGSLOW 1197 1506 1198 1507
SAGSLOW 1201 1507 1198 1507
SAGSLOW 1199 1507 1198 1507
SAGSLOW 1196 1507 1198 1507
SAGSLOW 1194 1507 1198 1507
SAGSLOW 1196 1507 1198 1507
SAGSLOW 1199 1507 1198 1507
SAGSLOW 1200 1508 1198 1507
SAGSLOW 1197 1507 1198 1507
SAGSLOW 1196 1507 1198 1507
SAGSLOW 1203 1507 1198 1507
SAGSLOW 1196 1507 1198 1507
SAGSLOW 1194 1507 1198 1507
SAGSLOW 1202 1507 1198 1507
SAGSLOW 1199 1507 1198 1507
SAGSLOW 1196 1506 1198 1507
SAGSLOW 1195 1507 1198 1507
SAGSLOW 1207 1506 1198 1507
SAGSLOW 1198 1507 1198 1507
SAGSLOW 1200 1507 1198 1507
SAGSLOW 1199 1507 1198 1507
SAGSLOW 1194 1507 1198 1507
SAGSLOW 1195 1507 1198 1507
SAGSLOW 1198 1507 1198 1507
SAGSLOW 1196 1506 1198 1507
SAGSLOW 1198 1507 1198 1507
SAGSLOW 1196 1506 1198 1507
SAGSLOW 1201 1508 1198 1507
SAGSLOW 1194 1507 1198 1507
SAGSLOW 1195 1507 1198 1507
SAGSLOW 1197 1507 1198 1507
SAGSLOW 1197 1508 1198 1507
SAGSLOW 1201 1507 1198 1507
SAGSLOW 1195 1506 1198 1507
SAGSLOW 1196 1507 1198 1507
SAGSLOW 1194 1507 1198 1507
SAGSLOW 1197 1506 1198 1507
SAGSLOW 1194 1507 1197 1507
SAGSLOW 1196 1507 1197 1507
SAGSLOW 1195 1507 1197 1507
SAGSLOW 1199 1507 1197 1507
SAGSLOW 1198 1508 1198 1507
SAGSLOW 1198 1507 1198 1507
SAGSLOW 1199 1507 1198 1507
SAGSLOW 1198 1507 1198 1507
SAGSLOW 1198 1507 1197 1507
SAGSLOW 1197 1507 1197 1507
SAGSLOW 1192 1507 1197 1507
SAGSLOW 1194 1507 1197 1507
SAGSLOW 1197 1507 1197 1507
SAGSLOW 1199 1506 1197 1507
SAGSLOW 1200 1507 1197 1507
SAGSLOW 1202 1508 1197 1507
SAGSLOW 1195 1507 1198 1507
SAGSLOW 1194 1507 1198 1507
SAGSLOW 1196 1506 1198 1507
SAGSLOW 1196 1507 1198 1507
SAGSLOW 1196 1507 1197 1507
SAGSLOW 1207 1507 1198 1507
SAGSLOW 1199 1507 1198 1507
SAGSLOW 1198 1506 1198 1507
SAGSLOW 1198 1506 1198 1507
SAGSLOW 1197 1507 1198 1507
SAGSLOW 1197 1507 1197 1507
SAGSLOW 1199 1507 1197 1507
SAGSLOW 1195 1507 1198 1507
SAGSLOW 1199 1506 1198 1507
SAGSLOW 1199 1507 1198 1507
SAGSLOW 1193 1507 1198 1507
SAGSLOW 1197 1508 1198 1507
SAGSLOW 1204 1507 1198 1507
SAGSLOW 1196 1507 1198 1507
SAGSLOW 1199 1507 1197 1507
SAGSLOW 1198 1507 1197 1507
SAGSLOW 1194 1506 1197 1507
SAGSLOW 1198 1506 1197 1507
SAGSLOW 1193 1506 1197 1507
SAGSLOW 1200 1508 1197 1507
SAGSLOW 1198 1506 1197 1507
SAGSLOW 1199 1507 1197 1507
SAGSLOW 1199 1507 1197 1507
SAGSLOW 1199 1507 1197 1507
SAGSLOW 1197 1506 1197 1507
SAGSLOW 1190 1507 1197 1507
SAGSLOW 1200 1507 1197 1507
SAGSLOW 1196 1507 1197 1507
SAGSLOW 1201 1507 1197 1507
SAGSLOW 1202 1508 1198 1507
SAGSLOW 1198 1507 1197 1507
SAGSLOW 1194 1506 1197 1507
SAGSLOW 1191 1506 1197 1507
SAGSLOW 1197 1508 1197 1507
SAGSLOW 1201 1507 1197 1507
SAGSLOW 1196 1507 1197 1507
SAGSLOW 1193 1507 1197 1507
SAGSLOW 1197 1506 1197 1507
SAGSLOW 1200 1508 1197 1507
SAGSLOW 1202 1507 1197 1507
SAGSLOW 1197 1507 1197 1507
SAGSLOW 1195 1507 1197 1507
SAGSLOW 1199 1507 1197 1507
SAGSLOW 1198 1507 1197 1507
SAGSLOW 1196 1507 1197 1507
SAGSLOW 1196 1507 1197 1507
SAGSLOW 1200 1507 1197 1507
SAGSLOW 1199 1507 1197 1507
SAGSLOW 1198 1507 1197 1507
SAGSLOW 1197 1507 1197 1507
SAGSLOW 1198 1507 1197 1507
SAGSLOW 1203 1507 1197 1507
SAGSLOW 1197 1507 1197 1507
SAGSLOW 1197 1507 1197 1507
SAGSLOW 1197 1507 1197 1507
SAGSLOW 1202 1507 1197 1507
SAGSLOW 1199 1507 1197 1507
SAGSLOW 1200 1508 1197 1507
SAGSLOW 1200 1507 1198 1507
SAGSLOW 1199 1507 1198 1507
SAGSLOW 1201 1507 1198 1507
SAGSLOW 1196 1508 1198 1507
SAGSLOW 1196 1507 1198 1507
SAGSLOW 1197 1507 1198 1507
SAGSLOW 1193 1507 1198 1507
SAGSLOW 1199 1508 1198 1507
SAGSLOW 1199 1507 1198 1507
SAGSLOW 1193 1507 1198 1507
SAGSLOW 1201 1507 1198 1507
SAGSLOW 1195 1506 1198 1507
SAGSLOW 1198 1507 1198 1507
SAGSLOW 1193 1507 1198 1507
SAGSLOW 1197 1507 1198 1507
SAGSLOW 1199 1508 1198 1507
SAGSLOW 1195 1508 1198 1507
SAGSLOW 1202 1506 1198 1507
SAGSLOW 1199 1506 1198 1507
SAGSLOW 1199 1506 1198 1507
SAGSLOW 1197 1507 1198 1507
SAGSLOW 1204 1507 1198 1507
SAGSLOW 1196 1507 1198 1507
SAGSLOW 1202 1507 1198 1507
SAGSLOW 1198 1506 1198 1507
SAGSLOW 1199 1508 1198 1507
SAGSLOW 1197 1507 1198 1507
SAGSLOW 1198 1506 1198 1507
SAGSLOW 1200 1506 1198 1507
SAGSLOW 1198 1508 1198 1507
SAGSLOW 1197 1507 1198 1507
SAGSLOW 1193 1507 1198 1507
SAGSLOW 1198 1507 1198 1507
SAGSLOW 1201 1507 1198 1507
SAGSLOW 1197 1507 1198 1507
SAGSLOW 1197 1507 1198 1507
SAGSLOW 1196 1507 1198 1507
SAGSLOW 1195 1507 1198 1507
SAGSLOW 1201 1507 1198 1507
SAGSLOW 1201 1507 1198 1507
SAGSLOW 1193 1507 1198 1507
SAGSLOW 1196 1507 1198 1507
SAGSLOW 1196 1507 1198 1507
SAGSLOW 1193 1507 1198 1507
SAGSLOW 1199 1507 1198 1507
SAGSLOW 1195 1507 1198 1507
SAGSLOW 1197 1507 1197 1507
SAGSLOW 1195 1508 1197 1507
SAGSLOW 1199 1507 1197 1507
SAGSLOW 1197 1507 1198 1507
SAGSLOW 1198 1507 1198 1507
SAGSLOW 1196 1507 1198 1507
SAGSLOW 1200 1507 1198 1507
SAGSLOW 1199 1506 1198 1507
SAGSLOW 1197 1507 1198 1507
SAGSLOW 1197 1506 1198 1507
SAGSLOW 1195 1507 1198 1507
SAGSLOW 1192 1507 1198 1507
SAGSLOW 1198 1507 1198 1507
SAGSLOW 1200 1507 1198 1507
SAGSLOW 1195 1507 1198 1507
SAGSLOW 1195 1508 1198 1507
SAGSLOW 1197 1507 1198 1507
SAGSLOW 1199 1506 1198 1507
SAGSLOW 1196 1507 1198 1507
SAGSLOW 1197 1506 1198 1507
SAGSLOW 1200 1506 1198 1507
SAGSLOW 1200 1507 1198 1507
SAGSLOW 1198 1506 1198 1507
SAGSLOW 1202 1507 1198 1507
SAGSLOW 1194 1507 1198 1507
SAGSLOW 1195 1507 1198 1507
SAGSLOW 1201 1507 1198 1507
SAGSLOW 1197 1507 1198 1507
SAGSLOW 1195 1508 1198 1507
SAGSLOW 1199 1507 1198 1507
SAGSLOW 1199 1508 1198 1507
SAGSLOW 1199 1508 1198 1507
SAGSLOW 1197 1507 1198 1507
SAGSLOW 1201 1507 1198 1507
SAGSLOW 1197 1507 1198 1507
SAGSLOW 1199 1507 1198 1507
SAGSLOW 1196 1506 1198 1507
SAGSLOW 1198 1506 1198 1507
SAGSLOW 1198 1507 1198 1507
SAGSLOW 1198 1507 1198 1507
SAGSLOW 1199 1508 1198 1507
SAGSLOW 1193 1507 1198 1507
SAGSLOW 1197 1507 1198 1507
SAGSLOW 1196 1508 1198 1507
SAGSLOW 1199 1507 1198 1507
SAGSLOW 1203 1506 1198 1507
SAGSLOW 1195 1507 1198 1507
SAGSLOW 1198 1507 1198 1507
SAGSLOW 1200 1507 1198 1507
SAGSLOW 1196 1507 1198 1507
SAGSLOW 1194 1507 1198 1507
SAGSLOW 1199 1507 1198 1507
SAGSLOW 1198 1507 1198 1507
SAGSLOW 1197 1507 1198 1507
SAGSLOW 1201 1507 1198 1507
SAGSLOW 1197 1507 1198 1507
SAGSLOW 1194 1507 1198 1507
SAGSLOW 1200 1506 1198 1507
SAGSLOW 1201 1507 1198 1507
SAGSLOW 1197 1507 1198 1507
SAGSLOW 1195 1508 1198 1507
SAGSLOW 1198 1506 1198 1507
SAGSLOW 1200 1506 1198 1507
SAGSLOW 1197 1506 1198 1507
SAGSLOW 1198 1507 1198 1507
SAGSLOW 1195 1507 1198 1507
SAGSLOW 1195 1507 1198 1507
SAGSLOW 1198 1508 1198 1507
SAGSLOW 1198 1507 1198 1507
SAGSLOW 1203 1507 1198 1507
SAGSLOW 1197 1506 1198 1507
SAGSLOW 1194 1507 1198 1507
SAGSLOW 1198 1507 1198 1507
SAGSLOW 1195 1507 1198 1507
SAGSLOW 1197 1508 1198 1507
SAGSLOW 1192 1507 1198 1507
SAGSLOW 1195 1507 1198 1507
SAGSLOW 1199 1507 1198 1507
SAGSLOW 1196 1507 1198 1507
SAGSLOW 1199 1506 1198 1507
SAGSLOW 1201 1507 1198 1507
SAGSLOW 1199 1507 1198 1507
SAGSLOW 1194 1506 1198 1507
SAGSLOW 1199 1507 1198 1507
SAGSLOW 1195 1507 1198 1507
SAGSLOW 1201 1507 1198 1507
SAGSLOW 1201 1507 1198 1507
SAGSLOW 1198 1507 1198 1507
SAGSLOW 1196 1506 1198 1507
SAGSLOW 1197 1507 1198 1507
SAGSLOW 1198 1506 1198 1507
SAGSLOW 1197 1507 1198 1507
SAGSLOW 1200 1507 1198 1507
SAGSLOW 1191 1508 1198 1507
SAGSLOW 1198 1507 1198 1507
SAGSLOW 1199 1507 1198 1507
SAGSLOW 1198 1506 1198 1507
SAGSLOW 1197 1508 1198 1507
SAGSLOW 1200 1507 1198 1507
SAGSLOW 1201 1507 1198 1507
SAGSLOW 1205 1507 1198 1507
SAGSLOW 1195 1506 1198 1507
SAGSLOW 1198 1506 1198 1507
SAGSLOW 1202 1507 1198 1507
SAGSLOW 1201 1507 1198 1507
SAGSLOW 1197 1507 1198 1507
SAGSLOW 1197 1507 1198 1507
SAGSLOW 1201 1507 1198 1507
SAGSLOW 1196 1507 1198 1507
SAGSLOW 1198 1507 1198 1507
SAGSLOW 1192 1507 1198 1507
SAGSLOW 1202 1506 1198 1507
SAGSLOW 1201 1507 1198 1507
SAGSLOW 1198 1507 1198 1507
SAGSLOW 1195 1508 1198 1507
SAGSLOW 1199 1507 1198 1507
SAGSLOW 1205 1507 1198 1507
SAGSLOW 1198 1506 1198 1507
SAGSLOW 1200 1507 1198 1507
SAGSLOW 1201 1508 1198 1507
SAGSLOW 1198 1506 1198 1507
SAGSLOW 1202 1506 1198 1507
SAGSLOW 1199 1506 1198 1507
SAGSLOW 1196 1507 1198 1507
SAGSLOW 1198 1506 1198 1507
SAGSLOW 1200 1507 1198 1507
SAGSLOW 1193 1507 1198 1507
SAGSLOW 1197 1507 1198 1507
SAGSLOW 1202 1506 1198 1507
SAGSLOW 1199 1507 1198 1507
SAGSLOW 1196 1507 1198 1507
SAGSLOW 1196 1508 1198 1507
SAGSLOW 1199 1507 1198 1507
SAGSLOW 1197 1507 1198 1507
SAGSLOW 1199 1508 1198 1507
SAGSLOW 1193 1507 1198 1507
SAGSLOW 1206 1507 1198 1507
SAGSLOW 1201 1506 1198 1507
SAGSLOW 1196 1507 1198 1507
SAGSLOW 1200 1507 1198 1507
SAGSLOW 1195 1507 1198 1507
SAGSLOW 1201 1507 1198 1507
SAGSLOW 1197 1507 1198 1507
SAGSLOW 1197 1506 1198 1507
SAGSLOW 1197 1508 1198 1507
SAGSLOW 1198 1506 1198 1507
SAGSLOW 1198 1508 1198 1507
SAGSLOW 1204 1507 1198 1507
SAGSLOW 1199 1507 1198 1507
SAGSLOW 1199 1507 1198 1507
SAGSLOW 1194 1508 1198 1507
SAGSLOW 1196 1507 1198 1507
SAGSLOW 1201 1507 1198 1507
SAGSLOW 1192 1506 1198 1507
SAGSLOW 1195 1508 1198 1507
SAGSLOW 1195 1507 1198 1507
SAGSLOW 1197 1507 1198 1507
SAGSLOW 1198 1507 1198 1507
SAGSLOW 1195 1508 1198 1507
SAGSLOW 1196 1507 1198 1507
SAGSLOW 1193 1507 1198 1507
SAGSLOW 1196 1507 1198 1507
SAGSLOW 1195 1507 1198 1507
SAGSLOW 1196 1506 1198 1507
SAGSLOW 1198 1507 1198 1507
SAGSLOW 1193 1507 1197 1507
SAGSLOW 1199 1507 1198 1507
SAGSLOW 1190 1507 1198 1507
SAGSLOW 1193 1507 1198 1507
SAGSLOW 1198 1506 1198 1507
SAGSLOW 1195 1507 1198 1507
SAGSLOW 1198 1507 1198 1507
SAGSLOW 1196 1507 1198 1507
SAGSLOW 1201 1507 1198 1507
SAGSLOW 1195 1507 1198 1507
SAGSLOW 1197 1507 1198 1507
SAGSLOW 1202 1508 1198 1507
SAGSLOW 1200 1507 1198 1507
SAGSLOW 1197 1507 1198 1507
SAGSLOW 1197 1506 1198 1507
SAGSLOW 1199 1506 1198 1507
SAGSLOW 1193 1507 1198 1507
SAGSLOW 1198 1507 1198 1507
SAGSLOW 1195 1507 1197 1507
SAGSLOW 1196 1507 1198 1507
SAGSLOW 1200 1507 1198 1507
SAGSLOW 1196 1506 1198 1507
SAGSLOW 1199 1508 1198 1507
SAGSLOW 1196 1506 1198 1507
SAGSLOW 1197 1507 1198 1507
SAGSLOW 1196 1507 1198 1507
SAGSLOW 1193 1507 1197 1507
SAGSLOW 1201 1507 1197 1507
SAGSLOW 1194 1506 1197 1507
SAGSLOW 1203 1507 1197 1507
SAGSLOW 1194 1507 1197 1507
SAGSLOW 1195 1507 1197 1507
SAGSLOW 1203 1507 1197 1507
SAGSLOW 1202 1507 1197 1507
SAGSLOW 1199 1506 1197 1507
SAGSLOW 1199 1507 1197 1507
SAGSLOW 1196 1507 1197 1507
SAGSLOW 1196 1506 1197 1507
SAGSLOW 1196 1508 1197 1507
SAGSLOW 1197 1507 1197 1507
SAGSLOW 1194 1508 1197 1507
SAGSLOW 1198 1507 1197 1507
SAGSLOW 1199 1507 1197 1507
SAGSLOW 1194 1507 1197 1507
SAGSLOW 1194 1506 1197 1507
SAGSLOW 1195 1507 1197 1507
SAGSLOW 1198 1508 1197 1507
SAGSLOW 1198 1507 1197 1507
SAGSLOW 1199 1507 1197 1507
SAGSLOW 1200 1507 1197 1507
SAGSLOW 1199 1507 1197 1507
SAGSLOW 1198 1506 1197 1507
SAGSLOW 1200 1507 1197 1507
SAGSLOW 1199 1506 1197 1507
SAGSLOW 1194 1508 1197 1507
SAGSLOW 1197 1507 1197 1507
SAGSLOW 1195 1508 1197 1507
SAGSLOW 1198 1507 1197 1507
SAGSLOW 1195 1506 1197 1507
SAGSLOW 1198 1507 1197 1507
SAGSLOW 1197 1507 1197 1507
SAGSLOW 1192 1506 1197 1507
SAGSLOW 1199 1506 1197 1507
SAGSLOW 1197 1506 1197 1507
SAGSLOW 1200 1507 1197 1507
SAGSLOW 1201 1507 1197 1507
SAGSLOW 1198 1506 1197 1507
SAGSLOW 1197 1506 1197 1507
SAGSLOW 1201 1507 1197 1507
SAGSLOW 1195 1507 1197 1507
SAGSLOW 1196 1507 1197 1507
SAGSLOW 1196 1507 1197 1507
SAGSLOW 1195 1508 1197 1507
SAGSLOW 1200 1507 1197 1507
SAGSLOW 1196 1506 1197 1507
SAGSLOW 1205 1507 1197 1507
SAGSLOW 1202 1507 1197 1507
SAGSLOW 1200 1507 1197 1507
SAGSLOW 1191 1506 1197 1507
SAGSLOW 1193 1507 1197 1507
SAGSLOW 1199 1507 1197 1507
SAGSLOW 1197 1507 1197 1507
SAGSLOW 1198 1507 1197 1507
SAGSLOW 1195 1506 1197 1507
SAGSLOW 1200 1507 1197 1507
SAGSLOW 1195 1507 1197 1507
SAGSLOW 1200 1508 1197 1507
SAGSLOW 1200 1508 1197 1507
SAGSLOW 1196 1507 1197 1507
SAGSLOW 1198 1508 1197 1507
SAGSLOW 1199 1507 1197 1507
SAGSLOW 1197 1507 1197 1507
SAGSLOW 1202 1507 1197 1507
SAGSLOW 1198 1507 1197 1507
SAGSLOW 1197 1506 1197 1507
SAGSLOW 1197 1507 1197 1507
SAGSLOW 1193 1507 1197 1507
SAGSLOW 1194 1507 1197 1507
SAGSLOW 1197 1507 1197 1507
SAGSLOW 1197 1508 1197 1507
SAGSLOW 1198 1507 1197 1507
SAGSLOW 1199 1507 1197 1507
SAGSLOW 1194 1507 1197 1507
SAGSLOW 1196 1507 1197 1507
SAGSLOW 1201 1507 1197 1507
SAGSLOW 1198 1508 1197 1507
SAGSLOW 1199 1506 1197 1507
SAGSLOW 1198 1506 1197 1507
SAGSLOW 1199 1506 1197 1507
SAGSLOW 1197 1507 1197 1507
SAGSLOW 1198 1507 1197 1507
SAGSLOW 1194 1507 1197 1507
SAGSLOW 1200 1507 1197 1507
SAGSLOW 1194 1508 1197 1507
SAGSLOW 1198 1507 1197 1507
SAGSLOW 1199 1507 1197 1507
SAGSLOW 1197 1507 1197 1507
SAGSLOW 1199 1507 1197 1507
SAGSLOW 1195 1507 1197 1507
SAGSLOW 1200 1506 1197 1507
SAGSLOW 1198 1507 1197 1507
SAGSLOW 1197 1506 1197 1507
SAGSLOW 1192 1507 1197 1507
SAGSLOW 1199 1507 1197 1507
SAGSLOW 1199 1507 1197 1507
SAGSLOW 1197 1508 1197 1507
SAGSLOW 1194 1507 1197 1507
SAGSLOW 1196 1507 1197 1507
SAGSLOW 1197 1507 1197 1507
SAGSLOW 1195 1507 1197 1507
SAGSLOW 1196 1507 1197 1507
SAGSLOW 1201 1507 1197 1507
SAGSLOW 1199 1507 1197 1507
SAGSLOW 1202 1507 1197 1507
SAGSLOW 1199 1507 1197 1507
SAGSLOW 1196 1506 1197 1507
SAGSLOW 1197 1506 1197 1507
SAGSLOW 1198 1507 1197 1507
SAGSLOW 1200 1508 1197 1507
SAGSLOW 1200 1507 1197 1507
SAGSLOW 1197 1507 1197 1507
SAGSLOW 1196 1506 1197 1507
SAGSLOW 1199 1508 1197 1507
SAGSLOW 1200 1507 1197 1507
SAGSLOW 1199 1506 1197 1507
SAGSLOW 1197 1506 1197 1507
SAGSLOW 1199 1506 1197 1507
SAGSLOW 1201 1507 1197 1507
SAGSLOW 1193 1507 1197 1507
SAGSLOW 1199 1506 1197 1507
SAGSLOW 1199 1507 1197 1507
SAGSLOW 1199 1507 1197 1507
SAGSLOW 1202 1507 1197 1507
SAGSLOW 1191 1507 1197 1507
SAGSLOW 1204 1506 1197 1507
SAGSLOW 1199 1507 1197 1507
SAGSLOW 1201 1506 1197 1507
SAGSLOW 1196 1507 1197 1507
SAGSLOW 1193 1507 1197 1507
SAGSLOW 1199 1507 1197 1507
SAGSLOW 1198 1507 1197 1507
SAGSLOW 1200 1506 1198 1507
SAGSLOW 1196 1508 1198 1507
SAGSLOW 1204 1507 1197 1507
SAGSLOW 1195 1507 1197 1507
SAGSLOW 1199 1507 1198 1507
SAGSLOW 1201 1508 1198 1507
SAGSLOW 1196 1506 1198 1507
SAGSLOW 1198 1507 1198 1507
SAGSLOW 1198 1507 1198 1507
SAGSLOW 1197 1506 1198 1507
SAGSLOW 1198 1506 1198 1507
SAGSLOW 1200 1506 1198 1507
SAGSLOW 1192 1506 1198 1507
SAGSLOW 1197 1507 1198 1507
SAGSLOW 1199 1507 1198 1507
SAGSLOW 1199 1507 1198 1507
SAGSLOW 1198 1506 1198 1507
SAGSLOW 1196 1507 1198 1507
SAGSLOW 1196 1507 1198 1507
SAGSLOW 1200 1507 1198 1507
SAGSLOW 1195 1507 1198 1507
SAGSLOW 1194 1507 1198 1507
SAGSLOW 1197 1507 1198 1507
SAGSLOW 1202 1507 1198 1507
SAGSLOW 1193 1507 1198 1507
SAGSLOW 1199 1507 1198 1507
SAGSLOW 1199 1508 1198 1507
SAGSLOW 1196 1507 1198 1507
SAGSLOW 1196 1508 1198 1507
SAGSLOW 1198 1507 1198 1507
SAGSLOW 1200 1506 1198 1507
SAGSLOW 1189 1507 1198 1507
SAGSLOW 1195 1506 1198 1507
SAGSLOW 1198 1507 1198 1507
SAGSLOW 1194 1507 1198 1507
SAGSLOW 1194 1507 1198 1507
SAGSLOW 1199 1507 1198 1507
SAGSLOW 1201 1508 1198 1507
SAGSLOW 1205 1508 1198 1507
SAGSLOW 1197 1507 1198 1507
SAGSLOW 1197 1508 1198 1507
SAGSLOW 1205 1506 1198 1507
SAGSLOW 1199 1507 1198 1507
SAGSLOW 1196 1507 1198 1507
SAGSLOW 1202 1507 1198 1507
SAGSLOW 1199 1507 1198 1507
SAGSLOW 1198 1507 1198 1507
SAGSLOW 1200 1508 1198 1507
SAGSLOW 1194 1506 1198 1507
SAGSLOW 1199 1508 1198 1507
SAGSLOW 1198 1507 1198 1507
SAGSLOW 1196 1507 1198 1507
SAGSLOW 1198 1507 1198 1507
SAGSLOW 1195 1507 1198 1507
SAGSLOW 1202 1507 1198 1507
SAGSLOW 1194 1508 1198 1507
SAGSLOW 1196 1507 1198 1507
SAGSLOW 1196 1507 1198 1507
SAGSLOW 1195 1507 1198 1507
SAGSLOW 1199 1507 1198 1507
SAGSLOW 1195 1507 1198 1507
SAGSLOW 1201 1507 1198 1507
SAGSLOW 1199 1507 1198 1507
SAGSLOW 1199 1506 1198 1507
SAGSLOW 1202 1508 1198 1507
SAGSLOW 1197 1507 1198 1507
SAGSLOW 1198 1507 1198 1507
SAGSLOW 1196 1507 1198 1507
SAGSLOW 1196 1507 1198 1507
SAGSLOW 1199 1507 1198 1507
SAGSLOW 1195 1507 1198 1507
SAGSLOW 1194 1507 1198 1507
SAGSLOW 1196 1507 1198 1507
SAGSLOW 1196 1507 1198 1507
SAGSLOW 1200 1507 1198 1507
SAGSLOW 1195 1506 1198 1507
SAGSLOW 1197 1507 1198 1507
SAGSLOW 1198 1507 1198 1507
SAGSLOW 1199 1507 1198 1507
SAGSLOW 1199 1507 1198 1507
SAGSLOW 1199 1506 1198 1507
SAGSLOW 1194 1507 1198 1507
SAGSLOW 1198 1507 1198 1507
SAGSLOW 1202 1507 1198 1507
SAGSLOW 1197 1507 1198 1507
SAGSLOW 1195 1506 1198 1507
SAGSLOW 1198 1507 1198 1507
SAGSLOW 1196 1508 1198 1507
SAGSLOW 1204 1507 1198 1507
SAGSLOW 1195 1508 1198 1507
SAGSLOW 1202 1506 1198 1507
SAGSLOW 1198 1507 1198 1507
SAGSLOW 1202 1507 1198 1507
SAGSLOW 1194 1508 1198 1507
SAGSLOW 1200 1507 1198 1507
SAGSLOW 1197 1507 1198 1507
SAGSLOW 1197 1507 1198 1507
SAGSLOW 1203 1507 1198 1507
SAGSLOW 1201 1507 1198 1507
SAGSLOW 1194 1507 1198 1507
SAGSLOW 1198 1507 1198 1507
SAGSLOW 1197 1507 1198 1507
SAGSLOW 1202 1507 1198 1507
SAGSLOW 1196 1507 1198 1507
SAGSLOW 1200 1508 1198 1507
SAGSLOW 1201 1506 1198 1507
SAGSLOW 1200 1506 1198 1507
SAGSLOW 1193 1507 1198 1507
SAGSLOW 1195 1508 1198 1507
SAGSLOW 1200 1507 1198 1507
SAGSLOW 1196 1507 1198 1507
SAGSLOW 1200 1507 1198 1507
SAGSLOW 1198 1507 1198 1507
SAGSLOW 1197 1507 1198 1507
SAGSLOW 1197 1507 1198 1507
SAGSLOW 1197 1506 1198 1507
SAGSLOW 1194 1507 1198 1507
SAGSLOW 1193 1507 1198 1507
SAGSLOW 1205 1507 1198 1507
SAGSLOW 1204 1508 1198 1507
SAGSLOW 1195 1507 1198 1507
SAGSLOW 1198 1506 1198 1507
SAGSLOW 1198 1507 1198 1507
SAGSLOW 1198 1506 1198 1507
SAGSLOW 1197 1507 1198 1507
SAGSLOW 1197 1506 1198 1507
SAGSLOW 1197 1507 1198 1507
SAGSLOW 1200 1508 1198 1507
SAGSLOW 1193 1507 1198 1507
SAGSLOW 1194 1506 1198 1507
SAGSLOW 1196 1507 1198 1507
SAGSLOW 1199 1508 1198 1507
SAGSLOW 1196 1507 1198 1507
SAGSLOW 1197 1507 1198 1507
SAGSLOW 1198 1507 1198 1507
SAGSLOW 1200 1507 1198 1507
SAGSLOW 1206 1507 1198 1507
SAGSLOW 1199 1506 1198 1507
SAGSLOW 1194 1507 1198 1507
SAGSLOW 1198 1506 1198 1507
SAGSLOW 1199 1507 1198 1507
SAGSLOW 1199 1507 1198 1507
SAGSLOW 1195 1507 1198 1507
SAGSLOW 1199 1507 1198 1507
SAGSLOW 1202 1507 1198 1507
SAGSLOW 1194 1507 1198 1507
SAGSLOW 1196 1507 1198 1507
SAGSLOW 1199 1507 1198 1507
SAGSLOW 1197 1506 1198 1507
SAGSLOW 1195 1507 1198 1507
SAGSLOW 1199 1506 1198 1507
SAGSLOW 1196 1507 1198 1507
SAGSLOW 1194 1507 1198 1507
SAGSLOW 1199 1507 1198 1507
SAGSLOW 1194 1507 1198 1507
SAGSLOW 1196 1506 1198 1507
SAGSLOW 1194 1507 1198 1507
SAGSLOW 1198 1507 1198 1507
SAGSLOW 1196 1507 1198 1507
SAGSLOW 1197 1506 1198 1507
SAGSLOW 1190 1506 1198 1507
SAGSLOW 1202 1507 1198 1507
SAGSLOW 1199 1506 1198 1507
SAGSLOW 1197 1507 1198 1507
SAGSLOW 1193 1507 1198 1507
SAGSLOW 1200 1507 1198 1507
SAGSLOW 1199 1507 1198 1507
SAGSLOW 1196 1506 1198 1507
SAGSLOW 1196 1507 1198 1507
SAGSLOW 1201 1507 1198 1507
SAGSLOW 1201 1506 1198 1507
SAGSLOW 1199 1507 1198 1507
SAGSLOW 1198 1507 1198 1507
SAGSLOW 1197 1507 1198 1507
SAGSLOW 1193 1507 1198 1507
SAGSLOW 1195 1508 1198 1507
SAGSLOW 1197 1507 1198 1507
SAGSLOW 1196 1507 1198 1507
SAGSLOW 1199 1507 1198 1507
SAGSLOW 1197 1507 1198 1507
SAGSLOW 1193 1507 1198 1507
SAGSLOW 1199 1507 1198 1507
SAGSLOW 1202 1507 1198 1507
SAGSLOW 1196 1507 1198 1507
SAGSLOW 1199 1507 1198 1507
SAGSLOW 1187 1507 1198 1507
SAGSLOW 1199 1507 1198 1507
SAGSLOW 1199 1507 1198 1507
SAGSLOW 1204 1507 1198 1507
SAGSLOW 1193 1507 1198 1507
SAGSLOW 1202 1507 1198 1507
SAGSLOW 1196 1507 1198 1507
SAGSLOW 1198 1507 1198 1507
SAGSLOW 1198 1507 1198 1507
SAGSLOW 1199 1507 1198 1507
SAGSLOW 1197 1507 1198 1507
SAGSLOW 1196 1507 1198 1507
SAGSLOW 1195 1508 1198 1507
SAGSLOW 1197 1507 1198 1507
SAGSLOW 1196 1506 1198 1507
SAGSLOW 1197 1507 1198 1507
SAGSLOW 1196 1507 1198 1507
SAGSLOW 1196 1506 1198 1507
SAGSLOW 1196 1506 1198 1507
SAGSLOW 1203 1507 1198 1507
SAGSLOW 1201 1506 1198 1507
SAGSLOW 1193 1507 1198 1507
SAGSLOW 1197 1508 1198 1507
SAGSLOW 1200 1507 1198 1507
SAGSLOW 1196 1507 1198 1507
SAGSLOW 1196 1507 1198 1507
SAGSLOW 1198 1507 1198 1507
SAGSLOW 1201 1508 1198 1507
SAGSLOW 1197 1507 1198 1507
SAGSLOW 1195 1507 1198 1507
SAGSLOW 1198 1507 1198 1507
SAGSLOW 1200 1508 1198 1507
SAGSLOW 1202 1507 1198 1507
SAGSLOW 1202 1507 1198 1507
SAGSLOW 1198 1507 1198 1507
SAGSLOW 1197 1508 1198 1507
SAGSLOW 1199 1507 1198 1507
SAGSLOW 1197 1507 1198 1507
SAGSLOW 1196 1507 1198 1507
SAGSLOW 1195 1508 1198 1507
SAGSLOW 1200 1507 1198 1507
SAGSLOW 1201 1507 1198 1507
SAGSLOW 1203 1507 1198 1507
SAGSLOW 1198 1506 1198 1507
SAGSLOW 1196 1508 1198 1507
SAGSLOW 1196 1508 1198 1507
SAGSLOW 1198 1507 1198 1507
SAGSLOW 1197 1507 1198 1507
SAGSLOW 1199 1506 1198 1507
SAGSLOW 1197 1507 1198 1507
SAGSLOW 1195 1507 1198 1507
SAGSLOW 1200 1507 1198 1507
SAGSLOW 1198 1507 1198 1507
SAGSLOW 1196 1507 1198 1507
SAGSLOW 1201 1508 1198 1507
SAGSLOW 1201 1506 1198 1507
SAGSLOW 1195 1506 1198 1507
SAGSLOW 1192 1506 1198 1507
SAGSLOW 1200 1507 1198 1507
SAGSLOW 1204 1507 1198 1507
SAGSLOW 1196 1507 1198 1507
SAGSLOW 1195 1506 1198 1507
SAGSLOW 1195 1507 1198 1507
SAGSLOW 1199 1508 1198 1507
SAGSLOW 1197 1506 1198 1507
SAGSLOW 1199 1506 1198 1507
SAGSLOW 1201 1507 1198 1507
SAGSLOW 1201 1506 1198 1507
SAGSLOW 1199 1507 1198 1507
SAGSLOW 1194 1506 1198 1507
SAGSLOW 1198 1507 1198 1507
SAGSLOW 1197 1507 1198 1507
SAGSLOW 1196 1507 1198 1507
SAGSLOW 1194 1507 1198 1507
SAGSLOW 1199 1507 1198 1507
SAGSLOW 1199 1507 1198 1507
SAGSLOW 1198 1507 1198 1507
SAGSLOW 1196 1506 1198 1507
SAGSLOW 1195 1507 1198 1507
SAGSLOW 1196 1507 1198 1507
SAGSLOW 1195 1506 1198 1507
SAGSLOW 1202 1508 1198 1507
SAGSLOW 1199 1507 1198 1507
SAGSLOW 1194 1507 1198 1507
SAGSLOW 1203 1507 1198 1507
SAGSLOW 1199 1507 1198 1507
SAGSLOW 1198 1506 1198 1507
SAGSLOW 1198 1507 1198 1507
SAGSLOW 1193 1507 1198 1507
SAGSLOW 1197 1507 1198 1507
SAGSLOW 1200 1507 1198 1507
SAGSLOW 1203 1507 1198 1507
SAGSLOW 1199 1506 1198 1507
SAGSLOW 1202 1507 1198 1507
SAGSLOW 1195 1505 1198 1507
SAGSLOW 1200 1507 1198 1507
SAGSLOW 1197 1507 1198 1507
SAGSLOW 1199 1507 1198 1507
SAGSLOW 1196 1507 1198 1507
SAGSLOW 1196 1508 1198 1507
SAGSLOW 1193 1507 1198 1507
SAGSLOW 1201 1507 1198 1507
SAGSLOW 1199 1508 1198 1507
SAGSLOW 1194 1507 1198 1507
SAGSLOW 1196 1506 1198 1507
SAGSLOW 1193 1506 1198 1507
SAGSLOW 1202 1507 1198 1507
SAGSLOW 1204 1508 1198 1507
SAGSLOW 1199 1507 1198 1507
SAGSLOW 1199 1507 1198 1507
SAGSLOW 1197 1507 1198 1507
SAGSLOW 1195 1507 1198 1507
SAGSLOW 1199 1506 1198 1507
SAGSLOW 1196 1507 1198 1507
SAGSLOW 1199 1507 1198 1507
SAGSLOW 1196 1507 1198 1507
SAGSLOW 1195 1506 1198 1507
SAGSLOW 1201 1508 1198 1507
SAGSLOW 1193 1507 1198 1507
SAGSLOW 1194 1507 1198 1507
SAGSLOW 1198 1506 1198 1507
SAGSLOW 1198 1507 1198 1507
SAGSLOW 1200 1507 1198 1507
SAGSLOW 1190 1506 1198 1507
SAGSLOW 1199 1507 1198 1507
SAGSLOW 1191 1507 1198 1507
SAGSLOW 1203 1508 1198 1507
SAGSLOW 1194 1507 1198 1507
SAGSLOW 1196 1507 1198 1507
SAGSLOW 1196 1507 1198 1507
SAGSLOW 1198 1507 1198 1507
SAGSLOW 1193 1506 1198 1507
SAGSLOW 1196 1506 1198 1507
SAGSLOW 1196 1507 1198 1507
SAGSLOW 1195 1507 1198 1507
SAGSLOW 1198 1507 1198 1507
SAGSLOW 1195 1506 1198 1507
SAGSLOW 1196 1506 1198 1507
SAGSLOW 1197 1507 1198 1507
SAGSLOW 1201 1506 1198 1507
SAGSLOW 1204 1506 1198 1507
SAGSLOW 1208 1508 1198 1507
SAGSLOW 1196 1507 1198 1507
SAGSLOW 1202 1506 1198 1507
SAGSLOW 1196 1507 1198 1507
SAGSLOW 1194 1507 1198 1507
SAGSLOW 1199 1507 1198 1507
SAGSLOW 1196 1507 1198 1507
SAGSLOW 1200 1507 1198 1507
SAGSLOW 1202 1506 1198 1507
SAGSLOW 1200 1507 1198 1507
SAGSLOW 1202 1506 1198 1507
SAGSLOW 1199 1506 1198 1507
SAGSLOW 1197 1507 1198 1507
SAGSLOW 1197 1507 1198 1507
SAGSLOW 1196 1506 1198 1507
SAGSLOW 1197 1507 1198 1507
SAGSLOW 1198 1507 1198 1507
SAGSLOW 1200 1507 1198 1507
SAGSLOW 1201 1508 1198 1507
SAGSLOW 1192 1507 1198 1507
SAGSLOW 1200 1508 1198 1507
SAGSLOW 1197 1506 1198 1507
SAGSLOW 1196 1507 1198 1507
SAGSLOW 1194 1507 1198 1507
SAGSLOW 1198 1508 1198 1507
SAGSLOW 1200 1506 1198 1507
SAGSLOW 1202 1507 1198 1507
SAGSLOW 1196 1507 1198 1507
SAGSLOW 1196 1507 1198 1507
SAGSLOW 1192 1507 1198 1507
SAGSLOW 1199 1506 1198 1507
SAGSLOW 1195 1507 1198 1507
SAGSLOW 1195 1508 1198 1507
SAGSLOW 1201 1506 1198 1507
SAGSLOW 1197 1507 1198 1507
SAGSLOW 1198 1507 1198 1507
SAGSLOW 1195 1506 1198 1507
SAGSLOW 1198 1507 1198 1507
SAGSLOW 1197 1507 1198 1507
SAGSLOW 1198 1506 1198 1507
SAGSLOW 1195 1506 1198 1507
SAGSLOW 1196 1508 1198 1507
SAGSLOW 1199 1507 1198 1507
SAGSLOW 1197 1507 1198 1507
SAGSLOW 1198 1507 1198 1507
SAGSLOW 1199 1506 1198 1507
SAGSLOW 1198 1508 1198 1507
SAGSLOW 1196 1508 1198 1507
SAGSLOW 1201 1507 1198 1507
SAGSLOW 1195 1506 1198 1507
SAGSLOW 1193 1507 1198 1507
SAGSLOW 1200 1507 1198 1507
SAGSLOW 1200 1507 1197 1507
SAGSLOW 1196 1508 1198 1507
SAGSLOW 1196 1507 1197 1507
SAGSLOW 1196 1506 1197 1507
SAGSLOW 1197 1506 1197 1507
SAGSLOW 1196 1507 1197 1507
SAGSLOW 1195 1507 1197 1507
SAGSLOW 1200 1507 1197 1507
SAGSLOW 1196 1507 1197 1507
SAGSLOW 1200 1507 1197 1507
SAGSLOW 1195 1507 1198 1507
SAGSLOW 1197 1507 1198 1507
SAGSLOW 1196 1507 1197 1507
SAGSLOW 1197 1507 1197 1507
SAGSLOW 1196 1506 1198 1507
SAGSLOW 1199 1507 1198 1507
SAGSLOW 1201 1507 1198 1507
SAGSLOW 1202 1507 1198 1507
SAGSLOW 1196 1507 1198 1507
SAGSLOW 1198 1506 1198 1507
SAGSLOW 1195 1507 1198 1507
SAGSLOW 1198 1507 1198 1507
SAGSLOW 1195 1505 1198 1507
SAGSLOW 1198 1506 1198 1507
SAGSLOW 1197 1506 1198 1507
SAGSLOW 1200 1507 1198 1507
SAGSLOW 1203 1508 1198 1507
SAGSLOW 1201 1505 1198 1507
SAGSLOW 1194 1506 1198 1507
SAGSLOW 1196 1506 1198 1507
SAGSLOW 1197 1507 1198 1507
SAGSLOW 1196 1507 1198 1507
SAGSLOW 1197 1506 1198 1507
SAGSLOW 1197 1508 1198 1507
SAGSLOW 1200 1507 1198 1507
SAGSLOW 1196 1507 1198 1507
SAGSLOW 1198 1508 1198 1507
SAGSLOW 1198 1506 1198 1507
SAGSLOW 1199 1507 1198 1507
SAGSLOW 1196 1508 1198 1507
SAGSLOW 1195 1507 1198 1507
SAGSLOW 1201 1507 1197 1507
SAGSLOW 1196 1508 1198 1507
SAGSLOW 1204 1507 1197 1507
SAGEND
