# elf_crc32 63C0061D
# elf_sha256 828501C1596B3C1425F3D77CCE5AAEBDE343D25109FC0F7F0BACBA965B74D8D5
# started 2026-09-24T04:43:09
BEMFRUN handoff_ehz=200 target_duty_tenths=500 advance_level=22 total_ms=80000 inject=0
PREFLIGHT moe=0 ccr1=0 ccr2=0 ccr3=0 gates_low=1 en=0 nfault=1 verdict=PASS
POSTSTOP
PREFLIGHT moe=0 ccr1=0 ccr2=0 ccr3=0 gates_low=1 en=0 nfault=1 verdict=PASS
BEMFDONE reason=2 accepted=865394 forced=0 zc_acc=867559 too_early=6 unstable=1414187 ci_us=77 bus_ref=1219 bus_min=1106
BEMFSAG ref_bus=1219 ref_vref=1507 filt_bus=1198 filt_vref=1507 streak=0 tripped=0
BEMFGATE closed_ms=74776 hold_ms=54776 target_tenths=500 zc_per_s=11573 comm_per_s=11573 ehz_from_ci_last=2164 forced_pct=0
BEMFRATE hold_ms=54776 hold_accepted=707437 hold_forced=0 mean_ci_us=77 mean_sector_us=77 ehz_from_sector=2164 zc_per_s=12915 zc_expected_per_s=12987 zc_rate_permille_of_expected=994 hold_forced_pct=0
BEMFTAIL accepts=35846 span_us=2774881 start_before_stop_us=2774999 end_before_stop_us=118 window_us=2000000
BEMFRCOMP spent_max_us=11 late_arms=0 com_preempts=0 com_arm_preempts=0
BEMFSECTOR a1=65535 f1=0 a2=65535 f2=0 a3=65535 f3=0 a4=65535 f4=0 a5=65535 f5=0 a6=65535 f6=0
BEMFPHASE lt075=35308 to100=65535 to125=65535 to150=25974 gt150=4546
BEMFREVISIT r1=30214 v1=13633 r2=29529 v2=12071 r3=24826 v3=14893 r4=44394 v4=14816 r5=21776 v5=13098 r6=33971 v6=17854
BEMFDRIVEN entered=1 epochs=21 accepts=13 early=20 unstable=285 defers=1 retries=0 late_max_us=22 qual_intervals=12 qual_reanchors=0 qual_fault=0 fail=0 seeded=1 seed_step=3 seed_us=761 commanded_us=833 irq_peak_per_ms=58 closed_irq_peak_per_ms=63 storm=0 storm_step=0 cap_armed=1 comp_call_max_us=16 overrun=0 blank_arms=867544 blank_latched=0 com_count=867560 com_late_max_us=10
BEMFGUARD reason=0 ticks=786939 gap_max_us=109 track_fault=0 track_max_us=240 fast_events=858784 fast_min_us=30 loop_iters_closed=2357860 loop_gap_max_us=169 acquire_us=16804
BEMFDRVROWS 9:3:7651:867 10:4:705:692 11:5:789:685 12:6:697:569 13:1:772:504 14:2:677:361 15:3:740:243 16:4:621:38
BEMFDRVROWS 17:5:820:17 18:6:881:76 19:1:782:13 20:2:819:18 21:3:835:15
BEMFCURRENT blocks=7869 mean_residual=11240 mean_ma=1411 hold_blocks=5423 hold_ma=1793 zero_blocks=50 zero_start=619136 zero_end=617904 zero_drift_ma=-154 ref_ma=326 duty_tenths=500 ceiling_tenths=500 worst_residual=17663 worst_ma=2217
BEMFWITNESS samples=118171 bemf_min=0 bemf_max=0 mid=0 mid_fixed=0 alt=0 hyst_codes=12 driven_rotation=0
vsenc_min=0 vsenc_max=0 star_min=0 star_max=0 bus_ref=1219
BEMFCOAST reason=2 pp_first=0 pp_last=0 crossings=0 spun=1 comp_edges=1910 comp_hi=359948 comp_polls=551563
COASTTIMING trans=1382 offset_us=39 first_us=160 iv_us=228,237,229,236,229,236,229,237 ehz_first=2192
SAGSNAP judged=786912 fast_len=512 slow_len=1024 slow_every=32 frozen=1 num=95 den=100 streak_to_latch=3 adc_rail=4095
SAGROW 26562 1193 1507 1198 1507 0 6 500 61
SAGROW 26699 1192 1507 1198 1507 0 1 500 116
SAGROW 26768 1194 1506 1198 1507 0 3 500 106
SAGROW 26876 1193 1506 1198 1507 0 4 500 65
SAGROW 26957 1195 1506 1198 1507 0 5 500 55
SAGROW 27095 1192 1506 1198 1507 0 1 500 51
SAGROW 27181 1191 1507 1198 1507 0 2 500 59
SAGROW 27282 1192 1507 1198 1507 0 3 500 88
SAGROW 27390 1192 1507 1198 1507 0 4 500 121
SAGROW 27482 1192 1507 1198 1507 0 6 500 129
SAGROW 27579 1194 1507 1198 1507 0 1 500 74
SAGROW 27691 1196 1507 1198 1507 0 2 500 106
SAGROW 27797 1196 1507 1198 1507 0 4 500 54
SAGROW 27870 1199 1508 1198 1507 0 5 500 55
SAGROW 27989 1199 1507 1198 1507 0 6 500 93
SAGROW 28094 1198 1507 1198 1507 0 2 500 40
SAGROW 28171 1199 1507 1198 1507 0 3 500 46
SAGROW 28309 1200 1507 1198 1507 0 4 500 105
SAGROW 28387 1198 1507 1198 1507 0 6 500 111
SAGROW 28495 1196 1507 1198 1507 0 1 500 58
SAGROW 28610 1196 1507 1198 1507 0 2 500 94
SAGROW 28705 1196 1507 1198 1507 0 4 500 123
SAGROW 28794 1196 1507 1198 1507 0 5 500 130
SAGROW 28877 1198 1506 1198 1507 0 5 500 117
SAGROW 29008 1196 1506 1198 1507 0 1 500 110
SAGROW 29097 1198 1506 1198 1507 0 3 500 120
SAGROW 29202 1198 1505 1198 1507 0 4 500 69
SAGROW 29300 1197 1505 1198 1507 0 5 500 92
SAGROW 29412 1198 1506 1198 1507 0 1 500 51
SAGROW 29498 1198 1506 1198 1507 0 2 500 61
SAGROW 29619 1200 1506 1198 1507 0 3 500 99
SAGROW 29709 1201 1506 1198 1507 0 5 500 41
SAGROW 29806 1201 1506 1198 1507 0 6 500 50
SAGROW 29929 1198 1506 1198 1507 0 1 500 83
SAGROW 30019 1199 1507 1198 1507 0 3 500 41
SAGROW 30107 1200 1507 1198 1507 0 4 500 129
SAGROW 30191 1201 1507 1198 1507 0 5 500 55
SAGROW 30319 1201 1508 1198 1507 0 6 500 111
SAGROW 30410 1200 1508 1198 1507 0 2 500 39
SAGROW 30505 1199 1508 1198 1507 0 3 500 64
SAGROW 30627 1198 1508 1198 1507 0 4 500 108
SAGROW 30714 1199 1509 1198 1507 0 6 500 47
SAGROW 30814 1198 1509 1198 1507 0 1 500 64
SAGROW 30909 1196 1509 1198 1507 0 2 500 78
SAGROW 31038 1196 1508 1198 1507 0 4 500 56
SAGROW 31113 1196 1508 1198 1507 0 5 500 52
SAGROW 31233 1195 1508 1198 1507 0 6 500 84
SAGROW 31331 1196 1508 1198 1507 0 2 500 40
SAGROW 31410 1197 1508 1198 1507 0 3 500 118
SAGROW 31521 1196 1508 1198 1507 0 4 500 71
SAGROW 31630 1198 1508 1198 1507 0 5 500 107
SAGROW 31736 1199 1507 1198 1507 0 1 500 53
SAGROW 31812 1198 1507 1198 1507 0 2 500 61
SAGROW 31906 1200 1507 1198 1507 0 3 500 75
SAGROW 32034 1199 1507 1198 1507 0 5 500 41
SAGROW 32123 1196 1507 1198 1507 0 6 500 61
SAGROW 32237 1197 1507 1198 1507 0 1 500 93
SAGROW 32335 1197 1507 1198 1507 0 3 500 39
SAGROW 32439 1196 1507 1198 1507 0 4 500 67
SAGROW 32557 1196 1507 1198 1507 0 5 500 102
SAGROW 32657 1196 1507 1198 1507 0 1 500 50
SAGROW 32721 1194 1507 1198 1507 0 2 500 114
SAGROW 32825 1196 1507 1198 1507 0 3 500 54
SAGROW 32951 1200 1507 1198 1507 0 4 500 106
SAGROW 33025 1199 1506 1198 1507 0 5 500 110
SAGROW 33129 1198 1506 1198 1507 0 1 500 63
SAGROW 33258 1198 1506 1198 1507 0 2 500 113
SAGROW 33359 1198 1507 1198 1507 0 4 500 53
SAGROW 33434 1197 1506 1198 1507 0 5 500 55
SAGROW 33560 1197 1507 1198 1507 0 6 500 103
SAGROW 33656 1196 1507 1198 1507 0 1 500 118
SAGROW 33725 1195 1507 1198 1507 0 3 500 109
SAGROW 33860 1195 1507 1198 1507 0 4 500 92
SAGROW 33941 1196 1507 1198 1507 0 5 500 69
SAGROW 34046 1198 1507 1198 1507 0 1 500 119
SAGROW 34142 1200 1506 1198 1507 0 2 500 62
SAGROW 34275 1201 1507 1198 1507 0 4 500 49
SAGROW 34353 1202 1507 1198 1507 0 5 500 43
SAGROW 34438 1204 1506 1198 1507 0 6 500 128
SAGROW 34567 1202 1506 1198 1507 0 1 500 106
SAGROW 34636 1203 1506 1198 1507 0 2 500 96
SAGROW 34751 1204 1507 1198 1507 0 4 500 108
SAGROW 34872 1204 1507 1198 1507 0 5 500 101
SAGROW 34972 1203 1507 1198 1507 0 1 500 52
SAGROW 35060 1202 1507 1198 1507 0 2 500 60
SAGROW 35174 1202 1507 1198 1507 0 3 500 93
SAGROW 35271 1199 1507 1198 1507 0 5 500 39
SAGROW 35344 1200 1507 1198 1507 0 5 500 111
SAGROW 35457 1201 1507 1198 1507 0 1 500 64
SAGROW 35570 1200 1507 1198 1507 0 2 500 98
SAGROW 35652 1200 1507 1198 1507 0 3 500 113
SAGROW 35749 1200 1507 1198 1507 0 5 500 45
SAGROW 35877 1202 1507 1198 1507 0 6 500 96
SAGROW 35969 1201 1507 1198 1507 0 1 500 114
SAGROW 36068 1202 1507 1198 1507 0 3 500 57
SAGROW 36197 1203 1507 1198 1507 0 4 500 102
SAGROW 36271 1202 1507 1198 1507 0 5 500 108
SAGROW 36372 1202 1507 1198 1507 0 1 500 57
SAGROW 36458 1201 1507 1198 1507 0 2 500 65
SAGROW 36602 1202 1507 1198 1507 0 4 500 48
SAGROW 36666 1200 1507 1198 1507 0 4 500 112
SAGROW 36768 1199 1507 1198 1507 0 6 500 61
SAGROW 36891 1199 1507 1198 1507 0 1 500 97
SAGROW 36965 1199 1507 1198 1507 0 2 500 112
SAGROW 37079 1199 1507 1198 1507 0 4 500 62
SAGROW 37160 1197 1507 1198 1507 0 5 500 73
SAGROW 37298 1197 1507 1198 1507 0 1 500 50
SAGROW 37371 1195 1507 1198 1507 0 2 500 42
SAGROW 37467 1196 1507 1198 1507 0 3 500 69
SAGROW 37596 1197 1507 1198 1507 0 5 500 37
SAGROW 37674 1197 1507 1198 1507 0 6 500 116
SAGROW 37775 1195 1507 1198 1507 0 1 500 66
SAGROW 37903 1196 1506 1198 1507 0 2 500 113
SAGROW 37978 1197 1506 1198 1507 0 3 500 107
SAGROW 38078 1193 1506 1198 1507 0 5 500 61
SAGROW 38193 1192 1507 1198 1507 0 6 500 91
SAGROW 38291 1193 1507 1198 1507 0 2 500 41
SAGROW 38371 1191 1507 1198 1507 0 3 500 42
SAGROW 38514 1191 1507 1198 1507 0 4 500 104
SAGROW 38599 1192 1507 1198 1507 0 6 500 39
SAGROW 38684 1191 1507 1198 1507 0 1 500 124
SAGROW 38783 1190 1507 1198 1507 0 2 500 61
SAGROW 38910 1194 1507 1198 1507 0 4 500 122
SAGROW 38995 1196 1506 1198 1507 0 5 500 43
SAGROW 39085 1196 1506 1198 1507 0 6 500 55
SAGROW 39216 1197 1506 1198 1507 0 1 500 112
SAGROW 39302 1198 1507 1198 1507 0 3 500 119
SAGROW 39390 1197 1507 1198 1507 0 4 500 51
SAGROW 39524 1197 1507 1198 1507 0 6 500 110
SAGROW 39614 1198 1507 1198 1507 0 1 500 49
SAGROW 39702 1200 1506 1198 1507 0 2 500 59
SAGROW 39803 1201 1507 1198 1507 0 3 500 77
SAGROW 39913 1202 1506 1198 1507 0 5 500 39
SAGROW 40004 1201 1507 1198 1507 0 6 500 48
SAGROW 40112 1199 1507 1198 1507 0 1 500 76
SAGROW 40221 1200 1507 1198 1507 0 3 500 37
SAGROW 40325 1200 1507 1198 1507 0 4 500 59
SAGROW 40392 1199 1507 1198 1507 0 5 500 55
SAGROW 40518 1198 1507 1198 1507 0 6 500 104
SAGROW 40614 1197 1507 1198 1507 0 1 500 117
SAGROW 40701 1196 1507 1198 1507 0 3 500 53
SAGROW 40828 1196 1507 1198 1507 0 4 500 98
SAGROW 40916 1196 1507 1198 1507 0 5 500 108
SAGROW 41015 1195 1507 1198 1507 0 1 500 56
SAGROW 41147 1195 1507 1198 1507 0 2 500 108
SAGROW 41227 1196 1507 1198 1507 0 3 500 105
SAGROW 41314 1194 1507 1198 1507 0 5 500 47
SAGROW 41412 1194 1507 1198 1507 0 6 500 62
SAGROW 41535 1195 1507 1198 1507 0 1 500 115
SAGROW 41627 1195 1506 1198 1507 0 3 500 48
SAGROW 41723 1195 1506 1198 1507 0 4 500 62
SAGROW 41838 1197 1506 1198 1507 0 5 500 107
SAGROW 41921 1197 1506 1198 1507 0 6 500 111
SAGROW 42022 1195 1506 1198 1507 0 2 500 51
SAGROW 42143 1196 1506 1198 1507 0 3 500 94
SAGROW 42237 1196 1506 1198 1507 0 5 500 117
SAGROW 42332 1195 1506 1198 1507 0 6 500 130
SAGROW 42429 1196 1506 1198 1507 0 1 500 75
SAGROW 42547 1197 1507 1198 1507 0 2 500 113
SAGROW 42641 1195 1507 1198 1507 0 4 500 53
SAGROW 42716 1194 1507 1198 1507 0 5 500 54
SAGROW 42836 1196 1507 1198 1507 0 6 500 94
SAGROW 42937 1197 1507 1198 1507 0 2 500 42
SAGROW 43031 1197 1507 1198 1507 0 3 500 54
SAGROW 43157 1198 1506 1198 1507 0 4 500 102
SAGROW 43240 1198 1506 1198 1507 0 6 500 115
SAGROW 43329 1196 1507 1198 1507 0 1 500 124
SAGROW 43428 1197 1507 1198 1507 0 2 500 64
SAGROW 43555 1198 1507 1198 1507 0 4 500 122
SAGROW 43636 1197 1507 1198 1507 0 5 500 51
SAGROW 43745 1195 1507 1198 1507 0 6 500 80
SAGROW 43859 1197 1507 1198 1507 0 1 500 108
SAGROW 43928 1197 1507 1198 1507 0 2 500 103
SAGROW 44056 1198 1508 1198 1507 0 4 500 82
SAGROW 44167 1198 1508 1198 1507 0 6 500 110
SAGROW 44252 1199 1508 1198 1507 0 1 500 116
SAGROW 44347 1199 1508 1198 1507 0 2 500 59
SAGROW 44468 1200 1507 1198 1507 0 3 500 93
SAGROW 44558 1202 1507 1198 1507 0 5 500 42
SAGROW 44636 1201 1507 1198 1507 0 6 500 119
SAGROW 44771 1200 1507 1198 1507 0 1 500 102
SAGROW 44867 1201 1507 1198 1507 0 3 500 38
SAGROW 44952 1199 1507 1198 1507 0 4 500 123
SAGROW 45053 1198 1507 1198 1507 0 5 500 74
SAGROW 45165 1198 1506 1198 1507 0 6 500 107
SAGROW 45253 1197 1507 1198 1507 0 2 500 114
SAGROW 45346 1197 1507 1198 1507 0 3 500 59
SAGROW 45485 1197 1507 1198 1507 0 4 500 104
SAGROW 45561 1196 1507 1198 1507 0 5 500 87
SAGROW 45655 1195 1507 1198 1507 0 1 500 54
SAGROW 45776 1197 1507 1198 1507 0 2 500 94
SAGROW 45856 1198 1507 1198 1507 0 3 500 105
SAGROW 45959 1199 1507 1198 1507 0 5 500 46
SAGROW 46075 1199 1507 1198 1507 0 6 500 67
SAGROW 46181 1198 1507 1198 1507 0 2 500 38
SAGROW 46259 1197 1507 1198 1507 0 3 500 116
SAGROW 46370 1196 1507 1198 1507 0 4 500 69
SAGROW 46477 1198 1508 1198 1507 0 5 500 101
SAGROW 46585 1198 1508 1198 1507 0 1 500 132
SAGROW 46664 1198 1508 1198 1507 0 2 500 64
SAGROW 46784 1198 1508 1198 1507 0 3 500 93
SAGROW 46877 1199 1507 1198 1507 0 5 500 114
SAGROW 46972 1199 1507 1198 1507 0 6 500 60
SAGROW 47087 1198 1507 1198 1507 0 1 500 92
SAGROW 47185 1200 1507 1198 1507 0 3 500 39
SAGROW 47289 1199 1507 1198 1507 0 4 500 66
SAGROW 47361 1197 1507 1198 1507 0 5 500 57
SAGROW 47495 1196 1507 1198 1507 0 1 500 112
SAGROW 47573 1196 1507 1198 1507 0 1 500 117
SAGROW 47672 1196 1507 1198 1507 0 3 500 52
SAGROW 47798 1196 1507 1198 1507 0 4 500 111
SAGROW 47888 1198 1507 1198 1507 0 6 500 42
SAGROW 47986 1198 1507 1198 1507 0 1 500 70
SAGROW 48099 1198 1507 1198 1507 0 2 500 96
SAGROW 48213 1199 1507 1198 1507 0 4 500 136
SAGROW 48287 1200 1507 1198 1507 0 5 500 59
SAGROW 48399 1200 1507 1198 1507 0 6 500 79
SAGROW 48503 1199 1507 1198 1507 0 1 500 116
SAGROW 48585 1201 1507 1198 1507 0 3 500 48
SAGROW 48701 1202 1507 1198 1507 0 4 500 82
SAGROW 48807 1203 1507 1198 1507 0 6 500 41
SAGROW 48895 1203 1507 1198 1507 0 1 500 127
SAGROW 48992 1201 1507 1198 1507 0 2 500 64
SAGROW 49098 1200 1508 1198 1507 0 3 500 99
SAGROW 49192 1201 1508 1198 1507 0 5 500 115
SAGROW 49293 1201 1508 1198 1507 0 6 500 54
SAGROW 49421 1199 1507 1198 1507 0 1 500 111
SAGROW 49503 1197 1507 1198 1507 0 2 500 114
SAGROW 49604 1195 1507 1198 1507 0 4 500 58
SAGROW 49722 1195 1507 1198 1507 0 5 500 103
SAGROW 49821 1198 1507 1198 1507 0 1 500 51
SAGROW 49887 1196 1507 1198 1507 0 2 500 116
SAGROW 50033 1194 1506 1198 1507 0 3 500 100
SAGROW 50123 1195 1507 1198 1507 0 5 500 40
SAGROW 50195 1196 1507 1198 1507 0 6 500 112
SAGROW 50303 1198 1507 1198 1507 0 1 500 62
SAGROW 50415 1200 1507 1198 1507 0 2 500 95
SAGROW 50503 1202 1508 1198 1507 0 3 500 114
SAGROW 50597 1201 1508 1198 1507 0 5 500 55
SAGROW 50723 1202 1508 1198 1507 0 6 500 96
SAGROW 50819 1202 1508 1198 1507 0 1 500 117
SAGROW 50906 1201 1508 1198 1507 0 3 500 53
SAGROW 51034 1201 1507 1198 1507 0 4 500 104
SAGROW 51121 1200 1507 1198 1507 0 5 500 95
SAGROW 51220 1200 1507 1198 1507 0 1 500 56
SAGROW 51307 1199 1507 1198 1507 0 2 500 64
SAGROW 51433 1198 1507 1198 1507 0 3 500 100
SAGROW 51520 1198 1507 1198 1507 0 5 500 47
SAGROW 51620 1199 1507 1198 1507 0 6 500 67
SAGROW 51736 1199 1507 1198 1507 0 1 500 103
SAGROW 51826 1198 1508 1198 1507 0 3 500 40
SAGROW 51947 1199 1508 1198 1507 0 4 500 83
SAGROW 52042 1199 1507 1198 1507 0 5 500 108
SAGROW 52111 1199 1507 1198 1507 0 6 500 97
SAGROW 52216 1201 1507 1198 1507 0 2 500 90
SAGROW 52350 1202 1507 1198 1507 0 3 500 106
SAGROW 52432 1201 1508 1198 1507 0 4 500 107
SAGROW 52534 1202 1507 1198 1507 0 6 500 60
SAGROW 52648 1202 1507 1198 1507 0 1 500 93
SAGROW 52746 1202 1507 1198 1507 0 3 500 39
SAGROW 52826 1200 1507 1198 1507 0 4 500 119
SAGROW 52925 1199 1507 1198 1507 0 5 500 59
SAGROW 53039 1198 1506 1198 1507 0 6 500 94
SAGROW 53138 1198 1506 1198 1507 0 2 500 39
SAGROW 53224 1197 1506 1198 1507 0 3 500 43
SAGROW 53358 1197 1506 1198 1507 0 5 500 111
SAGROW 53441 1197 1506 1198 1507 0 6 500 116
SAGROW 53542 1197 1506 1198 1507 0 1 500 66
SAGROW 53637 1198 1506 1198 1507 0 2 500 80
SAGROW 53746 1199 1506 1198 1507 0 3 500 107
SAGROW 53839 1199 1507 1198 1507 0 5 500 51
SAGROW 53957 1199 1507 1198 1507 0 6 500 88
SAGROW 54067 1200 1507 1198 1507 0 1 500 95
SAGROW 54129 1201 1507 1198 1507 0 2 500 102
SAGROW 54247 1200 1507 1198 1507 0 4 500 68
SAGROW 54366 1199 1508 1198 1507 0 6 500 39
SAGROW 54452 1200 1508 1198 1507 0 1 500 125
SAGROW 54551 1199 1508 1198 1507 0 2 500 62
SAGROW 54650 1200 1507 1198 1507 0 3 500 93
SAGROW 54766 1199 1507 1198 1507 0 4 500 128
SAGROW 54853 1202 1507 1198 1507 0 6 500 55
SAGROW 54979 1199 1507 1198 1507 0 1 500 110
SAGROW 55058 1200 1507 1198 1507 0 3 500 39
SAGROW 55162 1199 1507 1198 1507 0 4 500 67
SAGROW 55267 1198 1506 1198 1507 0 5 500 87
SAGROW 55380 1199 1506 1198 1507 0 1 500 49
SAGROW 55444 1196 1506 1198 1507 0 2 500 114
SAGROW 55591 1197 1506 1198 1507 0 3 500 100
SAGROW 55673 1192 1507 1198 1507 0 4 500 105
SAGROW 55766 1196 1507 1198 1507 0 6 500 46
SAGROW 55862 1198 1507 1198 1507 0 1 500 71
SAGROW 55974 1198 1507 1198 1507 0 2 500 106
SAGROW 56084 1198 1507 1198 1507 0 4 500 133
SAGROW 56158 1199 1507 1198 1507 0 5 500 57
SAGROW 56258 1199 1508 1198 1507 0 6 500 77
SAGROW 56366 1199 1507 1198 1507 0 1 500 102
SAGROW 56459 1200 1507 1198 1507 0 3 500 49
SAGROW 56594 1200 1507 1198 1507 0 4 500 101
SAGROW 56671 1197 1507 1198 1507 0 6 500 110
SAGROW 56778 1196 1507 1198 1507 0 1 500 57
SAGROW 56892 1192 1507 1198 1507 0 2 500 79
SAGROW 56990 1190 1507 1198 1507 0 4 500 109
SAGROW 57078 1190 1507 1198 1507 0 5 500 129
SAGROW 57179 1189 1507 1198 1507 0 6 500 80
SAGROW 57294 1190 1507 1198 1507 0 2 500 109
SAGROW 57381 1190 1507 1198 1507 0 3 500 119
SAGROW 57487 1190 1507 1198 1507 0 4 500 68
SAGROW 57585 1190 1507 1198 1507 0 5 500 92
SAGROW 57697 1196 1507 1198 1507 0 1 500 52
SAGROW 57783 1199 1507 1198 1507 0 2 500 61
SAGROW 57903 1193 1507 1198 1507 0 3 500 100
SAGROW 57993 1195 1507 1198 1507 0 5 500 42
SAGROW 58073 1194 1507 1198 1507 0 6 500 41
SAGROW 58204 1194 1507 1198 1507 0 1 500 102
SAGROW 58298 1192 1507 1198 1507 0 3 500 117
SAGROW 58386 1192 1507 1198 1507 0 4 500 120
SAGROW 58486 1190 1507 1198 1507 0 5 500 74
SAGROW 58598 1191 1507 1198 1507 0 6 500 106
SAGROW 58688 1197 1507 1198 1507 0 2 500 114
SAGROW 58786 1195 1507 1198 1507 0 3 500 60
SAGROW 58911 1199 1507 1198 1507 0 5 500 38
SAGROW 58996 1200 1508 1198 1507 0 6 500 45
SAGROW 59097 1202 1507 1198 1507 0 1 500 63
SAGROW 59208 1201 1507 1198 1507 0 2 500 96
SAGROW 59304 1201 1507 1198 1507 0 4 500 120
SAGROW 59392 1198 1507 1198 1507 0 5 500 129
SAGROW 59490 1198 1507 1198 1507 0 6 500 50
SAGROW 59612 1197 1507 1198 1507 0 2 500 39
SAGROW 59693 1194 1507 1198 1507 0 3 500 41
SAGROW 59800 1193 1507 1198 1507 0 4 500 69
SAGROW 59911 1197 1507 1198 1507 0 5 500 105
SAGROW 60012 1199 1507 1198 1507 0 1 500 57
SAGROW 60099 1200 1507 1198 1507 0 2 500 65
SAGROW 60216 1201 1507 1198 1507 0 3 500 102
SAGROW 60308 1204 1507 1198 1507 0 5 500 46
SAGROW 60406 1205 1507 1198 1507 0 6 500 62
SAGROW 60528 1204 1507 1198 1507 0 1 500 114
SAGROW 60603 1204 1507 1198 1507 0 2 500 110
SAGROW 60736 1201 1507 1198 1507 0 4 500 67
SAGROW 60832 1201 1507 1198 1507 0 5 500 108
SAGROW 60898 1199 1507 1198 1507 0 6 500 93
SAGROW 61014 1199 1507 1198 1507 0 2 500 101
SAGROW 61134 1197 1507 1198 1507 0 3 500 99
SAGROW 61224 1198 1507 1198 1507 0 5 500 40
SAGROW 61307 1198 1507 1198 1507 0 6 500 44
SAGROW 61449 1198 1507 1198 1507 0 1 500 103
SAGROW 61509 1198 1507 1198 1507 0 2 500 84
SAGROW 61621 1198 1507 1198 1507 0 4 500 106
SAGROW 61719 1197 1507 1198 1507 0 5 500 64
SAGROW 61831 1198 1508 1198 1507 0 6 500 107
SAGROW 61928 1199 1508 1198 1507 0 2 500 40
SAGROW 62022 1198 1507 1198 1507 0 3 500 66
SAGROW 62149 1197 1507 1198 1507 0 5 500 118
SAGROW 62234 1197 1507 1198 1507 0 6 500 40
SAGROW 62331 1197 1507 1198 1507 0 1 500 66
SAGROW 62444 1197 1507 1198 1507 0 2 500 98
SAGROW 62520 1198 1506 1198 1507 0 3 500 90
SAGROW 62621 1198 1506 1198 1507 0 5 500 48
SAGROW 62753 1198 1506 1198 1507 0 6 500 97
SAGROW 62836 1198 1506 1198 1507 0 2 500 110
SAGROW 62919 1198 1506 1198 1507 0 2 500 115
SAGROW 63057 1198 1506 1198 1507 0 4 500 92
SAGROW 63146 1198 1506 1198 1507 0 5 500 113
SAGROW 63236 1198 1506 1198 1507 0 1 500 121
SAGROW 63331 1199 1506 1198 1507 0 2 500 68
SAGROW 63449 1198 1506 1198 1507 0 3 500 105
SAGROW 63542 1198 1506 1198 1507 0 5 500 44
SAGROW 63636 1197 1506 1198 1507 0 6 500 61
SAGROW 63772 1198 1506 1198 1507 0 1 500 116
SAGROW 63834 1197 1506 1198 1507 0 2 500 100
SAGROW 63949 1197 1507 1198 1507 0 4 500 64
SAGROW 64062 1197 1507 1198 1507 0 5 500 92
SAGROW 64169 1196 1507 1198 1507 0 1 500 53
SAGROW 64243 1196 1507 1198 1507 0 2 500 48
SAGROW 64337 1195 1507 1198 1507 0 3 500 71
SAGROW 64466 1194 1507 1198 1507 0 5 500 39
SAGROW 64538 1194 1507 1198 1507 0 6 500 111
SAGROW 64654 1195 1507 1198 1507 0 1 500 76
SAGROW 64766 1194 1506 1198 1507 0 3 500 106
SAGROW 64858 1195 1506 1198 1507 0 4 500 124
SAGROW 64962 1194 1506 1198 1507 0 5 500 76
SAGROW 65078 1196 1506 1198 1507 0 1 500 110
SAGROW 65156 1196 1506 1198 1507 0 1 500 119
SAGROW 65245 1197 1506 1198 1507 0 3 500 130
SAGROW 65377 1197 1506 1198 1507 0 4 500 102
SAGROW 65471 1196 1506 1198 1507 0 6 500 43
SAGROW 30 1197 1506 1198 1507 0 1 500 71
SAGROW 143 1196 1506 1198 1507 0 2 500 104
SAGROW 249 1197 1507 1198 1507 0 4 500 51
SAGROW 324 1195 1506 1198 1507 0 5 500 53
SAGROW 416 1195 1506 1198 1507 0 6 500 65
SAGROW 532 1196 1506 1198 1507 0 2 500 90
SAGROW 614 1195 1506 1198 1507 0 3 500 117
SAGROW 763 1195 1507 1198 1507 0 4 500 102
SAGROW 841 1193 1506 1198 1507 0 5 500 110
SAGROW 923 1195 1506 1198 1507 0 6 500 113
SAGROW 1030 1194 1506 1198 1507 0 2 500 55
SAGROW 1158 1194 1507 1198 1507 0 4 500 120
SAGROW 1247 1194 1507 1198 1507 0 5 500 128
SAGROW 1328 1193 1507 1198 1507 0 6 500 60
SAGROW 1461 1193 1506 1198 1507 0 2 500 112
SAGROW 1538 1196 1507 1198 1507 0 3 500 109
SAGROW 1648 1197 1507 1198 1507 0 4 500 69
SAGROW 1761 1197 1507 1198 1507 0 5 500 100
SAGROW 1861 1199 1507 1198 1507 0 1 500 50
SAGROW 1950 1199 1506 1198 1507 0 2 500 59
SAGROW 2042 1199 1506 1198 1507 0 3 500 48
SAGROW 2158 1199 1506 1198 1507 0 4 500 107
SAGROW 2254 1199 1506 1198 1507 0 6 500 39
SAGROW 2346 1197 1506 1198 1507 0 1 500 76
SAGROW 2466 1197 1506 1198 1507 0 3 500 114
SAGROW 2559 1201 1506 1198 1507 0 4 500 51
SAGROW 2673 1200 1506 1198 1507 0 5 500 93
SAGROW 2780 1200 1506 1198 1507 0 1 500 50
SAGROW 2858 1201 1507 1198 1507 0 1 500 128
SAGROW 2959 1201 1507 1198 1507 0 3 500 68
SAGROW 3079 1201 1507 1198 1507 0 4 500 109
SAGROW 3159 1202 1507 1198 1507 0 6 500 38
SAGROW 3263 1199 1507 1198 1507 0 1 500 62
SAGROW 3375 1195 1507 1198 1507 0 2 500 107
SAGROW 3471 1197 1507 1198 1507 0 4 500 122
SAGROW 3552 1197 1507 1198 1507 0 5 500 51
SAGROW 3673 1196 1507 1198 1507 0 6 500 93
SAGROW 3776 1198 1507 1198 1507 0 1 500 116
SAGROW 3857 1198 1507 1198 1507 0 3 500 50
SAGROW 4004 1198 1506 1198 1507 0 4 500 113
SAGROW 4073 1201 1507 1198 1507 0 6 500 97
SAGROW 4154 1204 1507 1198 1507 0 6 500 116
SAGROW 4265 1203 1506 1198 1507 0 2 500 65
SAGROW 4372 1203 1506 1198 1507 0 3 500 100
SAGROW 4466 1203 1506 1198 1507 0 5 500 118
SAGROW 4556 1203 1507 1198 1507 0 6 500 123
SAGROW 4685 1202 1507 1198 1507 0 1 500 100
SAGROW 4781 1202 1507 1198 1507 0 3 500 39
SAGROW 4871 1201 1507 1198 1507 0 4 500 51
SAGROW 4984 1201 1507 1198 1507 0 5 500 79
SAGROW 5082 1201 1507 1198 1507 0 1 500 109
SAGROW 5177 1201 1508 1198 1507 0 2 500 56
SAGROW 5277 1201 1508 1198 1507 0 3 500 69
SAGROW 5384 1201 1507 1198 1507 0 5 500 101
SAGROW 5478 1201 1508 1198 1507 0 6 500 43
SAGROW 5613 1199 1507 1198 1507 0 1 500 90
SAGROW 5688 1198 1508 1198 1507 0 2 500 96
SAGROW 5803 1197 1507 1198 1507 0 4 500 57
SAGROW 5870 1196 1508 1198 1507 0 5 500 57
SAGROW 5996 1195 1508 1198 1507 0 6 500 105
SAGROW 6092 1194 1507 1198 1507 0 2 500 41
SAGROW 6193 1195 1507 1198 1507 0 3 500 61
SAGROW 6313 1196 1507 1198 1507 0 4 500 111
SAGROW 6392 1199 1508 1198 1507 0 6 500 41
SAGROW 6497 1198 1508 1198 1507 0 1 500 61
SAGROW 6611 1198 1508 1198 1507 0 2 500 98
SAGROW 6717 1199 1508 1198 1507 0 4 500 44
SAGROW 6792 1199 1507 1198 1507 0 5 500 48
SAGROW 6890 1199 1507 1198 1507 0 6 500 65
SAGROW 7012 1199 1507 1198 1507 0 1 500 116
SAGROW 7086 1198 1507 1198 1507 0 2 500 112
SAGROW 7217 1196 1507 1198 1507 0 4 500 69
SAGROW 7313 1198 1508 1198 1507 0 5 500 107
SAGROW 7393 1198 1508 1198 1507 0 6 500 107
SAGROW 7494 1197 1508 1198 1507 0 2 500 60
SAGROW 7628 1199 1508 1198 1507 0 3 500 113
SAGROW 7707 1199 1508 1198 1507 0 5 500 41
SAGROW 7790 1198 1508 1198 1507 0 6 500 45
SAGROW 7931 1200 1508 1198 1507 0 1 500 105
SAGROW 8006 1201 1507 1198 1507 0 3 500 101
SAGROW 8114 1201 1507 1198 1507 0 4 500 60
SAGROW 8192 1200 1507 1198 1507 0 5 500 137
SAGROW 8337 1200 1506 1198 1507 0 1 500 51
SAGROW 8406 1199 1506 1198 1507 0 1 500 120
SAGROW 8526 1199 1506 1198 1507 0 3 500 82
SAGROW 8634 1197 1506 1198 1507 0 4 500 121
SAGROW 8709 1196 1506 1198 1507 0 5 500 112
SAGROW 8810 1194 1506 1198 1507 0 1 500 64
SAGROW 8904 1194 1506 1198 1507 0 2 500 77
SAGROW 9027 1195 1507 1198 1507 0 4 500 95
SAGROW 9108 1195 1507 1198 1507 0 5 500 52
SAGROW 9220 1197 1507 1198 1507 0 6 500 83
SAGROW 9326 1196 1506 1198 1507 0 2 500 40
SAGROW 9404 1197 1506 1198 1507 0 3 500 118
SAGROW 9551 1196 1506 1198 1507 0 4 500 103
SAGROW 9637 1196 1506 1198 1507 0 6 500 39
SAGROW 9722 1197 1506 1198 1507 0 1 500 124
SAGROW 9823 1197 1506 1198 1507 0 2 500 78
SAGROW 9922 1198 1506 1198 1507 0 3 500 93
SAGROW 10031 1197 1506 1198 1507 0 4 500 122
SAGROW 10118 1198 1506 1198 1507 0 6 500 60
SAGROW 10254 1197 1506 1198 1507 0 1 500 115
SAGROW 10316 1198 1506 1198 1507 0 2 500 98
SAGROW 10431 1198 1507 1198 1507 0 4 500 64
SAGROW 10552 1199 1507 1198 1507 0 5 500 95
SAGROW 10652 1199 1507 1198 1507 0 1 500 52
SAGROW 10717 1200 1507 1198 1507 0 2 500 118
SAGROW 10830 1200 1507 1198 1507 0 3 500 65
SAGROW 10952 1199 1507 1198 1507 0 5 500 42
SAGROW 11032 1201 1506 1198 1507 0 6 500 42
SAGROW 11130 1201 1506 1198 1507 0 1 500 70
SAGROW 11256 1202 1506 1198 1507 0 3 500 116
SAGROW 11350 1202 1506 1198 1507 0 4 500 53
SAGROW 11423 1202 1506 1198 1507 0 5 500 55
SAGROW 11549 1200 1507 1198 1507 0 6 500 97
SAGROW 11631 1203 1507 1198 1507 0 2 500 111
SAGROW 11732 1201 1506 1198 1507 0 3 500 52
SAGROW 11860 1200 1507 1198 1507 0 4 500 101
SAGROW 11943 1200 1507 1198 1507 0 6 500 112
SAGROW 12051 1197 1507 1198 1507 0 1 500 60
SAGROW 12164 1198 1507 1198 1507 0 2 500 95
SAGROW 12259 1198 1507 1198 1507 0 4 500 120
SAGROW 12346 1198 1507 1198 1507 0 5 500 45
SAGROW 12433 1196 1507 1198 1507 0 6 500 64
SAGROW 12568 1198 1507 1198 1507 0 1 500 116
SAGROW 12638 1198 1507 1198 1507 0 3 500 106
SAGSLOW 1202 1507 1197 1507
SAGSLOW 1194 1506 1197 1507
SAGSLOW 1193 1507 1197 1507
SAGSLOW 1198 1507 1197 1507
SAGSLOW 1197 1507 1197 1507
SAGSLOW 1199 1506 1197 1507
SAGSLOW 1199 1507 1197 1507
SAGSLOW 1199 1506 1197 1507
SAGSLOW 1195 1507 1197 1507
SAGSLOW 1196 1507 1197 1507
SAGSLOW 1200 1506 1197 1507
SAGSLOW 1197 1507 1197 1507
SAGSLOW 1199 1507 1197 1507
SAGSLOW 1197 1508 1197 1507
SAGSLOW 1193 1507 1197 1507
SAGSLOW 1197 1507 1197 1507
SAGSLOW 1198 1508 1197 1507
SAGSLOW 1201 1506 1197 1507
SAGSLOW 1195 1507 1197 1507
SAGSLOW 1195 1506 1197 1507
SAGSLOW 1198 1506 1197 1507
SAGSLOW 1199 1507 1197 1507
SAGSLOW 1200 1507 1197 1507
SAGSLOW 1199 1507 1197 1507
SAGSLOW 1200 1507 1197 1507
SAGSLOW 1196 1507 1197 1507
SAGSLOW 1199 1506 1197 1507
SAGSLOW 1194 1507 1197 1507
SAGSLOW 1195 1507 1197 1507
SAGSLOW 1195 1508 1197 1507
SAGSLOW 1196 1507 1197 1507
SAGSLOW 1200 1507 1197 1507
SAGSLOW 1193 1507 1197 1507
SAGSLOW 1203 1507 1197 1507
SAGSLOW 1198 1508 1197 1507
SAGSLOW 1197 1507 1197 1507
SAGSLOW 1201 1505 1197 1507
SAGSLOW 1196 1507 1197 1507
SAGSLOW 1204 1507 1197 1507
SAGSLOW 1194 1507 1197 1507
SAGSLOW 1199 1507 1197 1507
SAGSLOW 1200 1507 1197 1507
SAGSLOW 1192 1508 1197 1507
SAGSLOW 1196 1507 1197 1507
SAGSLOW 1200 1507 1197 1507
SAGSLOW 1189 1506 1197 1507
SAGSLOW 1195 1505 1197 1507
SAGSLOW 1198 1508 1197 1507
SAGSLOW 1198 1507 1197 1507
SAGSLOW 1197 1507 1197 1507
SAGSLOW 1194 1506 1197 1507
SAGSLOW 1196 1507 1197 1507
SAGSLOW 1197 1507 1197 1507
SAGSLOW 1195 1506 1197 1507
SAGSLOW 1197 1507 1197 1507
SAGSLOW 1199 1506 1197 1507
SAGSLOW 1199 1508 1197 1507
SAGSLOW 1201 1507 1197 1507
SAGSLOW 1199 1507 1197 1507
SAGSLOW 1200 1507 1197 1507
SAGSLOW 1203 1506 1197 1507
SAGSLOW 1198 1505 1197 1507
SAGSLOW 1197 1508 1197 1507
SAGSLOW 1198 1507 1197 1507
SAGSLOW 1194 1507 1197 1507
SAGSLOW 1197 1506 1197 1507
SAGSLOW 1198 1506 1197 1507
SAGSLOW 1202 1507 1197 1507
SAGSLOW 1195 1507 1197 1507
SAGSLOW 1198 1508 1197 1507
SAGSLOW 1193 1507 1197 1507
SAGSLOW 1196 1507 1197 1507
SAGSLOW 1201 1507 1197 1507
SAGSLOW 1195 1507 1197 1507
SAGSLOW 1194 1506 1197 1507
SAGSLOW 1195 1507 1197 1507
SAGSLOW 1196 1507 1197 1507
SAGSLOW 1198 1506 1197 1507
SAGSLOW 1200 1507 1197 1507
SAGSLOW 1195 1508 1197 1507
SAGSLOW 1194 1507 1197 1507
SAGSLOW 1195 1506 1197 1507
SAGSLOW 1195 1506 1197 1507
SAGSLOW 1199 1507 1197 1507
SAGSLOW 1196 1507 1197 1507
SAGSLOW 1196 1507 1197 1507
SAGSLOW 1198 1506 1197 1507
SAGSLOW 1200 1507 1197 1507
SAGSLOW 1191 1507 1197 1507
SAGSLOW 1193 1507 1197 1507
SAGSLOW 1198 1508 1197 1507
SAGSLOW 1198 1508 1197 1507
SAGSLOW 1198 1506 1197 1507
SAGSLOW 1195 1507 1197 1507
SAGSLOW 1200 1507 1197 1507
SAGSLOW 1196 1507 1197 1507
SAGSLOW 1203 1507 1197 1507
SAGSLOW 1198 1506 1197 1507
SAGSLOW 1195 1507 1197 1507
SAGSLOW 1195 1507 1197 1507
SAGSLOW 1198 1507 1197 1507
SAGSLOW 1188 1507 1197 1507
SAGSLOW 1201 1507 1197 1507
SAGSLOW 1198 1507 1197 1507
SAGSLOW 1198 1507 1197 1507
SAGSLOW 1199 1507 1197 1507
SAGSLOW 1200 1507 1197 1507
SAGSLOW 1200 1508 1197 1507
SAGSLOW 1198 1507 1198 1507
SAGSLOW 1197 1507 1198 1507
SAGSLOW 1195 1507 1198 1507
SAGSLOW 1194 1508 1197 1507
SAGSLOW 1197 1506 1197 1507
SAGSLOW 1199 1507 1198 1507
SAGSLOW 1198 1506 1198 1507
SAGSLOW 1197 1507 1198 1507
SAGSLOW 1201 1507 1198 1507
SAGSLOW 1195 1507 1198 1507
SAGSLOW 1191 1507 1198 1507
SAGSLOW 1200 1507 1198 1507
SAGSLOW 1198 1506 1198 1507
SAGSLOW 1199 1507 1198 1507
SAGSLOW 1201 1507 1198 1507
SAGSLOW 1195 1506 1198 1507
SAGSLOW 1195 1507 1198 1507
SAGSLOW 1199 1507 1198 1507
SAGSLOW 1192 1507 1198 1507
SAGSLOW 1196 1507 1198 1507
SAGSLOW 1199 1506 1198 1507
SAGSLOW 1200 1508 1198 1507
SAGSLOW 1200 1508 1198 1507
SAGSLOW 1202 1507 1198 1507
SAGSLOW 1200 1507 1198 1507
SAGSLOW 1200 1508 1198 1507
SAGSLOW 1202 1507 1198 1507
SAGSLOW 1197 1507 1198 1507
SAGSLOW 1197 1507 1198 1507
SAGSLOW 1201 1507 1198 1507
SAGSLOW 1196 1507 1198 1507
SAGSLOW 1198 1507 1198 1507
SAGSLOW 1199 1506 1198 1507
SAGSLOW 1200 1507 1198 1507
SAGSLOW 1205 1507 1198 1507
SAGSLOW 1192 1508 1198 1507
SAGSLOW 1197 1507 1198 1507
SAGSLOW 1196 1506 1198 1507
SAGSLOW 1196 1507 1198 1507
SAGSLOW 1196 1507 1198 1507
SAGSLOW 1200 1508 1198 1507
SAGSLOW 1207 1506 1198 1507
SAGSLOW 1196 1506 1198 1507
SAGSLOW 1196 1507 1198 1507
SAGSLOW 1203 1508 1198 1507
SAGSLOW 1193 1507 1198 1507
SAGSLOW 1197 1507 1198 1507
SAGSLOW 1201 1508 1198 1507
SAGSLOW 1197 1507 1198 1507
SAGSLOW 1197 1506 1198 1507
SAGSLOW 1199 1507 1198 1507
SAGSLOW 1206 1507 1198 1507
SAGSLOW 1197 1507 1198 1507
SAGSLOW 1196 1507 1198 1507
SAGSLOW 1201 1507 1198 1507
SAGSLOW 1197 1507 1198 1507
SAGSLOW 1198 1506 1198 1507
SAGSLOW 1197 1507 1198 1507
SAGSLOW 1197 1506 1198 1507
SAGSLOW 1199 1507 1198 1507
SAGSLOW 1200 1507 1198 1507
SAGSLOW 1197 1507 1198 1507
SAGSLOW 1204 1507 1198 1507
SAGSLOW 1201 1507 1198 1507
SAGSLOW 1195 1507 1198 1507
SAGSLOW 1200 1507 1198 1507
SAGSLOW 1193 1506 1198 1507
SAGSLOW 1195 1507 1198 1507
SAGSLOW 1199 1507 1198 1507
SAGSLOW 1199 1507 1198 1507
SAGSLOW 1197 1507 1198 1507
SAGSLOW 1200 1508 1198 1507
SAGSLOW 1195 1508 1198 1507
SAGSLOW 1197 1507 1198 1507
SAGSLOW 1198 1507 1198 1507
SAGSLOW 1197 1507 1198 1507
SAGSLOW 1201 1506 1198 1507
SAGSLOW 1198 1507 1198 1507
SAGSLOW 1198 1507 1198 1507
SAGSLOW 1195 1507 1198 1507
SAGSLOW 1198 1507 1198 1507
SAGSLOW 1201 1507 1198 1507
SAGSLOW 1197 1507 1198 1507
SAGSLOW 1198 1506 1198 1507
SAGSLOW 1195 1507 1198 1507
SAGSLOW 1198 1507 1198 1507
SAGSLOW 1197 1507 1198 1507
SAGSLOW 1198 1507 1198 1507
SAGSLOW 1197 1507 1198 1507
SAGSLOW 1196 1506 1198 1507
SAGSLOW 1198 1507 1198 1507
SAGSLOW 1197 1506 1198 1507
SAGSLOW 1198 1507 1198 1507
SAGSLOW 1209 1507 1198 1507
SAGSLOW 1199 1507 1198 1507
SAGSLOW 1195 1507 1198 1507
SAGSLOW 1206 1508 1198 1507
SAGSLOW 1198 1507 1198 1507
SAGSLOW 1194 1507 1198 1507
SAGSLOW 1197 1507 1198 1507
SAGSLOW 1192 1508 1198 1507
SAGSLOW 1192 1507 1198 1507
SAGSLOW 1194 1507 1198 1507
SAGSLOW 1195 1507 1197 1507
SAGSLOW 1197 1506 1197 1507
SAGSLOW 1196 1506 1197 1507
SAGSLOW 1196 1507 1197 1507
SAGSLOW 1199 1507 1197 1507
SAGSLOW 1196 1506 1197 1507
SAGSLOW 1201 1507 1197 1507
SAGSLOW 1195 1507 1197 1507
SAGSLOW 1200 1506 1197 1507
SAGSLOW 1204 1506 1197 1507
SAGSLOW 1198 1507 1198 1507
SAGSLOW 1199 1507 1198 1507
SAGSLOW 1195 1508 1198 1507
SAGSLOW 1199 1507 1198 1507
SAGSLOW 1196 1506 1198 1507
SAGSLOW 1191 1506 1198 1507
SAGSLOW 1203 1507 1198 1507
SAGSLOW 1197 1507 1198 1507
SAGSLOW 1202 1506 1198 1507
SAGSLOW 1193 1506 1198 1507
SAGSLOW 1198 1507 1198 1507
SAGSLOW 1198 1507 1198 1507
SAGSLOW 1198 1506 1198 1507
SAGSLOW 1198 1506 1198 1507
SAGSLOW 1201 1508 1198 1507
SAGSLOW 1199 1506 1198 1507
SAGSLOW 1198 1506 1198 1507
SAGSLOW 1195 1507 1198 1507
SAGSLOW 1198 1506 1198 1507
SAGSLOW 1200 1507 1198 1507
SAGSLOW 1197 1507 1198 1507
SAGSLOW 1194 1507 1198 1507
SAGSLOW 1193 1506 1198 1507
SAGSLOW 1200 1507 1198 1507
SAGSLOW 1194 1507 1198 1507
SAGSLOW 1194 1507 1198 1507
SAGSLOW 1198 1507 1198 1507
SAGSLOW 1196 1506 1198 1507
SAGSLOW 1200 1507 1197 1507
SAGSLOW 1195 1507 1197 1507
SAGSLOW 1195 1507 1198 1507
SAGSLOW 1193 1506 1197 1507
SAGSLOW 1197 1507 1197 1507
SAGSLOW 1200 1506 1197 1507
SAGSLOW 1196 1507 1197 1507
SAGSLOW 1203 1507 1197 1507
SAGSLOW 1197 1507 1197 1507
SAGSLOW 1197 1506 1197 1507
SAGSLOW 1196 1508 1197 1507
SAGSLOW 1201 1507 1197 1507
SAGSLOW 1196 1507 1197 1507
SAGSLOW 1195 1506 1197 1507
SAGSLOW 1195 1506 1197 1507
SAGSLOW 1197 1507 1197 1507
SAGSLOW 1197 1507 1197 1507
SAGSLOW 1196 1508 1197 1507
SAGSLOW 1199 1507 1197 1507
SAGSLOW 1200 1506 1197 1507
SAGSLOW 1199 1507 1197 1507
SAGSLOW 1196 1507 1197 1507
SAGSLOW 1197 1507 1197 1507
SAGSLOW 1198 1507 1197 1507
SAGSLOW 1198 1507 1197 1507
SAGSLOW 1196 1507 1197 1507
SAGSLOW 1194 1507 1197 1507
SAGSLOW 1201 1507 1197 1507
SAGSLOW 1199 1506 1197 1507
SAGSLOW 1197 1506 1197 1507
SAGSLOW 1198 1507 1197 1507
SAGSLOW 1199 1507 1197 1507
SAGSLOW 1197 1507 1197 1507
SAGSLOW 1197 1506 1197 1507
SAGSLOW 1196 1507 1197 1507
SAGSLOW 1204 1507 1197 1507
SAGSLOW 1195 1507 1197 1507
SAGSLOW 1197 1507 1197 1507
SAGSLOW 1194 1507 1197 1507
SAGSLOW 1199 1507 1197 1507
SAGSLOW 1192 1507 1197 1507
SAGSLOW 1199 1508 1197 1507
SAGSLOW 1199 1507 1197 1507
SAGSLOW 1197 1507 1197 1507
SAGSLOW 1200 1508 1197 1507
SAGSLOW 1198 1507 1197 1507
SAGSLOW 1195 1506 1197 1507
SAGSLOW 1200 1507 1197 1507
SAGSLOW 1204 1507 1197 1507
SAGSLOW 1199 1507 1197 1507
SAGSLOW 1200 1507 1197 1507
SAGSLOW 1195 1507 1197 1507
SAGSLOW 1196 1508 1197 1507
SAGSLOW 1200 1507 1197 1507
SAGSLOW 1198 1507 1197 1507
SAGSLOW 1198 1507 1197 1507
SAGSLOW 1198 1507 1197 1507
SAGSLOW 1199 1507 1198 1507
SAGSLOW 1197 1506 1198 1507
SAGSLOW 1193 1506 1197 1507
SAGSLOW 1196 1507 1197 1507
SAGSLOW 1199 1506 1197 1507
SAGSLOW 1196 1507 1197 1507
SAGSLOW 1197 1506 1197 1507
SAGSLOW 1198 1507 1197 1507
SAGSLOW 1193 1506 1197 1507
SAGSLOW 1196 1507 1197 1507
SAGSLOW 1197 1507 1197 1507
SAGSLOW 1202 1507 1197 1507
SAGSLOW 1198 1506 1197 1507
SAGSLOW 1196 1506 1197 1507
SAGSLOW 1201 1506 1197 1507
SAGSLOW 1195 1507 1197 1507
SAGSLOW 1200 1506 1197 1507
SAGSLOW 1194 1507 1197 1507
SAGSLOW 1193 1506 1197 1507
SAGSLOW 1196 1507 1197 1507
SAGSLOW 1205 1507 1197 1507
SAGSLOW 1196 1507 1197 1507
SAGSLOW 1199 1507 1197 1507
SAGSLOW 1198 1507 1197 1507
SAGSLOW 1200 1507 1197 1507
SAGSLOW 1199 1507 1197 1507
SAGSLOW 1195 1506 1197 1507
SAGSLOW 1194 1507 1197 1507
SAGSLOW 1193 1507 1197 1507
SAGSLOW 1194 1506 1197 1507
SAGSLOW 1196 1507 1197 1507
SAGSLOW 1200 1507 1197 1507
SAGSLOW 1197 1506 1197 1507
SAGSLOW 1196 1506 1197 1507
SAGSLOW 1194 1508 1197 1507
SAGSLOW 1200 1507 1197 1507
SAGSLOW 1192 1507 1197 1507
SAGSLOW 1200 1506 1197 1507
SAGSLOW 1196 1507 1197 1507
SAGSLOW 1200 1507 1197 1507
SAGSLOW 1200 1507 1197 1507
SAGSLOW 1196 1508 1197 1507
SAGSLOW 1192 1507 1197 1507
SAGSLOW 1199 1507 1197 1507
SAGSLOW 1198 1507 1197 1507
SAGSLOW 1196 1507 1197 1507
SAGSLOW 1203 1507 1197 1507
SAGSLOW 1198 1508 1197 1507
SAGSLOW 1200 1507 1197 1507
SAGSLOW 1200 1507 1197 1507
SAGSLOW 1200 1507 1197 1507
SAGSLOW 1197 1507 1197 1507
SAGSLOW 1196 1507 1197 1507
SAGSLOW 1198 1507 1197 1507
SAGSLOW 1196 1507 1197 1507
SAGSLOW 1198 1507 1197 1507
SAGSLOW 1195 1506 1197 1507
SAGSLOW 1202 1507 1197 1507
SAGSLOW 1196 1507 1197 1507
SAGSLOW 1199 1507 1197 1507
SAGSLOW 1200 1507 1197 1507
SAGSLOW 1194 1507 1197 1507
SAGSLOW 1199 1507 1197 1507
SAGSLOW 1196 1507 1197 1507
SAGSLOW 1198 1507 1197 1507
SAGSLOW 1192 1508 1197 1507
SAGSLOW 1197 1507 1197 1507
SAGSLOW 1198 1507 1197 1507
SAGSLOW 1197 1508 1197 1507
SAGSLOW 1194 1506 1197 1507
SAGSLOW 1199 1507 1197 1507
SAGSLOW 1199 1508 1197 1507
SAGSLOW 1197 1507 1197 1507
SAGSLOW 1199 1507 1197 1507
SAGSLOW 1198 1507 1198 1507
SAGSLOW 1200 1507 1198 1507
SAGSLOW 1199 1507 1198 1507
SAGSLOW 1204 1507 1198 1507
SAGSLOW 1198 1507 1198 1507
SAGSLOW 1200 1507 1198 1507
SAGSLOW 1195 1507 1198 1507
SAGSLOW 1196 1507 1198 1507
SAGSLOW 1196 1507 1198 1507
SAGSLOW 1202 1507 1198 1507
SAGSLOW 1199 1507 1198 1507
SAGSLOW 1199 1507 1198 1507
SAGSLOW 1204 1507 1198 1507
SAGSLOW 1193 1507 1198 1507
SAGSLOW 1196 1506 1198 1507
SAGSLOW 1198 1508 1198 1507
SAGSLOW 1198 1507 1198 1507
SAGSLOW 1200 1507 1198 1507
SAGSLOW 1198 1507 1198 1507
SAGSLOW 1199 1508 1198 1507
SAGSLOW 1196 1508 1198 1507
SAGSLOW 1197 1506 1198 1507
SAGSLOW 1198 1507 1198 1507
SAGSLOW 1196 1506 1198 1507
SAGSLOW 1197 1506 1198 1507
SAGSLOW 1199 1506 1198 1507
SAGSLOW 1201 1507 1198 1507
SAGSLOW 1197 1507 1198 1507
SAGSLOW 1198 1507 1198 1507
SAGSLOW 1203 1507 1198 1507
SAGSLOW 1199 1506 1198 1507
SAGSLOW 1196 1507 1198 1507
SAGSLOW 1197 1507 1198 1507
SAGSLOW 1199 1508 1198 1507
SAGSLOW 1193 1507 1198 1507
SAGSLOW 1199 1507 1198 1507
SAGSLOW 1199 1506 1198 1507
SAGSLOW 1194 1507 1198 1507
SAGSLOW 1197 1507 1198 1507
SAGSLOW 1197 1507 1198 1507
SAGSLOW 1202 1507 1198 1507
SAGSLOW 1196 1506 1198 1507
SAGSLOW 1196 1507 1198 1507
SAGSLOW 1191 1507 1198 1507
SAGSLOW 1195 1507 1198 1507
SAGSLOW 1198 1507 1198 1507
SAGSLOW 1194 1507 1198 1507
SAGSLOW 1199 1506 1198 1507
SAGSLOW 1205 1507 1198 1507
SAGSLOW 1195 1507 1198 1507
SAGSLOW 1201 1508 1198 1507
SAGSLOW 1198 1507 1198 1507
SAGSLOW 1199 1508 1198 1507
SAGSLOW 1195 1507 1198 1507
SAGSLOW 1198 1507 1198 1507
SAGSLOW 1203 1508 1198 1507
SAGSLOW 1196 1508 1198 1507
SAGSLOW 1196 1507 1198 1507
SAGSLOW 1198 1508 1198 1507
SAGSLOW 1200 1507 1198 1507
SAGSLOW 1195 1507 1198 1507
SAGSLOW 1197 1508 1198 1507
SAGSLOW 1198 1507 1198 1507
SAGSLOW 1200 1506 1198 1507
SAGSLOW 1194 1507 1198 1507
SAGSLOW 1199 1507 1198 1507
SAGSLOW 1196 1507 1198 1507
SAGSLOW 1193 1507 1198 1507
SAGSLOW 1199 1506 1198 1507
SAGSLOW 1196 1506 1198 1507
SAGSLOW 1196 1507 1198 1507
SAGSLOW 1200 1505 1198 1507
SAGSLOW 1196 1507 1198 1507
SAGSLOW 1197 1507 1198 1507
SAGSLOW 1193 1507 1198 1507
SAGSLOW 1198 1507 1198 1507
SAGSLOW 1197 1508 1198 1507
SAGSLOW 1197 1506 1198 1507
SAGSLOW 1197 1507 1198 1507
SAGSLOW 1193 1507 1198 1507
SAGSLOW 1198 1507 1198 1507
SAGSLOW 1193 1507 1198 1507
SAGSLOW 1202 1506 1198 1507
SAGSLOW 1192 1508 1198 1507
SAGSLOW 1202 1507 1198 1507
SAGSLOW 1199 1507 1198 1507
SAGSLOW 1193 1506 1198 1507
SAGSLOW 1198 1507 1198 1507
SAGSLOW 1197 1507 1198 1507
SAGSLOW 1195 1507 1198 1507
SAGSLOW 1198 1507 1198 1507
SAGSLOW 1195 1507 1198 1507
SAGSLOW 1199 1507 1198 1507
SAGSLOW 1197 1507 1198 1507
SAGSLOW 1197 1507 1198 1507
SAGSLOW 1195 1507 1198 1507
SAGSLOW 1189 1506 1198 1507
SAGSLOW 1205 1507 1198 1507
SAGSLOW 1196 1507 1198 1507
SAGSLOW 1202 1507 1198 1507
SAGSLOW 1196 1507 1198 1507
SAGSLOW 1195 1507 1198 1507
SAGSLOW 1198 1507 1198 1507
SAGSLOW 1191 1507 1198 1507
SAGSLOW 1201 1507 1198 1507
SAGSLOW 1199 1506 1198 1507
SAGSLOW 1200 1508 1198 1507
SAGSLOW 1197 1507 1198 1507
SAGSLOW 1196 1507 1198 1507
SAGSLOW 1192 1507 1198 1507
SAGSLOW 1199 1507 1198 1507
SAGSLOW 1199 1508 1198 1507
SAGSLOW 1193 1507 1198 1507
SAGSLOW 1201 1508 1198 1507
SAGSLOW 1200 1506 1198 1507
SAGSLOW 1194 1506 1198 1507
SAGSLOW 1198 1506 1198 1507
SAGSLOW 1193 1507 1198 1507
SAGSLOW 1196 1506 1198 1507
SAGSLOW 1198 1507 1198 1507
SAGSLOW 1197 1507 1198 1507
SAGSLOW 1197 1506 1198 1507
SAGSLOW 1200 1507 1198 1507
SAGSLOW 1195 1506 1198 1507
SAGSLOW 1199 1507 1198 1507
SAGSLOW 1195 1507 1198 1507
SAGSLOW 1199 1507 1198 1507
SAGSLOW 1199 1507 1198 1507
SAGSLOW 1196 1506 1198 1507
SAGSLOW 1195 1506 1198 1507
SAGSLOW 1196 1506 1198 1507
SAGSLOW 1195 1507 1198 1507
SAGSLOW 1195 1507 1198 1507
SAGSLOW 1198 1508 1198 1507
SAGSLOW 1197 1507 1198 1507
SAGSLOW 1199 1508 1198 1507
SAGSLOW 1198 1507 1198 1507
SAGSLOW 1200 1507 1198 1507
SAGSLOW 1196 1507 1198 1507
SAGSLOW 1199 1508 1198 1507
SAGSLOW 1201 1508 1198 1507
SAGSLOW 1205 1508 1198 1507
SAGSLOW 1197 1508 1198 1507
SAGSLOW 1201 1507 1198 1507
SAGSLOW 1191 1505 1198 1507
SAGSLOW 1199 1506 1198 1507
SAGSLOW 1198 1507 1198 1507
SAGSLOW 1196 1507 1198 1507
SAGSLOW 1197 1507 1198 1507
SAGSLOW 1201 1507 1198 1507
SAGSLOW 1197 1507 1198 1507
SAGSLOW 1202 1506 1198 1507
SAGSLOW 1190 1507 1198 1507
SAGSLOW 1202 1507 1198 1507
SAGSLOW 1197 1506 1198 1507
SAGSLOW 1195 1507 1198 1507
SAGSLOW 1193 1507 1198 1507
SAGSLOW 1202 1507 1198 1507
SAGSLOW 1193 1507 1198 1507
SAGSLOW 1198 1507 1198 1507
SAGSLOW 1198 1507 1198 1507
SAGSLOW 1201 1507 1198 1507
SAGSLOW 1201 1507 1198 1507
SAGSLOW 1200 1507 1198 1507
SAGSLOW 1202 1507 1198 1507
SAGSLOW 1194 1507 1198 1507
SAGSLOW 1196 1507 1198 1507
SAGSLOW 1200 1507 1198 1507
SAGSLOW 1202 1508 1198 1507
SAGSLOW 1194 1507 1198 1507
SAGSLOW 1194 1507 1198 1507
SAGSLOW 1197 1506 1198 1507
SAGSLOW 1200 1507 1198 1507
SAGSLOW 1199 1507 1198 1507
SAGSLOW 1196 1507 1198 1507
SAGSLOW 1193 1508 1198 1507
SAGSLOW 1203 1507 1198 1507
SAGSLOW 1199 1507 1198 1507
SAGSLOW 1195 1508 1198 1507
SAGSLOW 1201 1507 1198 1507
SAGSLOW 1202 1507 1198 1507
SAGSLOW 1201 1507 1198 1507
SAGSLOW 1198 1507 1198 1507
SAGSLOW 1196 1507 1198 1507
SAGSLOW 1201 1507 1198 1507
SAGSLOW 1200 1506 1198 1507
SAGSLOW 1197 1507 1198 1507
SAGSLOW 1197 1507 1198 1507
SAGSLOW 1197 1507 1198 1507
SAGSLOW 1195 1507 1198 1507
SAGSLOW 1203 1508 1198 1507
SAGSLOW 1201 1506 1198 1507
SAGSLOW 1195 1507 1198 1507
SAGSLOW 1197 1507 1198 1507
SAGSLOW 1199 1507 1198 1507
SAGSLOW 1193 1507 1198 1507
SAGSLOW 1202 1507 1198 1507
SAGSLOW 1198 1506 1198 1507
SAGSLOW 1203 1507 1198 1507
SAGSLOW 1200 1507 1198 1507
SAGSLOW 1197 1507 1198 1507
SAGSLOW 1195 1507 1198 1507
SAGSLOW 1198 1507 1198 1507
SAGSLOW 1196 1507 1198 1507
SAGSLOW 1199 1506 1198 1507
SAGSLOW 1202 1506 1198 1507
SAGSLOW 1197 1508 1198 1507
SAGSLOW 1202 1507 1198 1507
SAGSLOW 1192 1506 1198 1507
SAGSLOW 1200 1507 1198 1507
SAGSLOW 1198 1507 1198 1507
SAGSLOW 1197 1507 1198 1507
SAGSLOW 1197 1507 1198 1507
SAGSLOW 1200 1508 1198 1507
SAGSLOW 1200 1506 1198 1507
SAGSLOW 1197 1506 1198 1507
SAGSLOW 1199 1507 1198 1507
SAGSLOW 1201 1507 1198 1507
SAGSLOW 1195 1506 1198 1507
SAGSLOW 1197 1507 1198 1507
SAGSLOW 1194 1507 1198 1507
SAGSLOW 1192 1507 1198 1507
SAGSLOW 1200 1507 1198 1507
SAGSLOW 1197 1508 1198 1507
SAGSLOW 1199 1508 1198 1507
SAGSLOW 1201 1507 1198 1507
SAGSLOW 1200 1507 1198 1507
SAGSLOW 1197 1507 1198 1507
SAGSLOW 1196 1507 1198 1507
SAGSLOW 1199 1507 1198 1507
SAGSLOW 1199 1507 1198 1507
SAGSLOW 1202 1508 1198 1507
SAGSLOW 1198 1507 1198 1507
SAGSLOW 1204 1507 1198 1507
SAGSLOW 1196 1507 1198 1507
SAGSLOW 1194 1507 1198 1507
SAGSLOW 1200 1507 1198 1507
SAGSLOW 1194 1507 1198 1507
SAGSLOW 1193 1508 1198 1507
SAGSLOW 1194 1507 1198 1507
SAGSLOW 1194 1507 1198 1507
SAGSLOW 1200 1507 1198 1507
SAGSLOW 1201 1507 1198 1507
SAGSLOW 1198 1508 1198 1507
SAGSLOW 1200 1506 1198 1507
SAGSLOW 1195 1507 1198 1507
SAGSLOW 1196 1506 1198 1507
SAGSLOW 1198 1508 1198 1507
SAGSLOW 1199 1507 1198 1507
SAGSLOW 1200 1507 1198 1507
SAGSLOW 1196 1507 1198 1507
SAGSLOW 1204 1507 1198 1507
SAGSLOW 1194 1507 1198 1507
SAGSLOW 1198 1506 1198 1507
SAGSLOW 1201 1507 1198 1507
SAGSLOW 1199 1507 1198 1507
SAGSLOW 1198 1506 1198 1507
SAGSLOW 1201 1507 1198 1507
SAGSLOW 1198 1507 1198 1507
SAGSLOW 1198 1507 1198 1507
SAGSLOW 1199 1508 1198 1507
SAGSLOW 1197 1507 1198 1507
SAGSLOW 1204 1507 1198 1507
SAGSLOW 1198 1507 1198 1507
SAGSLOW 1197 1506 1198 1507
SAGSLOW 1199 1508 1198 1507
SAGSLOW 1200 1506 1198 1507
SAGSLOW 1203 1508 1198 1507
SAGSLOW 1197 1507 1198 1507
SAGSLOW 1198 1507 1198 1507
SAGSLOW 1200 1508 1198 1507
SAGSLOW 1194 1507 1198 1507
SAGSLOW 1200 1507 1198 1507
SAGSLOW 1199 1507 1198 1507
SAGSLOW 1198 1507 1198 1507
SAGSLOW 1203 1507 1198 1507
SAGSLOW 1198 1508 1198 1507
SAGSLOW 1193 1507 1198 1507
SAGSLOW 1201 1506 1198 1507
SAGSLOW 1195 1507 1198 1507
SAGSLOW 1200 1506 1198 1507
SAGSLOW 1200 1507 1198 1507
SAGSLOW 1196 1506 1198 1507
SAGSLOW 1195 1507 1198 1507
SAGSLOW 1196 1507 1198 1507
SAGSLOW 1199 1507 1198 1507
SAGSLOW 1197 1507 1198 1507
SAGSLOW 1195 1507 1198 1507
SAGSLOW 1199 1507 1198 1507
SAGSLOW 1194 1506 1198 1507
SAGSLOW 1197 1507 1198 1507
SAGSLOW 1203 1506 1198 1507
SAGSLOW 1198 1507 1198 1507
SAGSLOW 1197 1507 1198 1507
SAGSLOW 1195 1507 1198 1507
SAGSLOW 1196 1506 1198 1507
SAGSLOW 1199 1508 1198 1507
SAGSLOW 1197 1507 1198 1507
SAGSLOW 1200 1507 1198 1507
SAGSLOW 1203 1506 1198 1507
SAGSLOW 1197 1507 1198 1507
SAGSLOW 1195 1506 1198 1507
SAGSLOW 1197 1507 1198 1507
SAGSLOW 1198 1507 1198 1507
SAGSLOW 1199 1507 1198 1507
SAGSLOW 1198 1507 1198 1507
SAGSLOW 1195 1508 1198 1507
SAGSLOW 1205 1506 1198 1507
SAGSLOW 1200 1507 1198 1507
SAGSLOW 1196 1507 1198 1507
SAGSLOW 1205 1507 1198 1507
SAGSLOW 1197 1507 1198 1507
SAGSLOW 1200 1507 1198 1507
SAGSLOW 1198 1507 1198 1507
SAGSLOW 1200 1508 1198 1507
SAGSLOW 1192 1507 1198 1507
SAGSLOW 1196 1507 1198 1507
SAGSLOW 1200 1507 1198 1507
SAGSLOW 1197 1507 1198 1507
SAGSLOW 1197 1507 1198 1507
SAGSLOW 1199 1506 1198 1507
SAGSLOW 1193 1507 1198 1507
SAGSLOW 1198 1507 1198 1507
SAGSLOW 1198 1507 1198 1507
SAGSLOW 1202 1507 1198 1507
SAGSLOW 1194 1507 1198 1507
SAGSLOW 1195 1507 1198 1507
SAGSLOW 1200 1507 1198 1507
SAGSLOW 1195 1507 1198 1507
SAGSLOW 1202 1507 1198 1507
SAGSLOW 1196 1506 1198 1507
SAGSLOW 1195 1507 1198 1507
SAGSLOW 1197 1507 1198 1507
SAGSLOW 1199 1507 1198 1507
SAGSLOW 1201 1508 1198 1507
SAGSLOW 1202 1507 1198 1507
SAGSLOW 1200 1507 1198 1507
SAGSLOW 1199 1506 1198 1507
SAGSLOW 1199 1507 1198 1507
SAGSLOW 1199 1508 1198 1507
SAGSLOW 1198 1507 1198 1507
SAGSLOW 1195 1506 1198 1507
SAGSLOW 1194 1508 1198 1507
SAGSLOW 1201 1507 1198 1507
SAGSLOW 1201 1507 1198 1507
SAGSLOW 1196 1507 1198 1507
SAGSLOW 1197 1507 1198 1507
SAGSLOW 1195 1507 1198 1507
SAGSLOW 1199 1506 1198 1507
SAGSLOW 1197 1506 1198 1507
SAGSLOW 1200 1508 1198 1507
SAGSLOW 1198 1507 1198 1507
SAGSLOW 1193 1507 1198 1507
SAGSLOW 1201 1506 1198 1507
SAGSLOW 1196 1507 1198 1507
SAGSLOW 1194 1506 1198 1507
SAGSLOW 1196 1507 1198 1507
SAGSLOW 1194 1507 1198 1507
SAGSLOW 1200 1508 1198 1507
SAGSLOW 1198 1508 1198 1507
SAGSLOW 1197 1507 1198 1507
SAGSLOW 1198 1506 1198 1507
SAGSLOW 1193 1508 1198 1507
SAGSLOW 1196 1507 1198 1507
SAGSLOW 1202 1507 1198 1507
SAGSLOW 1195 1507 1198 1507
SAGSLOW 1198 1508 1198 1507
SAGSLOW 1198 1506 1198 1507
SAGSLOW 1196 1507 1198 1507
SAGSLOW 1200 1508 1198 1507
SAGSLOW 1199 1506 1198 1507
SAGSLOW 1196 1507 1198 1507
SAGSLOW 1198 1507 1198 1507
SAGSLOW 1198 1506 1198 1507
SAGSLOW 1200 1507 1198 1507
SAGSLOW 1201 1507 1198 1507
SAGSLOW 1195 1507 1198 1507
SAGSLOW 1196 1508 1198 1507
SAGSLOW 1196 1507 1198 1507
SAGSLOW 1199 1507 1198 1507
SAGSLOW 1196 1507 1198 1507
SAGSLOW 1200 1507 1198 1507
SAGSLOW 1201 1507 1198 1507
SAGSLOW 1201 1506 1198 1507
SAGSLOW 1202 1507 1198 1507
SAGSLOW 1193 1507 1198 1507
SAGSLOW 1199 1506 1198 1507
SAGSLOW 1195 1506 1198 1507
SAGSLOW 1200 1506 1198 1507
SAGSLOW 1200 1507 1198 1507
SAGSLOW 1199 1507 1198 1507
SAGSLOW 1196 1506 1198 1507
SAGSLOW 1200 1508 1198 1507
SAGSLOW 1197 1507 1198 1507
SAGSLOW 1200 1507 1198 1507
SAGSLOW 1197 1506 1198 1507
SAGSLOW 1198 1506 1198 1507
SAGSLOW 1195 1506 1198 1507
SAGSLOW 1196 1506 1198 1507
SAGSLOW 1201 1507 1198 1507
SAGSLOW 1200 1507 1198 1507
SAGSLOW 1202 1507 1198 1507
SAGSLOW 1199 1507 1198 1507
SAGSLOW 1199 1507 1198 1507
SAGSLOW 1205 1507 1198 1507
SAGSLOW 1198 1507 1198 1507
SAGSLOW 1198 1507 1198 1507
SAGSLOW 1191 1508 1198 1507
SAGSLOW 1197 1507 1198 1507
SAGSLOW 1199 1506 1198 1507
SAGSLOW 1198 1507 1198 1507
SAGSLOW 1201 1507 1198 1507
SAGSLOW 1202 1507 1198 1507
SAGSLOW 1192 1506 1198 1507
SAGSLOW 1198 1507 1198 1507
SAGSLOW 1198 1507 1198 1507
SAGSLOW 1196 1507 1198 1507
SAGSLOW 1199 1507 1198 1507
SAGSLOW 1197 1507 1198 1507
SAGSLOW 1200 1507 1198 1507
SAGSLOW 1205 1507 1198 1507
SAGSLOW 1196 1507 1198 1507
SAGSLOW 1194 1507 1198 1507
SAGSLOW 1198 1507 1198 1507
SAGSLOW 1195 1507 1198 1507
SAGSLOW 1195 1506 1198 1507
SAGSLOW 1197 1507 1198 1507
SAGSLOW 1199 1506 1198 1507
SAGSLOW 1196 1507 1198 1507
SAGSLOW 1197 1508 1198 1507
SAGSLOW 1196 1508 1198 1507
SAGSLOW 1194 1507 1198 1507
SAGSLOW 1195 1507 1198 1507
SAGSLOW 1196 1507 1198 1507
SAGSLOW 1198 1507 1198 1507
SAGSLOW 1198 1507 1198 1507
SAGSLOW 1193 1507 1198 1507
SAGSLOW 1197 1507 1198 1507
SAGSLOW 1197 1507 1198 1507
SAGSLOW 1201 1507 1198 1507
SAGSLOW 1198 1507 1198 1507
SAGSLOW 1198 1507 1198 1507
SAGSLOW 1199 1507 1198 1507
SAGSLOW 1200 1505 1198 1507
SAGSLOW 1201 1507 1198 1507
SAGSLOW 1197 1506 1198 1507
SAGSLOW 1191 1506 1198 1507
SAGSLOW 1199 1507 1198 1507
SAGSLOW 1199 1507 1198 1507
SAGSLOW 1199 1507 1198 1507
SAGSLOW 1198 1508 1198 1507
SAGSLOW 1197 1506 1198 1507
SAGSLOW 1197 1508 1198 1507
SAGSLOW 1196 1506 1198 1507
SAGSLOW 1197 1506 1198 1507
SAGSLOW 1195 1508 1198 1507
SAGSLOW 1197 1507 1198 1507
SAGSLOW 1199 1506 1198 1507
SAGSLOW 1198 1507 1198 1507
SAGSLOW 1197 1506 1198 1507
SAGSLOW 1197 1506 1198 1507
SAGSLOW 1196 1508 1198 1507
SAGSLOW 1195 1507 1198 1507
SAGSLOW 1200 1507 1198 1507
SAGSLOW 1201 1507 1198 1507
SAGSLOW 1198 1507 1198 1507
SAGSLOW 1198 1507 1198 1507
SAGSLOW 1195 1507 1198 1507
SAGSLOW 1194 1507 1198 1507
SAGSLOW 1199 1507 1198 1507
SAGSLOW 1196 1507 1198 1507
SAGSLOW 1195 1507 1198 1507
SAGSLOW 1199 1507 1198 1507
SAGSLOW 1195 1507 1198 1507
SAGSLOW 1202 1506 1198 1507
SAGSLOW 1196 1507 1198 1507
SAGSLOW 1199 1507 1198 1507
SAGSLOW 1195 1506 1198 1507
SAGSLOW 1194 1508 1198 1507
SAGSLOW 1201 1507 1198 1507
SAGSLOW 1197 1507 1198 1507
SAGSLOW 1197 1508 1198 1507
SAGSLOW 1197 1506 1198 1507
SAGSLOW 1200 1507 1198 1507
SAGSLOW 1199 1507 1198 1507
SAGSLOW 1201 1507 1198 1507
SAGSLOW 1197 1507 1198 1507
SAGSLOW 1203 1506 1198 1507
SAGSLOW 1200 1507 1198 1507
SAGSLOW 1202 1507 1198 1507
SAGSLOW 1194 1507 1198 1507
SAGSLOW 1198 1507 1198 1507
SAGSLOW 1200 1508 1198 1507
SAGSLOW 1196 1507 1198 1507
SAGSLOW 1200 1507 1198 1507
SAGSLOW 1199 1507 1198 1507
SAGSLOW 1200 1507 1198 1507
SAGSLOW 1202 1507 1198 1507
SAGSLOW 1194 1507 1198 1507
SAGSLOW 1196 1507 1198 1507
SAGSLOW 1198 1507 1198 1507
SAGSLOW 1196 1507 1198 1507
SAGSLOW 1196 1506 1197 1507
SAGSLOW 1193 1506 1197 1507
SAGSLOW 1199 1507 1197 1507
SAGSLOW 1199 1507 1197 1507
SAGSLOW 1193 1507 1197 1507
SAGSLOW 1196 1506 1197 1507
SAGSLOW 1194 1507 1197 1507
SAGSLOW 1195 1507 1197 1507
SAGSLOW 1198 1507 1197 1507
SAGSLOW 1200 1508 1197 1507
SAGSLOW 1203 1507 1197 1507
SAGSLOW 1201 1508 1197 1507
SAGSLOW 1200 1507 1197 1507
SAGSLOW 1197 1507 1197 1507
SAGSLOW 1197 1508 1197 1507
SAGSLOW 1199 1508 1197 1507
SAGSLOW 1198 1507 1197 1507
SAGSLOW 1195 1506 1197 1507
SAGSLOW 1195 1506 1197 1507
SAGSLOW 1196 1507 1197 1507
SAGSLOW 1198 1508 1197 1507
SAGSLOW 1201 1508 1197 1507
SAGSLOW 1199 1507 1197 1507
SAGSLOW 1197 1508 1197 1507
SAGSLOW 1195 1507 1197 1507
SAGSLOW 1197 1507 1197 1507
SAGSLOW 1196 1507 1197 1507
SAGSLOW 1200 1506 1197 1507
SAGSLOW 1197 1507 1197 1507
SAGSLOW 1199 1507 1197 1507
SAGSLOW 1198 1507 1197 1507
SAGSLOW 1198 1507 1197 1507
SAGSLOW 1198 1507 1197 1507
SAGSLOW 1198 1507 1197 1507
SAGSLOW 1200 1506 1197 1507
SAGSLOW 1200 1506 1197 1507
SAGSLOW 1203 1506 1197 1507
SAGSLOW 1196 1506 1197 1507
SAGSLOW 1198 1507 1197 1507
SAGSLOW 1198 1507 1197 1507
SAGSLOW 1195 1506 1197 1507
SAGSLOW 1200 1507 1197 1507
SAGSLOW 1200 1508 1197 1507
SAGSLOW 1198 1508 1197 1507
SAGSLOW 1194 1506 1197 1507
SAGSLOW 1198 1507 1197 1507
SAGSLOW 1198 1507 1197 1507
SAGSLOW 1197 1507 1197 1507
SAGSLOW 1201 1506 1197 1507
SAGSLOW 1197 1507 1197 1507
SAGSLOW 1195 1508 1197 1507
SAGSLOW 1201 1507 1198 1507
SAGSLOW 1194 1507 1198 1507
SAGSLOW 1201 1506 1198 1507
SAGSLOW 1198 1507 1198 1507
SAGSLOW 1199 1507 1198 1507
SAGSLOW 1202 1507 1198 1507
SAGSLOW 1196 1508 1198 1507
SAGSLOW 1195 1508 1198 1507
SAGSLOW 1198 1507 1198 1507
SAGSLOW 1196 1507 1198 1507
SAGSLOW 1197 1507 1198 1507
SAGSLOW 1198 1508 1198 1507
SAGSLOW 1197 1507 1198 1507
SAGSLOW 1199 1506 1197 1507
SAGSLOW 1198 1507 1197 1507
SAGSLOW 1195 1507 1198 1507
SAGSLOW 1198 1507 1198 1507
SAGSLOW 1196 1507 1198 1507
SAGSLOW 1192 1507 1198 1507
SAGSLOW 1198 1507 1198 1507
SAGSLOW 1198 1508 1198 1507
SAGSLOW 1195 1507 1198 1507
SAGSLOW 1200 1507 1197 1507
SAGSLOW 1199 1507 1198 1507
SAGSLOW 1201 1507 1198 1507
SAGSLOW 1198 1507 1198 1507
SAGSLOW 1198 1507 1198 1507
SAGSLOW 1200 1507 1198 1507
SAGSLOW 1194 1508 1198 1507
SAGSLOW 1203 1507 1198 1507
SAGSLOW 1197 1507 1198 1507
SAGSLOW 1198 1507 1198 1507
SAGSLOW 1197 1507 1198 1507
SAGSLOW 1197 1506 1198 1507
SAGSLOW 1195 1508 1198 1507
SAGSLOW 1202 1507 1198 1507
SAGSLOW 1196 1508 1198 1507
SAGSLOW 1201 1507 1198 1507
SAGSLOW 1199 1506 1198 1507
SAGSLOW 1203 1508 1198 1507
SAGSLOW 1200 1507 1198 1507
SAGSLOW 1200 1506 1198 1507
SAGSLOW 1197 1506 1198 1507
SAGSLOW 1194 1506 1198 1507
SAGSLOW 1196 1507 1198 1507
SAGSLOW 1194 1508 1198 1507
SAGSLOW 1198 1508 1198 1507
SAGSLOW 1200 1507 1198 1507
SAGSLOW 1198 1507 1198 1507
SAGSLOW 1199 1506 1198 1507
SAGSLOW 1202 1507 1198 1507
SAGSLOW 1198 1507 1198 1507
SAGSLOW 1193 1507 1198 1507
SAGSLOW 1195 1506 1198 1507
SAGSLOW 1196 1506 1198 1507
SAGSLOW 1201 1507 1198 1507
SAGSLOW 1196 1507 1198 1507
SAGSLOW 1199 1507 1198 1507
SAGSLOW 1197 1507 1198 1507
SAGSLOW 1200 1506 1198 1507
SAGSLOW 1195 1507 1198 1507
SAGSLOW 1195 1506 1198 1507
SAGSLOW 1197 1507 1198 1507
SAGSLOW 1197 1507 1198 1507
SAGSLOW 1198 1507 1198 1507
SAGSLOW 1198 1507 1198 1507
SAGSLOW 1196 1507 1198 1507
SAGSLOW 1195 1507 1198 1507
SAGSLOW 1196 1507 1198 1507
SAGSLOW 1197 1507 1198 1507
SAGSLOW 1192 1508 1198 1507
SAGSLOW 1195 1506 1198 1507
SAGSLOW 1198 1507 1198 1507
SAGSLOW 1194 1507 1198 1507
SAGSLOW 1195 1506 1198 1507
SAGSLOW 1193 1507 1198 1507
SAGSLOW 1201 1506 1198 1507
SAGSLOW 1199 1506 1198 1507
SAGSLOW 1202 1507 1198 1507
SAGSLOW 1197 1507 1198 1507
SAGSLOW 1194 1507 1198 1507
SAGSLOW 1199 1507 1198 1507
SAGSLOW 1201 1508 1198 1507
SAGSLOW 1201 1508 1198 1507
SAGSLOW 1192 1507 1198 1507
SAGSLOW 1199 1507 1198 1507
SAGSLOW 1197 1507 1198 1507
SAGSLOW 1197 1506 1198 1507
SAGSLOW 1201 1507 1198 1507
SAGSLOW 1196 1507 1198 1507
SAGSLOW 1196 1506 1198 1507
SAGEND
