# elf_crc32 63C0061D
# elf_sha256 828501C1596B3C1425F3D77CCE5AAEBDE343D25109FC0F7F0BACBA965B74D8D5
# started 2026-09-24T04:29:03
BEMFRUN handoff_ehz=200 target_duty_tenths=500 advance_level=22 total_ms=80000 inject=0
PREFLIGHT moe=0 ccr1=0 ccr2=0 ccr3=0 gates_low=1 en=0 nfault=1 verdict=PASS
POSTSTOP
PREFLIGHT moe=0 ccr1=0 ccr2=0 ccr3=0 gates_low=1 en=0 nfault=1 verdict=PASS
BEMFDONE reason=2 accepted=865864 forced=0 zc_acc=867996 too_early=7 unstable=1410971 ci_us=77 bus_ref=1216 bus_min=1092
BEMFSAG ref_bus=1216 ref_vref=1504 filt_bus=1195 filt_vref=1505 streak=0 tripped=0
BEMFGATE closed_ms=74776 hold_ms=54776 target_tenths=500 zc_per_s=11579 comm_per_s=11579 ehz_from_ci_last=2164 forced_pct=0
BEMFRATE hold_ms=54776 hold_accepted=707722 hold_forced=0 mean_ci_us=77 mean_sector_us=77 ehz_from_sector=2164 zc_per_s=12920 zc_expected_per_s=12987 zc_rate_permille_of_expected=994 hold_forced_pct=0
BEMFTAIL accepts=35765 span_us=2774928 start_before_stop_us=2775047 end_before_stop_us=119 window_us=2000000
BEMFRCOMP spent_max_us=11 late_arms=0 com_preempts=0 com_arm_preempts=0
BEMFSECTOR a1=65535 f1=0 a2=65535 f2=0 a3=65535 f3=0 a4=65535 f4=0 a5=65535 f5=0 a6=65535 f6=0
BEMFPHASE lt075=34898 to100=65535 to125=65535 to150=25956 gt150=4479
BEMFREVISIT r1=30523 v1=13787 r2=30056 v2=12424 r3=25316 v3=15151 r4=44523 v4=15099 r5=21586 v5=12925 r6=34021 v6=17422
BEMFDRIVEN entered=1 epochs=21 accepts=13 early=18 unstable=288 defers=2 retries=0 late_max_us=57 qual_intervals=12 qual_reanchors=0 qual_fault=0 fail=0 seeded=1 seed_step=3 seed_us=756 commanded_us=833 irq_peak_per_ms=49 closed_irq_peak_per_ms=64 storm=0 storm_step=0 cap_armed=1 comp_call_max_us=16 overrun=0 blank_arms=867976 blank_latched=0 com_count=867997 com_late_max_us=11
BEMFGUARD reason=0 ticks=786939 gap_max_us=109 track_fault=0 track_max_us=240 fast_events=859226 fast_min_us=41 loop_iters_closed=2357627 loop_gap_max_us=164 acquire_us=16800
BEMFDRVROWS 9:3:7704:921 10:4:649:629 11:5:836:734 12:6:651:572 13:1:710:443 14:2:702:320 15:3:775:244 16:4:677:94
BEMFDRVROWS 17:5:765:18 18:6:881:76 19:1:782:13 20:2:819:19 21:3:834:14
BEMFCURRENT blocks=7869 mean_residual=11184 mean_ma=1404 hold_blocks=5423 hold_ma=1788 zero_blocks=50 zero_start=618398 zero_end=616609 zero_drift_ma=-224 ref_ma=326 duty_tenths=500 ceiling_tenths=500 worst_residual=17585 worst_ma=2207
BEMFWITNESS samples=118189 bemf_min=0 bemf_max=0 mid=0 mid_fixed=0 alt=0 hyst_codes=12 driven_rotation=0
vsenc_min=0 vsenc_max=0 star_min=0 star_max=0 bus_ref=1216
BEMFCOAST reason=2 pp_first=0 pp_last=0 crossings=0 spun=1 comp_edges=1964 comp_hi=358797 comp_polls=551575
COASTTIMING trans=1404 offset_us=38 first_us=226 iv_us=230,236,229,236,231,236,232,236 ehz_first=2173
SAGSNAP judged=786914 fast_len=512 slow_len=1024 slow_every=32 frozen=1 num=95 den=100 streak_to_latch=3 adc_rail=4095
SAGROW 819 1196 1504 1195 1505 0 2 500 117
SAGROW 951 1196 1504 1195 1505 0 3 500 98
SAGROW 1045 1196 1504 1195 1505 0 5 500 115
SAGROW 1140 1198 1504 1195 1505 0 6 500 60
SAGROW 1236 1198 1504 1195 1505 0 1 500 72
SAGROW 1334 1197 1504 1195 1505 0 2 500 90
SAGROW 1436 1196 1504 1195 1505 0 3 500 87
SAGROW 1542 1196 1504 1195 1505 0 5 500 64
SAGROW 1654 1195 1505 1195 1505 0 6 500 100
SAGROW 1747 1196 1505 1195 1505 0 2 500 42
SAGROW 1838 1196 1505 1195 1505 0 3 500 54
SAGROW 1964 1194 1505 1195 1505 0 4 500 86
SAGROW 2054 1195 1505 1195 1505 0 6 500 39
SAGROW 2140 1195 1505 1195 1505 0 1 500 126
SAGROW 2239 1196 1505 1195 1505 0 2 500 63
SAGROW 2366 1197 1505 1195 1505 0 4 500 121
SAGROW 2450 1197 1505 1195 1505 0 5 500 44
SAGROW 2541 1198 1505 1195 1505 0 6 500 54
SAGROW 2669 1199 1506 1195 1505 0 1 500 110
SAGROW 2753 1199 1506 1195 1505 0 2 500 115
SAGROW 2848 1197 1506 1195 1505 0 4 500 53
SAGROW 2981 1197 1506 1195 1505 0 6 500 114
SAGROW 3069 1196 1506 1195 1505 0 1 500 50
SAGROW 3158 1196 1506 1195 1505 0 2 500 60
SAGROW 3271 1196 1506 1195 1505 0 3 500 90
SAGROW 3369 1195 1506 1195 1505 0 5 500 38
SAGROW 3459 1195 1505 1195 1505 0 6 500 49
SAGROW 3594 1196 1505 1195 1505 0 1 500 88
SAGROW 3668 1197 1506 1195 1505 0 2 500 99
SAGROW 3751 1196 1506 1195 1505 0 3 500 112
SAGROW 3853 1197 1506 1195 1505 0 5 500 52
SAGROW 3982 1196 1505 1195 1505 0 6 500 112
SAGROW 4072 1196 1505 1195 1505 0 1 500 118
SAGROW 4165 1194 1505 1195 1505 0 3 500 61
SAGROW 4286 1194 1505 1195 1505 0 4 500 108
SAGROW 4371 1194 1505 1195 1505 0 6 500 42
SAGROW 4475 1194 1505 1195 1505 0 1 500 60
SAGROW 4570 1195 1505 1195 1505 0 2 500 70
SAGROW 4682 1193 1505 1195 1505 0 3 500 105
SAGROW 4764 1193 1505 1195 1505 0 4 500 112
SAGROW 4866 1195 1505 1195 1505 0 6 500 60
SAGROW 4990 1196 1505 1195 1505 0 2 500 38
SAGROW 5068 1196 1505 1195 1505 0 3 500 115
SAGROW 5177 1196 1505 1195 1505 0 4 500 60
SAGROW 5292 1201 1505 1195 1505 0 5 500 105
SAGROW 5380 1201 1504 1195 1505 0 6 500 115
SAGROW 5463 1201 1504 1195 1505 0 2 500 115
SAGROW 5596 1200 1504 1195 1505 0 3 500 97
SAGROW 5690 1198 1505 1195 1505 0 5 500 115
SAGROW 5787 1199 1504 1195 1505 0 6 500 129
SAGROW 5884 1201 1505 1195 1505 0 1 500 74
SAGROW 5996 1202 1505 1195 1505 0 2 500 106
SAGROW 6102 1197 1505 1195 1505 0 4 500 54
SAGROW 6175 1196 1506 1195 1505 0 5 500 57
SAGROW 6307 1197 1506 1195 1505 0 6 500 107
SAGROW 6398 1198 1505 1195 1505 0 2 500 38
SAGROW 6487 1199 1505 1195 1505 0 3 500 57
SAGROW 6613 1199 1505 1195 1505 0 4 500 103
SAGROW 6691 1195 1505 1195 1505 0 5 500 109
SAGROW 6799 1195 1505 1195 1505 0 1 500 56
SAGROW 6914 1191 1504 1195 1505 0 2 500 93
SAGROW 7010 1192 1505 1195 1505 0 4 500 116
SAGROW 7092 1192 1505 1195 1505 0 5 500 122
SAGROW 7196 1192 1505 1195 1505 0 6 500 65
SAGROW 7318 1193 1506 1195 1505 0 1 500 115
SAGROW 7393 1192 1506 1195 1505 0 2 500 108
SAGROW 7506 1191 1506 1195 1505 0 4 500 58
SAGROW 7619 1190 1505 1195 1505 0 5 500 106
SAGROW 7693 1193 1505 1195 1505 0 6 500 98
SAGROW 7800 1192 1505 1195 1505 0 2 500 57
SAGROW 7931 1191 1506 1195 1505 0 3 500 105
SAGROW 8015 1190 1505 1195 1505 0 4 500 97
SAGROW 8092 1189 1505 1195 1505 0 6 500 116
SAGROW 8202 1190 1505 1195 1505 0 1 500 63
SAGROW 8314 1192 1505 1195 1505 0 2 500 97
SAGROW 8397 1193 1505 1195 1505 0 3 500 112
SAGROW 8500 1191 1505 1195 1505 0 5 500 135
SAGROW 8624 1191 1505 1195 1505 0 6 500 98
SAGROW 8713 1191 1504 1195 1505 0 2 500 115
SAGROW 8816 1191 1504 1195 1505 0 3 500 137
SAGROW 8938 1192 1504 1195 1505 0 4 500 103
SAGROW 9021 1193 1503 1195 1505 0 6 500 112
SAGROW 9122 1193 1503 1195 1505 0 1 500 63
SAGROW 9216 1192 1503 1195 1505 0 2 500 77
SAGROW 9328 1194 1504 1195 1505 0 3 500 107
SAGROW 9411 1194 1503 1195 1505 0 4 500 110
SAGROW 9513 1195 1503 1195 1505 0 6 500 61
SAGROW 9637 1194 1503 1195 1505 0 2 500 39
SAGROW 9715 1195 1504 1195 1505 0 2 500 117
SAGROW 9837 1194 1505 1195 1505 0 4 500 76
SAGROW 9938 1199 1505 1195 1505 0 5 500 96
SAGROW 10023 1199 1504 1195 1505 0 6 500 113
SAGROW 10124 1198 1504 1195 1505 0 2 500 51
SAGROW 10231 1198 1505 1195 1505 0 3 500 74
SAGROW 10339 1197 1505 1195 1505 0 4 500 119
SAGROW 10414 1199 1505 1195 1505 0 5 500 110
SAGROW 10531 1197 1505 1195 1505 0 1 500 76
SAGROW 10629 1198 1505 1195 1505 0 2 500 92
SAGROW 10741 1194 1505 1195 1505 0 4 500 52
SAGROW 10835 1194 1506 1195 1505 0 5 500 69
SAGROW 10933 1194 1505 1195 1505 0 6 500 87
SAGROW 11043 1195 1505 1195 1505 0 1 500 97
SAGROW 11124 1196 1505 1195 1505 0 3 500 49
SAGROW 11259 1198 1505 1195 1505 0 4 500 101
SAGROW 11336 1198 1505 1195 1505 0 6 500 109
SAGROW 11444 1197 1505 1195 1505 0 1 500 57
SAGROW 11564 1196 1505 1195 1505 0 2 500 96
SAGROW 11665 1197 1505 1195 1505 0 4 500 50
SAGROW 11745 1198 1505 1195 1505 0 5 500 44
SAGROW 11827 1197 1505 1195 1505 0 6 500 128
SAGROW 11958 1195 1505 1195 1505 0 1 500 108
SAGROW 12041 1194 1505 1195 1505 0 3 500 113
SAGROW 12155 1193 1505 1195 1505 0 4 500 67
SAGROW 12261 1194 1505 1195 1505 0 5 500 101
SAGROW 12350 1194 1505 1195 1505 0 6 500 110
SAGROW 12449 1193 1505 1195 1505 0 2 500 61
SAGROW 12562 1193 1505 1195 1505 0 3 500 79
SAGROW 12660 1194 1505 1195 1505 0 5 500 39
SAGROW 12745 1197 1505 1195 1505 0 6 500 43
SAGROW 12844 1196 1505 1195 1505 0 1 500 62
SAGROW 12972 1197 1505 1195 1505 0 3 500 39
SAGROW 13052 1198 1505 1195 1505 0 4 500 118
SAGROW 13150 1197 1506 1195 1505 0 5 500 59
SAGROW 13265 1196 1506 1195 1505 0 6 500 94
SAGROW 13363 1197 1505 1195 1505 0 2 500 41
SAGROW 13450 1197 1505 1195 1505 0 3 500 41
SAGROW 13580 1197 1505 1195 1505 0 4 500 106
SAGROW 13669 1197 1505 1195 1505 0 6 500 116
SAGROW 13758 1196 1505 1195 1505 0 1 500 53
SAGROW 13877 1196 1505 1195 1505 0 2 500 80
SAGROW 13985 1197 1505 1195 1505 0 4 500 120
SAGROW 14066 1199 1505 1195 1505 0 5 500 51
SAGROW 14174 1198 1505 1195 1505 0 6 500 78
SAGROW 14288 1197 1505 1195 1505 0 1 500 108
SAGROW 14370 1196 1506 1195 1505 0 3 500 61
SAGROW 14471 1196 1505 1195 1505 0 4 500 65
SAGROW 14587 1194 1505 1195 1505 0 5 500 89
SAGROW 14683 1197 1505 1195 1505 0 1 500 126
SAGROW 14768 1197 1505 1195 1505 0 2 500 50
SAGROW 14888 1195 1505 1195 1505 0 3 500 84
SAGROW 14984 1196 1505 1195 1505 0 5 500 109
SAGROW 15066 1198 1504 1195 1505 0 6 500 116
SAGROW 15177 1200 1504 1195 1505 0 1 500 76
SAGROW 15291 1202 1504 1195 1505 0 3 500 112
SAGROW 15381 1204 1504 1195 1505 0 4 500 121
SAGROW 15476 1203 1505 1195 1505 0 5 500 65
SAGROW 15576 1202 1504 1195 1505 0 6 500 85
SAGROW 15700 1204 1505 1195 1505 0 2 500 109
SAGROW 15775 1204 1505 1195 1505 0 3 500 52
SAGROW 15896 1202 1505 1195 1505 0 4 500 95
SAGROW 15978 1204 1505 1195 1505 0 5 500 106
SAGROW 16087 1204 1506 1195 1505 0 1 500 53
SAGROW 16179 1203 1505 1195 1505 0 2 500 65
SAGROW 16299 1202 1505 1195 1505 0 4 500 108
SAGROW 16382 1202 1505 1195 1505 0 5 500 122
SAGROW 16486 1199 1505 1195 1505 0 6 500 62
SAGROW 16608 1199 1505 1195 1505 0 1 500 114
SAGROW 16699 1199 1504 1195 1505 0 3 500 43
SAGROW 16790 1198 1504 1195 1505 0 4 500 56
SAGROW 16882 1196 1504 1195 1505 0 5 500 77
SAGROW 16980 1194 1504 1195 1505 0 6 500 93
SAGROW 17085 1193 1504 1195 1505 0 2 500 90
SAGROW 17219 1193 1504 1195 1505 0 3 500 104
SAGROW 17312 1195 1504 1195 1505 0 5 500 43
SAGROW 17400 1194 1504 1195 1505 0 6 500 50
SAGROW 17520 1193 1505 1195 1505 0 1 500 93
SAGROW 17617 1191 1505 1195 1505 0 3 500 39
SAGROW 17697 1192 1505 1195 1505 0 4 500 118
SAGROW 17796 1194 1505 1195 1505 0 5 500 58
SAGROW 17901 1195 1505 1195 1505 0 6 500 82
SAGROW 18003 1195 1505 1195 1505 0 2 500 114
SAGROW 18106 1194 1505 1195 1505 0 3 500 137
SAGROW 18234 1195 1505 1195 1505 0 4 500 101
SAGROW 18308 1195 1504 1195 1505 0 5 500 108
SAGROW 18418 1195 1504 1195 1505 0 1 500 59
SAGROW 18523 1193 1504 1195 1505 0 2 500 95
SAGROW 18636 1193 1504 1195 1505 0 4 500 44
SAGROW 18711 1189 1504 1195 1505 0 5 500 50
SAGROW 18807 1190 1504 1195 1505 0 6 500 68
SAGROW 18934 1192 1504 1195 1505 0 2 500 111
SAGROW 19016 1191 1504 1195 1505 0 3 500 115
SAGROW 19119 1191 1505 1195 1505 0 4 500 68
SAGROW 19226 1192 1504 1195 1505 0 5 500 81
SAGROW 19312 1196 1504 1195 1505 0 6 500 81
SAGROW 19408 1196 1505 1195 1505 0 2 500 43
SAGROW 19521 1198 1505 1195 1505 0 3 500 68
SAGROW 19628 1197 1505 1195 1505 0 5 500 101
SAGROW 19710 1196 1505 1195 1505 0 6 500 115
SAGROW 19820 1196 1505 1195 1505 0 1 500 76
SAGROW 19933 1197 1505 1195 1505 0 2 500 107
SAGROW 20045 1198 1505 1195 1505 0 4 500 55
SAGROW 20114 1198 1505 1195 1505 0 5 500 58
SAGROW 20255 1199 1504 1195 1505 0 1 500 119
SAGROW 20329 1199 1504 1195 1505 0 2 500 113
SAGROW 20422 1200 1504 1195 1505 0 3 500 58
SAGROW 20536 1199 1504 1195 1505 0 4 500 90
SAGROW 20639 1199 1504 1195 1505 0 6 500 88
SAGROW 20727 1201 1504 1195 1505 0 1 500 121
SAGROW 20860 1201 1504 1195 1505 0 2 500 101
SAGROW 20957 1199 1504 1195 1505 0 4 500 120
SAGROW 21027 1199 1505 1195 1505 0 4 500 111
SAGROW 21152 1196 1505 1195 1505 0 6 500 82
SAGROW 21249 1196 1505 1195 1505 0 1 500 110
SAGROW 21333 1198 1505 1195 1505 0 2 500 114
SAGROW 21434 1197 1505 1195 1505 0 4 500 54
SAGROW 21526 1197 1505 1195 1505 0 5 500 76
SAGROW 21654 1196 1505 1195 1505 0 1 500 122
SAGROW 21733 1196 1505 1195 1505 0 2 500 41
SAGROW 21854 1194 1505 1195 1505 0 3 500 94
SAGROW 21960 1196 1505 1195 1505 0 5 500 118
SAGROW 22033 1196 1504 1195 1505 0 6 500 43
SAGROW 22150 1193 1505 1195 1505 0 1 500 77
SAGROW 22268 1194 1505 1195 1505 0 2 500 113
SAGROW 22347 1192 1505 1195 1505 0 4 500 108
SAGROW 22446 1190 1505 1195 1505 0 5 500 62
SAGROW 22574 1192 1505 1195 1505 0 1 500 123
SAGROW 22652 1193 1505 1195 1505 0 1 500 118
SAGROW 22746 1195 1505 1195 1505 0 3 500 52
SAGROW 22873 1194 1505 1195 1505 0 4 500 100
SAGROW 22961 1195 1505 1195 1505 0 6 500 115
SAGROW 23058 1194 1505 1195 1505 0 1 500 132
SAGROW 23179 1195 1505 1195 1505 0 2 500 94
SAGROW 23275 1196 1505 1195 1505 0 4 500 121
SAGROW 23357 1195 1505 1195 1505 0 5 500 49
SAGROW 23465 1196 1505 1195 1505 0 6 500 80
SAGROW 23580 1194 1505 1195 1505 0 1 500 109
SAGROW 23657 1194 1506 1195 1505 0 3 500 109
SAGROW 23763 1194 1505 1195 1505 0 4 500 68
SAGROW 23867 1195 1505 1195 1505 0 5 500 89
SAGROW 23979 1194 1505 1195 1505 0 1 500 48
SAGROW 24068 1194 1505 1195 1505 0 2 500 58
SAGROW 24189 1197 1505 1195 1505 0 3 500 90
SAGROW 24279 1197 1505 1195 1505 0 5 500 41
SAGROW 24370 1197 1504 1195 1505 0 6 500 48
SAGROW 24505 1197 1504 1195 1505 0 1 500 89
SAGROW 24580 1195 1504 1195 1505 0 2 500 100
SAGROW 24663 1195 1504 1195 1505 0 3 500 112
SAGROW 24758 1196 1504 1195 1505 0 5 500 57
SAGROW 24885 1196 1504 1195 1505 0 6 500 104
SAGROW 24980 1192 1504 1195 1505 0 1 500 118
SAGROW 25068 1191 1504 1195 1505 0 3 500 54
SAGROW 25195 1191 1504 1195 1505 0 4 500 105
SAGROW 25276 1192 1505 1195 1505 0 6 500 102
SAGROW 25378 1195 1505 1195 1505 0 1 500 52
SAGROW 25492 1194 1505 1195 1505 0 2 500 86
SAGROW 25609 1194 1505 1195 1505 0 4 500 102
SAGROW 25671 1197 1505 1195 1505 0 5 500 103
SAGROW 25792 1198 1505 1195 1505 0 6 500 75
SAGROW 25900 1199 1505 1195 1505 0 1 500 103
SAGROW 25991 1199 1505 1195 1505 0 3 500 42
SAGROW 26089 1200 1504 1195 1505 0 4 500 61
SAGROW 26203 1199 1504 1195 1505 0 5 500 106
SAGROW 26299 1199 1504 1195 1505 0 1 500 124
SAGROW 26376 1200 1505 1195 1505 0 2 500 117
SAGROW 26508 1195 1504 1195 1505 0 3 500 98
SAGROW 26603 1195 1505 1195 1505 0 5 500 117
SAGROW 26684 1194 1505 1195 1505 0 6 500 114
SAGROW 26785 1194 1505 1195 1505 0 1 500 65
SAGROW 26913 1193 1505 1195 1505 0 3 500 112
SAGROW 27007 1194 1505 1195 1505 0 4 500 48
SAGROW 27107 1195 1505 1195 1505 0 5 500 78
SAGROW 27220 1194 1504 1195 1505 0 6 500 107
SAGROW 27304 1195 1505 1195 1505 0 2 500 42
SAGROW 27395 1195 1504 1195 1505 0 3 500 55
SAGROW 27523 1196 1504 1195 1505 0 4 500 101
SAGROW 27606 1195 1504 1195 1505 0 6 500 115
SAGROW 27697 1195 1505 1195 1505 0 1 500 124
SAGROW 27796 1194 1505 1195 1505 0 2 500 62
SAGROW 27924 1194 1505 1195 1505 0 4 500 119
SAGROW 28010 1196 1505 1195 1505 0 5 500 47
SAGROW 28099 1195 1505 1195 1505 0 6 500 54
SAGROW 28226 1196 1505 1195 1505 0 1 500 112
SAGROW 28295 1196 1505 1195 1505 0 2 500 99
SAGROW 28408 1195 1505 1195 1505 0 4 500 55
SAGROW 28526 1196 1505 1195 1505 0 5 500 94
SAGROW 28626 1195 1504 1195 1505 0 1 500 49
SAGROW 28715 1194 1505 1195 1505 0 2 500 60
SAGROW 28815 1194 1505 1195 1505 0 3 500 79
SAGROW 28923 1194 1505 1195 1505 0 5 500 102
SAGROW 29012 1193 1505 1195 1505 0 6 500 43
SAGROW 29111 1193 1505 1195 1505 0 1 500 62
SAGROW 29229 1192 1505 1195 1505 0 2 500 93
SAGROW 29319 1193 1504 1195 1505 0 4 500 110
SAGROW 29418 1193 1504 1195 1505 0 5 500 58
SAGROW 29532 1193 1504 1195 1505 0 6 500 93
SAGROW 29631 1191 1504 1195 1505 0 2 500 40
SAGROW 29715 1190 1504 1195 1505 0 3 500 125
SAGROW 29842 1190 1504 1195 1505 0 4 500 95
SAGROW 29931 1191 1504 1195 1505 0 5 500 111
SAGROW 30032 1192 1505 1195 1505 0 1 500 60
SAGROW 30118 1195 1505 1195 1505 0 2 500 66
SAGROW 30237 1196 1505 1195 1505 0 3 500 106
SAGROW 30330 1198 1505 1195 1505 0 5 500 47
SAGROW 30424 1200 1506 1195 1505 0 6 500 60
SAGROW 30560 1201 1506 1195 1505 0 1 500 116
SAGROW 30639 1203 1506 1195 1505 0 3 500 43
SAGROW 30740 1202 1506 1195 1505 0 4 500 68
SAGROW 30846 1201 1505 1195 1505 0 5 500 79
SAGROW 30948 1199 1505 1195 1505 0 1 500 114
SAGROW 31042 1197 1505 1195 1505 0 2 500 58
SAGROW 31169 1195 1505 1195 1505 0 3 500 98
SAGROW 31250 1193 1505 1195 1505 0 4 500 106
SAGROW 31343 1194 1504 1195 1505 0 6 500 46
SAGROW 31439 1195 1505 1195 1505 0 1 500 71
SAGROW 31551 1196 1505 1195 1505 0 2 500 104
SAGROW 31660 1197 1505 1195 1505 0 4 500 132
SAGROW 31740 1195 1505 1195 1505 0 5 500 47
SAGROW 31837 1196 1505 1195 1505 0 6 500 79
SAGROW 31960 1197 1505 1195 1505 0 2 500 39
SAGROW 32043 1197 1505 1195 1505 0 3 500 122
SAGROW 32171 1199 1505 1195 1505 0 4 500 96
SAGROW 32266 1200 1505 1195 1505 0 6 500 37
SAGROW 32350 1201 1505 1195 1505 0 1 500 120
SAGROW 32442 1200 1505 1195 1505 0 2 500 61
SAGROW 32587 1203 1505 1195 1505 0 4 500 44
SAGROW 32650 1203 1505 1195 1505 0 4 500 110
SAGROW 32751 1203 1505 1195 1505 0 6 500 57
SAGROW 32869 1204 1505 1195 1505 0 1 500 96
SAGROW 32958 1203 1505 1195 1505 0 3 500 113
SAGROW 33047 1200 1505 1195 1505 0 4 500 124
SAGROW 33142 1199 1505 1195 1505 0 5 500 67
SAGROW 33268 1199 1505 1195 1505 0 6 500 114
SAGROW 33351 1197 1505 1195 1505 0 2 500 114
SAGROW 33476 1199 1505 1195 1505 0 3 500 90
SAGROW 33585 1199 1505 1195 1505 0 4 500 121
SAGROW 33681 1197 1505 1195 1505 0 6 500 39
SAGROW 33760 1196 1505 1195 1505 0 1 500 62
SAGROW 33855 1196 1505 1195 1505 0 2 500 77
SAGROW 33986 1196 1504 1195 1505 0 4 500 49
SAGROW 34061 1196 1505 1195 1505 0 5 500 52
SAGROW 34179 1198 1505 1195 1505 0 6 500 89
SAGROW 34283 1196 1504 1195 1505 0 2 500 89
SAGROW 34364 1195 1505 1195 1505 0 3 500 45
SAGROW 34499 1196 1504 1195 1505 0 4 500 99
SAGROW 34582 1196 1504 1195 1505 0 6 500 110
SAGROW 34664 1194 1504 1195 1505 0 6 500 114
SAGROW 34775 1193 1504 1195 1505 0 2 500 62
SAGROW 34881 1196 1504 1195 1505 0 3 500 97
SAGROW 34975 1194 1504 1195 1505 0 5 500 116
SAGROW 35067 1193 1504 1195 1505 0 6 500 44
SAGROW 35198 1194 1504 1195 1505 0 1 500 105
SAGROW 35294 1194 1504 1195 1505 0 3 500 39
SAGROW 35385 1195 1505 1195 1505 0 4 500 52
SAGROW 35479 1196 1504 1195 1505 0 5 500 74
SAGROW 35592 1195 1504 1195 1505 0 6 500 106
SAGROW 35680 1194 1504 1195 1505 0 2 500 114
SAGROW 35772 1194 1504 1195 1505 0 3 500 58
SAGROW 35912 1194 1504 1195 1505 0 4 500 104
SAGROW 35988 1194 1504 1195 1505 0 6 500 87
SAGROW 36091 1193 1504 1195 1505 0 1 500 62
SAGROW 36216 1192 1504 1195 1505 0 2 500 100
SAGROW 36285 1193 1504 1195 1505 0 3 500 90
SAGROW 36386 1193 1505 1195 1505 0 5 500 47
SAGROW 36484 1194 1505 1195 1505 0 6 500 65
SAGROW 36606 1193 1505 1195 1505 0 1 500 116
SAGROW 36699 1194 1505 1195 1505 0 3 500 45
SAGROW 36825 1194 1505 1195 1505 0 4 500 94
SAGROW 36893 1194 1505 1195 1505 0 5 500 79
SAGROW 36994 1195 1506 1195 1505 0 6 500 113
SAGROW 37096 1195 1506 1195 1505 0 2 500 56
SAGROW 37188 1197 1506 1195 1505 0 3 500 79
SAGROW 37308 1196 1505 1195 1505 0 4 500 114
SAGROW 37389 1198 1505 1195 1505 0 6 500 50
SAGROW 37500 1195 1505 1195 1505 0 1 500 77
SAGROW 37607 1196 1505 1195 1505 0 3 500 101
SAGROW 37714 1195 1504 1195 1505 0 4 500 65
SAGROW 37827 1193 1504 1195 1505 0 5 500 93
SAGROW 37909 1193 1504 1195 1505 0 6 500 95
SAGROW 38010 1192 1504 1195 1505 0 2 500 43
SAGROW 38102 1192 1504 1195 1505 0 3 500 56
SAGROW 38227 1192 1504 1195 1505 0 4 500 104
SAGROW 38310 1192 1504 1195 1505 0 6 500 118
SAGROW 38418 1192 1504 1195 1505 0 1 500 61
SAGROW 38531 1192 1504 1195 1505 0 2 500 94
SAGROW 38627 1194 1504 1195 1505 0 4 500 121
SAGROW 38712 1194 1504 1195 1505 0 5 500 44
SAGROW 38801 1193 1504 1195 1505 0 6 500 65
SAGROW 38937 1194 1504 1195 1505 0 1 500 116
SAGROW 39006 1194 1504 1195 1505 0 3 500 106
SAGROW 39116 1195 1504 1195 1505 0 4 500 69
SAGROW 39214 1196 1504 1195 1505 0 5 500 84
SAGROW 39322 1198 1504 1195 1505 0 1 500 98
SAGROW 39417 1196 1504 1195 1505 0 2 500 57
SAGROW 39531 1196 1504 1195 1505 0 3 500 92
SAGROW 39625 1197 1504 1195 1505 0 5 500 106
SAGROW 39720 1195 1504 1195 1505 0 6 500 48
SAGROW 39833 1194 1504 1195 1505 0 1 500 70
SAGROW 39935 1194 1504 1195 1505 0 3 500 113
SAGROW 40024 1194 1504 1195 1505 0 4 500 122
SAGROW 40119 1193 1504 1195 1505 0 5 500 68
SAGROW 40245 1195 1504 1195 1505 0 6 500 115
SAGROW 40332 1194 1504 1195 1505 0 2 500 38
SAGROW 40426 1194 1504 1195 1505 0 3 500 62
SAGROW 40562 1194 1504 1195 1505 0 4 500 121
SAGROW 40631 1195 1504 1195 1505 0 5 500 107
SAGROW 40731 1195 1505 1195 1505 0 1 500 56
SAGROW 40857 1193 1505 1195 1505 0 2 500 103
SAGROW 40964 1194 1505 1195 1505 0 4 500 50
SAGROW 41038 1193 1505 1195 1505 0 5 500 54
SAGROW 41158 1195 1505 1195 1505 0 6 500 92
SAGROW 41257 1196 1505 1195 1505 0 2 500 41
SAGROW 41337 1196 1505 1195 1505 0 3 500 41
SAGROW 41461 1197 1505 1195 1505 0 4 500 76
SAGROW 41557 1198 1505 1195 1505 0 5 500 109
SAGROW 41647 1201 1505 1195 1505 0 1 500 121
SAGROW 41748 1199 1505 1195 1505 0 2 500 54
SAGROW 41834 1199 1506 1195 1505 0 3 500 79
SAGROW 41939 1198 1506 1195 1505 0 4 500 99
SAGROW 42042 1198 1506 1195 1505 0 6 500 45
SAGROW 42171 1198 1506 1195 1505 0 1 500 102
SAGROW 42267 1199 1506 1195 1505 0 3 500 41
SAGROW 42353 1196 1506 1195 1505 0 4 500 127
SAGROW 42466 1196 1505 1195 1505 0 5 500 86
SAGROW 42579 1197 1505 1195 1505 0 1 500 48
SAGROW 42643 1197 1505 1195 1505 0 2 500 112
SAGROW 42744 1197 1505 1195 1505 0 3 500 52
SAGROW 42871 1196 1505 1195 1505 0 4 500 102
SAGROW 42954 1196 1505 1195 1505 0 6 500 112
SAGROW 43057 1195 1504 1195 1505 0 1 500 56
SAGROW 43173 1196 1504 1195 1505 0 2 500 92
SAGROW 43261 1195 1505 1195 1505 0 3 500 111
SAGROW 43357 1196 1505 1195 1505 0 5 500 54
SAGROW 43457 1197 1504 1195 1505 0 6 500 77
SAGROW 43577 1199 1504 1195 1505 0 2 500 115
SAGROW 43657 1200 1504 1195 1505 0 3 500 43
SAGROW 43798 1198 1504 1195 1505 0 4 500 108
SAGROW 43878 1199 1504 1195 1505 0 5 500 105
SAGROW 43979 1198 1504 1195 1505 0 1 500 55
SAGROW 44065 1198 1504 1195 1505 0 2 500 62
SAGROW 44185 1196 1504 1195 1505 0 3 500 100
SAGROW 44276 1196 1504 1195 1505 0 5 500 43
SAGROW 44356 1193 1504 1195 1505 0 6 500 41
SAGROW 44487 1192 1504 1195 1505 0 1 500 94
SAGROW 44580 1192 1505 1195 1505 0 3 500 115
SAGROW 44688 1192 1505 1195 1505 0 3 500 143
SAGROW 44759 1193 1505 1195 1505 0 5 500 46
SAGROW 44896 1193 1505 1195 1505 0 1 500 121
SAGROW 44974 1195 1505 1195 1505 0 2 500 116
SAGROW 45074 1196 1506 1195 1505 0 3 500 71
SAGROW 45201 1196 1506 1195 1505 0 5 500 115
SAGROW 45271 1198 1506 1195 1505 0 6 500 102
SAGROW 45385 1197 1506 1195 1505 0 1 500 61
SAGROW 45506 1198 1506 1195 1505 0 2 500 108
SAGROW 45574 1200 1506 1195 1505 0 3 500 90
SAGROW 45671 1201 1506 1195 1505 0 5 500 43
SAGROW 45792 1199 1506 1195 1505 0 6 500 82
SAGROW 45898 1197 1506 1195 1505 0 2 500 40
SAGROW 45976 1197 1506 1195 1505 0 3 500 119
SAGROW 46088 1194 1506 1195 1505 0 4 500 70
SAGROW 46194 1195 1505 1195 1505 0 5 500 100
SAGROW 46295 1191 1505 1195 1505 0 1 500 123
SAGROW 46393 1189 1505 1195 1505 0 2 500 63
SAGROW 46492 1189 1505 1195 1505 0 3 500 80
SAGROW 46594 1190 1505 1195 1505 0 5 500 113
SAGROW 46689 1191 1505 1195 1505 0 6 500 60
SAGROW 46825 1192 1505 1195 1505 0 1 500 113
SAGROW 46904 1193 1505 1195 1505 0 3 500 42
SAGROW 47008 1193 1506 1195 1505 0 4 500 67
SAGROW 47112 1195 1505 1195 1505 0 5 500 88
SAGROW 47224 1196 1505 1195 1505 0 1 500 50
SAGROW 47288 1194 1506 1195 1505 0 2 500 115
SAGROW 47390 1193 1505 1195 1505 0 3 500 55
SAGROW 47516 1192 1505 1195 1505 0 4 500 103
SAGROW 47606 1195 1505 1195 1505 0 6 500 40
SAGROW 47704 1195 1505 1195 1505 0 1 500 70
SAGROW 47817 1193 1505 1195 1505 0 2 500 105
SAGROW 47918 1192 1505 1195 1505 0 4 500 123
SAGROW 47999 1190 1505 1195 1505 0 5 500 54
SAGROW 48131 1193 1505 1195 1505 0 6 500 106
SAGROW 48219 1195 1505 1195 1505 0 2 500 114
SAGROW 48298 1195 1505 1195 1505 0 3 500 46
SAGROW 48427 1193 1505 1195 1505 0 4 500 92
SAGROW 48528 1194 1505 1195 1505 0 6 500 89
SAGROW 48615 1196 1505 1195 1505 0 1 500 120
SAGROW 48713 1197 1505 1195 1505 0 2 500 67
SAGROW 48833 1199 1505 1195 1505 0 4 500 107
SAGROW 48915 1198 1504 1195 1505 0 5 500 121
SAGROW 49019 1197 1505 1195 1505 0 6 500 63
SAGROW 49141 1197 1505 1195 1505 0 1 500 114
SAGROW 49233 1198 1505 1195 1505 0 3 500 43
SAGROW 49323 1197 1505 1195 1505 0 4 500 55
SAGROW 49415 1196 1505 1195 1505 0 5 500 80
SAGROW 49513 1195 1505 1195 1505 0 6 500 93
SAGROW 49630 1196 1505 1195 1505 0 2 500 102
SAGROW 49741 1197 1505 1195 1505 0 3 500 78
SAGROW 49838 1197 1505 1195 1505 0 5 500 39
SAGROW 49923 1195 1505 1195 1505 0 6 500 42
SAGROW 50023 1194 1505 1195 1505 0 1 500 62
SAGROW 50137 1194 1505 1195 1505 0 2 500 96
SAGROW 50235 1195 1505 1195 1505 0 4 500 123
SAGROW 50320 1194 1505 1195 1505 0 5 500 49
SAGROW 50447 1192 1505 1195 1505 0 6 500 97
SAGROW 50537 1192 1505 1195 1505 0 1 500 115
SAGROW 50617 1189 1504 1195 1505 0 2 500 116
SAGROW 50757 1191 1504 1195 1505 0 4 500 105
SAGROW 50845 1192 1504 1195 1505 0 5 500 115
SAGROW 50934 1193 1504 1195 1505 0 1 500 52
SAGROW 51055 1194 1504 1195 1505 0 2 500 80
SAGROW 51164 1196 1504 1195 1505 0 4 500 120
SAGROW 51234 1198 1505 1195 1505 0 4 500 109
SAGROW 51335 1197 1505 1195 1505 0 6 500 60
SAGROW 51461 1200 1505 1195 1505 0 2 500 41
SAGROW 51538 1199 1505 1195 1505 0 3 500 119
SAGROW 51646 1198 1504 1195 1505 0 4 500 63
SAGROW 51761 1198 1504 1195 1505 0 5 500 107
SAGROW 51844 1196 1504 1195 1505 0 6 500 112
SAGROW 51933 1195 1504 1195 1505 0 2 500 116
SAGROW 52065 1193 1503 1195 1505 0 3 500 99
SAGROW 52159 1193 1504 1195 1505 0 5 500 118
SAGROW 52263 1193 1504 1195 1505 0 6 500 42
SAGROW 52353 1193 1504 1195 1505 0 1 500 77
SAGROW 52472 1193 1504 1195 1505 0 3 500 112
SAGSLOW 1195 1503 1196 1505
SAGSLOW 1192 1504 1196 1505
SAGSLOW 1198 1504 1196 1505
SAGSLOW 1199 1505 1196 1505
SAGSLOW 1195 1505 1196 1505
SAGSLOW 1192 1505 1196 1505
SAGSLOW 1194 1505 1196 1505
SAGSLOW 1197 1504 1196 1505
SAGSLOW 1198 1504 1196 1505
SAGSLOW 1191 1504 1196 1505
SAGSLOW 1196 1504 1196 1505
SAGSLOW 1192 1505 1196 1505
SAGSLOW 1197 1504 1196 1505
SAGSLOW 1199 1504 1196 1505
SAGSLOW 1195 1504 1196 1505
SAGSLOW 1195 1504 1196 1505
SAGSLOW 1195 1505 1196 1505
SAGSLOW 1195 1505 1196 1505
SAGSLOW 1202 1506 1196 1505
SAGSLOW 1197 1505 1196 1505
SAGSLOW 1195 1505 1196 1505
SAGSLOW 1198 1504 1196 1505
SAGSLOW 1194 1504 1196 1505
SAGSLOW 1197 1505 1196 1505
SAGSLOW 1198 1504 1196 1505
SAGSLOW 1195 1504 1196 1505
SAGSLOW 1195 1504 1196 1505
SAGSLOW 1201 1505 1196 1505
SAGSLOW 1194 1504 1196 1505
SAGSLOW 1195 1504 1196 1505
SAGSLOW 1200 1504 1196 1505
SAGSLOW 1196 1504 1196 1505
SAGSLOW 1196 1504 1196 1505
SAGSLOW 1201 1504 1196 1505
SAGSLOW 1194 1506 1196 1505
SAGSLOW 1198 1505 1196 1505
SAGSLOW 1200 1504 1196 1505
SAGSLOW 1198 1505 1196 1505
SAGSLOW 1197 1505 1196 1505
SAGSLOW 1195 1505 1196 1505
SAGSLOW 1194 1505 1196 1505
SAGSLOW 1193 1504 1196 1505
SAGSLOW 1198 1504 1196 1505
SAGSLOW 1197 1505 1196 1505
SAGSLOW 1197 1504 1196 1505
SAGSLOW 1199 1504 1196 1505
SAGSLOW 1192 1504 1196 1505
SAGSLOW 1196 1505 1196 1505
SAGSLOW 1201 1504 1196 1505
SAGSLOW 1194 1504 1196 1505
SAGSLOW 1197 1504 1196 1505
SAGSLOW 1193 1505 1196 1505
SAGSLOW 1199 1506 1196 1505
SAGSLOW 1201 1505 1196 1505
SAGSLOW 1195 1506 1196 1505
SAGSLOW 1196 1504 1196 1505
SAGSLOW 1191 1504 1196 1505
SAGSLOW 1195 1505 1196 1505
SAGSLOW 1193 1504 1196 1505
SAGSLOW 1196 1505 1196 1505
SAGSLOW 1198 1505 1196 1505
SAGSLOW 1197 1505 1196 1505
SAGSLOW 1196 1505 1196 1505
SAGSLOW 1196 1505 1196 1505
SAGSLOW 1198 1503 1196 1505
SAGSLOW 1192 1505 1196 1505
SAGSLOW 1196 1504 1196 1505
SAGSLOW 1195 1505 1196 1505
SAGSLOW 1198 1505 1196 1505
SAGSLOW 1194 1505 1196 1505
SAGSLOW 1196 1504 1196 1505
SAGSLOW 1200 1504 1196 1505
SAGSLOW 1196 1503 1196 1505
SAGSLOW 1195 1504 1196 1505
SAGSLOW 1197 1506 1196 1505
SAGSLOW 1193 1504 1196 1505
SAGSLOW 1191 1504 1196 1505
SAGSLOW 1186 1505 1196 1505
SAGSLOW 1203 1505 1196 1505
SAGSLOW 1193 1505 1196 1505
SAGSLOW 1193 1505 1196 1505
SAGSLOW 1194 1505 1196 1505
SAGSLOW 1196 1505 1196 1505
SAGSLOW 1195 1504 1196 1505
SAGSLOW 1193 1505 1196 1505
SAGSLOW 1194 1505 1196 1505
SAGSLOW 1198 1505 1196 1505
SAGSLOW 1199 1505 1196 1505
SAGSLOW 1199 1503 1196 1505
SAGSLOW 1196 1505 1196 1505
SAGSLOW 1195 1504 1196 1505
SAGSLOW 1195 1505 1196 1505
SAGSLOW 1199 1505 1196 1505
SAGSLOW 1194 1504 1196 1505
SAGSLOW 1198 1504 1196 1505
SAGSLOW 1195 1504 1196 1505
SAGSLOW 1195 1505 1196 1505
SAGSLOW 1194 1505 1196 1505
SAGSLOW 1191 1504 1196 1505
SAGSLOW 1193 1505 1196 1505
SAGSLOW 1195 1505 1196 1505
SAGSLOW 1193 1505 1196 1505
SAGSLOW 1191 1504 1196 1505
SAGSLOW 1191 1504 1196 1505
SAGSLOW 1196 1505 1196 1505
SAGSLOW 1193 1505 1196 1505
SAGSLOW 1196 1504 1196 1505
SAGSLOW 1195 1505 1195 1505
SAGSLOW 1194 1504 1195 1505
SAGSLOW 1198 1504 1195 1505
SAGSLOW 1194 1504 1195 1505
SAGSLOW 1196 1505 1195 1505
SAGSLOW 1199 1503 1195 1505
SAGSLOW 1195 1504 1195 1505
SAGSLOW 1192 1504 1195 1505
SAGSLOW 1192 1505 1195 1505
SAGSLOW 1197 1504 1195 1505
SAGSLOW 1194 1504 1195 1505
SAGSLOW 1197 1504 1195 1505
SAGSLOW 1188 1505 1195 1505
SAGSLOW 1194 1504 1195 1505
SAGSLOW 1194 1504 1195 1505
SAGSLOW 1195 1505 1195 1505
SAGSLOW 1195 1506 1195 1505
SAGSLOW 1194 1504 1195 1505
SAGSLOW 1197 1505 1195 1505
SAGSLOW 1201 1505 1195 1505
SAGSLOW 1194 1504 1195 1505
SAGSLOW 1198 1505 1195 1505
SAGSLOW 1196 1504 1195 1505
SAGSLOW 1193 1503 1195 1505
SAGSLOW 1199 1505 1195 1505
SAGSLOW 1199 1505 1195 1505
SAGSLOW 1192 1504 1195 1505
SAGSLOW 1199 1505 1195 1505
SAGSLOW 1201 1504 1195 1505
SAGSLOW 1193 1505 1195 1505
SAGSLOW 1193 1506 1195 1505
SAGSLOW 1193 1504 1195 1505
SAGSLOW 1196 1505 1195 1505
SAGSLOW 1197 1505 1195 1505
SAGSLOW 1194 1505 1195 1505
SAGSLOW 1196 1505 1195 1505
SAGSLOW 1194 1504 1195 1505
SAGSLOW 1194 1506 1195 1505
SAGSLOW 1195 1504 1195 1505
SAGSLOW 1196 1504 1195 1505
SAGSLOW 1194 1505 1195 1505
SAGSLOW 1198 1505 1195 1505
SAGSLOW 1194 1505 1195 1505
SAGSLOW 1194 1506 1195 1505
SAGSLOW 1194 1505 1195 1505
SAGSLOW 1199 1505 1195 1505
SAGSLOW 1196 1505 1195 1505
SAGSLOW 1196 1505 1195 1505
SAGSLOW 1192 1505 1195 1505
SAGSLOW 1195 1505 1195 1505
SAGSLOW 1192 1505 1195 1505
SAGSLOW 1193 1505 1195 1505
SAGSLOW 1192 1505 1195 1505
SAGSLOW 1197 1505 1195 1505
SAGSLOW 1197 1505 1195 1505
SAGSLOW 1196 1505 1195 1505
SAGSLOW 1194 1505 1195 1505
SAGSLOW 1199 1504 1195 1505
SAGSLOW 1202 1504 1195 1505
SAGSLOW 1194 1505 1195 1505
SAGSLOW 1193 1505 1195 1505
SAGSLOW 1198 1504 1195 1505
SAGSLOW 1194 1505 1195 1505
SAGSLOW 1193 1505 1195 1505
SAGSLOW 1191 1504 1195 1505
SAGSLOW 1197 1505 1195 1505
SAGSLOW 1199 1504 1195 1505
SAGSLOW 1199 1505 1195 1505
SAGSLOW 1196 1504 1195 1505
SAGSLOW 1192 1504 1195 1505
SAGSLOW 1194 1503 1195 1505
SAGSLOW 1195 1505 1195 1505
SAGSLOW 1198 1504 1195 1505
SAGSLOW 1198 1504 1195 1505
SAGSLOW 1194 1504 1195 1505
SAGSLOW 1192 1504 1195 1505
SAGSLOW 1198 1505 1195 1505
SAGSLOW 1192 1505 1195 1505
SAGSLOW 1197 1505 1195 1505
SAGSLOW 1197 1505 1195 1505
SAGSLOW 1192 1505 1195 1505
SAGSLOW 1195 1504 1195 1505
SAGSLOW 1195 1504 1195 1505
SAGSLOW 1196 1505 1195 1505
SAGSLOW 1197 1505 1195 1505
SAGSLOW 1192 1504 1195 1505
SAGSLOW 1202 1505 1195 1505
SAGSLOW 1199 1505 1195 1505
SAGSLOW 1195 1505 1195 1505
SAGSLOW 1197 1505 1195 1505
SAGSLOW 1197 1504 1195 1505
SAGSLOW 1198 1505 1195 1505
SAGSLOW 1198 1504 1195 1505
SAGSLOW 1193 1504 1195 1505
SAGSLOW 1193 1505 1195 1505
SAGSLOW 1187 1505 1195 1505
SAGSLOW 1204 1505 1195 1505
SAGSLOW 1193 1505 1195 1505
SAGSLOW 1195 1505 1195 1505
SAGSLOW 1196 1506 1195 1505
SAGSLOW 1194 1505 1195 1505
SAGSLOW 1194 1505 1195 1505
SAGSLOW 1191 1504 1195 1505
SAGSLOW 1200 1504 1195 1505
SAGSLOW 1192 1505 1195 1505
SAGSLOW 1199 1505 1195 1505
SAGSLOW 1193 1506 1195 1505
SAGSLOW 1195 1505 1195 1505
SAGSLOW 1195 1504 1195 1505
SAGSLOW 1193 1505 1195 1505
SAGSLOW 1195 1505 1195 1505
SAGSLOW 1189 1505 1195 1505
SAGSLOW 1197 1505 1195 1505
SAGSLOW 1200 1505 1195 1505
SAGSLOW 1197 1504 1195 1505
SAGSLOW 1194 1506 1195 1505
SAGSLOW 1198 1505 1195 1505
SAGSLOW 1193 1504 1195 1505
SAGSLOW 1195 1504 1195 1505
SAGSLOW 1194 1505 1195 1505
SAGSLOW 1192 1504 1195 1505
SAGSLOW 1197 1505 1195 1505
SAGSLOW 1191 1504 1195 1505
SAGSLOW 1190 1504 1195 1505
SAGSLOW 1194 1506 1195 1505
SAGSLOW 1198 1505 1195 1505
SAGSLOW 1194 1503 1195 1505
SAGSLOW 1196 1505 1195 1505
SAGSLOW 1192 1504 1195 1505
SAGSLOW 1193 1504 1195 1505
SAGSLOW 1203 1505 1195 1505
SAGSLOW 1197 1504 1195 1505
SAGSLOW 1196 1505 1195 1505
SAGSLOW 1195 1503 1195 1505
SAGSLOW 1195 1504 1195 1505
SAGSLOW 1195 1505 1195 1505
SAGSLOW 1192 1505 1195 1505
SAGSLOW 1188 1504 1195 1505
SAGSLOW 1195 1505 1195 1505
SAGSLOW 1193 1504 1195 1505
SAGSLOW 1192 1505 1195 1505
SAGSLOW 1194 1504 1195 1505
SAGSLOW 1195 1503 1195 1505
SAGSLOW 1195 1505 1195 1505
SAGSLOW 1197 1504 1195 1505
SAGSLOW 1194 1505 1195 1505
SAGSLOW 1196 1504 1195 1505
SAGSLOW 1199 1505 1195 1505
SAGSLOW 1194 1504 1195 1505
SAGSLOW 1194 1504 1195 1505
SAGSLOW 1192 1505 1195 1505
SAGSLOW 1195 1505 1195 1505
SAGSLOW 1194 1505 1195 1505
SAGSLOW 1195 1504 1195 1505
SAGSLOW 1193 1505 1195 1505
SAGSLOW 1192 1504 1195 1505
SAGSLOW 1195 1505 1195 1505
SAGSLOW 1193 1505 1195 1505
SAGSLOW 1196 1505 1195 1505
SAGSLOW 1193 1505 1195 1505
SAGSLOW 1195 1504 1195 1505
SAGSLOW 1194 1505 1195 1505
SAGSLOW 1190 1504 1195 1505
SAGSLOW 1195 1505 1195 1505
SAGSLOW 1193 1505 1195 1505
SAGSLOW 1198 1504 1195 1505
SAGSLOW 1195 1504 1195 1505
SAGSLOW 1192 1504 1195 1505
SAGSLOW 1192 1504 1195 1505
SAGSLOW 1194 1503 1195 1504
SAGSLOW 1198 1504 1195 1504
SAGSLOW 1197 1506 1195 1504
SAGSLOW 1198 1504 1195 1504
SAGSLOW 1196 1504 1195 1504
SAGSLOW 1194 1505 1195 1504
SAGSLOW 1196 1505 1195 1504
SAGSLOW 1192 1504 1195 1504
SAGSLOW 1188 1504 1195 1504
SAGSLOW 1196 1505 1195 1504
SAGSLOW 1202 1504 1195 1504
SAGSLOW 1191 1505 1195 1504
SAGSLOW 1194 1504 1195 1504
SAGSLOW 1191 1505 1195 1504
SAGSLOW 1193 1505 1195 1504
SAGSLOW 1195 1504 1195 1504
SAGSLOW 1197 1505 1195 1504
SAGSLOW 1193 1504 1195 1504
SAGSLOW 1194 1504 1195 1504
SAGSLOW 1194 1505 1195 1504
SAGSLOW 1195 1505 1195 1504
SAGSLOW 1193 1504 1195 1504
SAGSLOW 1198 1504 1195 1504
SAGSLOW 1190 1504 1195 1504
SAGSLOW 1193 1503 1195 1504
SAGSLOW 1191 1504 1195 1504
SAGSLOW 1196 1504 1195 1504
SAGSLOW 1196 1503 1195 1504
SAGSLOW 1193 1505 1195 1504
SAGSLOW 1198 1504 1195 1504
SAGSLOW 1200 1504 1195 1504
SAGSLOW 1190 1504 1195 1504
SAGSLOW 1195 1505 1195 1504
SAGSLOW 1194 1505 1195 1504
SAGSLOW 1195 1505 1195 1504
SAGSLOW 1196 1505 1195 1504
SAGSLOW 1199 1504 1195 1504
SAGSLOW 1197 1504 1195 1504
SAGSLOW 1197 1505 1195 1504
SAGSLOW 1195 1504 1195 1504
SAGSLOW 1193 1503 1195 1504
SAGSLOW 1192 1504 1195 1504
SAGSLOW 1198 1504 1195 1504
SAGSLOW 1197 1505 1195 1504
SAGSLOW 1198 1504 1195 1504
SAGSLOW 1195 1504 1195 1504
SAGSLOW 1192 1505 1195 1504
SAGSLOW 1195 1505 1195 1504
SAGSLOW 1195 1504 1195 1504
SAGSLOW 1193 1505 1195 1504
SAGSLOW 1192 1504 1195 1504
SAGSLOW 1185 1504 1195 1504
SAGSLOW 1194 1504 1195 1504
SAGSLOW 1198 1505 1195 1504
SAGSLOW 1195 1505 1195 1504
SAGSLOW 1195 1505 1195 1504
SAGSLOW 1191 1504 1195 1504
SAGSLOW 1194 1503 1195 1504
SAGSLOW 1195 1505 1195 1504
SAGSLOW 1194 1505 1195 1504
SAGSLOW 1197 1505 1195 1504
SAGSLOW 1192 1506 1195 1504
SAGSLOW 1194 1505 1195 1504
SAGSLOW 1199 1505 1195 1504
SAGSLOW 1198 1505 1195 1504
SAGSLOW 1196 1504 1195 1504
SAGSLOW 1196 1505 1195 1504
SAGSLOW 1200 1505 1195 1504
SAGSLOW 1199 1505 1195 1504
SAGSLOW 1191 1504 1195 1504
SAGSLOW 1194 1504 1195 1504
SAGSLOW 1194 1505 1195 1504
SAGSLOW 1197 1505 1195 1505
SAGSLOW 1194 1505 1195 1504
SAGSLOW 1204 1504 1195 1505
SAGSLOW 1194 1505 1195 1504
SAGSLOW 1188 1504 1195 1504
SAGSLOW 1197 1505 1195 1504
SAGSLOW 1199 1504 1195 1504
SAGSLOW 1191 1504 1195 1504
SAGSLOW 1191 1505 1195 1504
SAGSLOW 1196 1504 1195 1504
SAGSLOW 1199 1504 1195 1504
SAGSLOW 1199 1506 1195 1504
SAGSLOW 1193 1505 1195 1504
SAGSLOW 1200 1505 1195 1504
SAGSLOW 1194 1505 1195 1504
SAGSLOW 1198 1504 1195 1504
SAGSLOW 1197 1503 1195 1504
SAGSLOW 1192 1504 1195 1504
SAGSLOW 1199 1505 1195 1504
SAGSLOW 1192 1503 1195 1504
SAGSLOW 1197 1504 1195 1504
SAGSLOW 1193 1504 1195 1504
SAGSLOW 1197 1505 1195 1504
SAGSLOW 1199 1505 1195 1504
SAGSLOW 1197 1505 1195 1504
SAGSLOW 1195 1505 1195 1504
SAGSLOW 1198 1505 1195 1504
SAGSLOW 1196 1504 1195 1504
SAGSLOW 1194 1503 1195 1504
SAGSLOW 1194 1506 1195 1504
SAGSLOW 1196 1504 1195 1504
SAGSLOW 1200 1505 1195 1504
SAGSLOW 1195 1504 1195 1504
SAGSLOW 1195 1505 1195 1504
SAGSLOW 1195 1505 1195 1504
SAGSLOW 1195 1505 1195 1504
SAGSLOW 1194 1505 1195 1504
SAGSLOW 1196 1504 1195 1505
SAGSLOW 1198 1504 1195 1505
SAGSLOW 1194 1505 1195 1505
SAGSLOW 1200 1506 1195 1505
SAGSLOW 1192 1505 1195 1505
SAGSLOW 1192 1505 1195 1505
SAGSLOW 1193 1505 1195 1505
SAGSLOW 1194 1505 1195 1505
SAGSLOW 1191 1503 1195 1505
SAGSLOW 1197 1506 1195 1505
SAGSLOW 1193 1504 1195 1505
SAGSLOW 1192 1505 1195 1505
SAGSLOW 1196 1504 1195 1505
SAGSLOW 1191 1505 1195 1505
SAGSLOW 1195 1504 1195 1505
SAGSLOW 1195 1504 1195 1505
SAGSLOW 1194 1504 1195 1505
SAGSLOW 1199 1505 1195 1505
SAGSLOW 1194 1504 1195 1505
SAGSLOW 1200 1505 1195 1505
SAGSLOW 1195 1505 1195 1505
SAGSLOW 1197 1505 1195 1505
SAGSLOW 1190 1504 1195 1505
SAGSLOW 1198 1504 1195 1505
SAGSLOW 1192 1505 1195 1505
SAGSLOW 1196 1503 1195 1505
SAGSLOW 1194 1505 1195 1505
SAGSLOW 1194 1505 1195 1505
SAGSLOW 1195 1504 1195 1505
SAGSLOW 1194 1505 1195 1505
SAGSLOW 1193 1504 1195 1505
SAGSLOW 1194 1504 1195 1505
SAGSLOW 1196 1505 1195 1505
SAGSLOW 1192 1505 1195 1505
SAGSLOW 1199 1505 1195 1505
SAGSLOW 1193 1505 1195 1505
SAGSLOW 1195 1504 1195 1505
SAGSLOW 1200 1503 1195 1505
SAGSLOW 1198 1505 1195 1505
SAGSLOW 1197 1504 1195 1505
SAGSLOW 1193 1504 1195 1505
SAGSLOW 1191 1504 1195 1505
SAGSLOW 1188 1505 1195 1504
SAGSLOW 1193 1504 1195 1504
SAGSLOW 1196 1504 1195 1504
SAGSLOW 1195 1505 1195 1504
SAGSLOW 1201 1505 1195 1504
SAGSLOW 1192 1504 1195 1504
SAGSLOW 1197 1505 1195 1504
SAGSLOW 1193 1505 1195 1504
SAGSLOW 1194 1505 1195 1504
SAGSLOW 1202 1504 1195 1504
SAGSLOW 1193 1504 1195 1504
SAGSLOW 1193 1505 1195 1504
SAGSLOW 1194 1504 1195 1504
SAGSLOW 1195 1505 1195 1504
SAGSLOW 1195 1504 1195 1504
SAGSLOW 1196 1505 1195 1504
SAGSLOW 1193 1504 1195 1504
SAGSLOW 1191 1504 1195 1504
SAGSLOW 1191 1504 1195 1504
SAGSLOW 1199 1505 1195 1504
SAGSLOW 1193 1505 1195 1504
SAGSLOW 1194 1504 1195 1504
SAGSLOW 1196 1504 1195 1504
SAGSLOW 1201 1504 1195 1504
SAGSLOW 1194 1504 1195 1504
SAGSLOW 1190 1505 1195 1504
SAGSLOW 1194 1506 1195 1504
SAGSLOW 1195 1505 1195 1504
SAGSLOW 1199 1504 1195 1504
SAGSLOW 1194 1504 1195 1504
SAGSLOW 1193 1504 1195 1504
SAGSLOW 1196 1504 1195 1504
SAGSLOW 1197 1504 1195 1504
SAGSLOW 1199 1504 1195 1504
SAGSLOW 1197 1503 1195 1504
SAGSLOW 1192 1504 1195 1504
SAGSLOW 1196 1504 1195 1504
SAGSLOW 1193 1504 1195 1504
SAGSLOW 1194 1504 1195 1504
SAGSLOW 1193 1503 1195 1504
SAGSLOW 1194 1504 1195 1504
SAGSLOW 1195 1505 1195 1504
SAGSLOW 1197 1505 1195 1504
SAGSLOW 1194 1503 1195 1504
SAGSLOW 1192 1504 1195 1504
SAGSLOW 1196 1506 1195 1504
SAGSLOW 1192 1505 1195 1504
SAGSLOW 1197 1504 1195 1504
SAGSLOW 1199 1505 1195 1504
SAGSLOW 1191 1505 1195 1504
SAGSLOW 1197 1504 1195 1504
SAGSLOW 1193 1505 1195 1504
SAGSLOW 1191 1505 1195 1504
SAGSLOW 1193 1504 1195 1504
SAGSLOW 1194 1505 1195 1504
SAGSLOW 1199 1504 1195 1504
SAGSLOW 1197 1505 1195 1504
SAGSLOW 1195 1504 1195 1504
SAGSLOW 1192 1504 1195 1504
SAGSLOW 1199 1504 1195 1504
SAGSLOW 1194 1505 1195 1504
SAGSLOW 1192 1505 1195 1504
SAGSLOW 1197 1505 1195 1504
SAGSLOW 1187 1504 1195 1504
SAGSLOW 1196 1505 1195 1505
SAGSLOW 1197 1504 1195 1505
SAGSLOW 1196 1505 1195 1505
SAGSLOW 1194 1505 1195 1505
SAGSLOW 1192 1505 1195 1505
SAGSLOW 1201 1505 1195 1505
SAGSLOW 1195 1505 1195 1505
SAGSLOW 1195 1505 1195 1505
SAGSLOW 1196 1506 1195 1505
SAGSLOW 1195 1505 1195 1505
SAGSLOW 1192 1505 1195 1505
SAGSLOW 1193 1504 1195 1505
SAGSLOW 1199 1504 1195 1505
SAGSLOW 1197 1504 1195 1505
SAGSLOW 1194 1504 1195 1505
SAGSLOW 1192 1506 1195 1505
SAGSLOW 1197 1505 1195 1505
SAGSLOW 1197 1504 1195 1505
SAGSLOW 1197 1505 1195 1505
SAGSLOW 1196 1505 1195 1505
SAGSLOW 1196 1504 1195 1505
SAGSLOW 1197 1504 1195 1505
SAGSLOW 1195 1505 1195 1505
SAGSLOW 1197 1505 1195 1505
SAGSLOW 1200 1505 1195 1505
SAGSLOW 1191 1504 1195 1505
SAGSLOW 1197 1504 1195 1505
SAGSLOW 1195 1504 1195 1505
SAGSLOW 1194 1505 1195 1505
SAGSLOW 1199 1505 1195 1505
SAGSLOW 1199 1504 1195 1505
SAGSLOW 1198 1505 1195 1505
SAGSLOW 1198 1503 1195 1505
SAGSLOW 1192 1504 1195 1505
SAGSLOW 1195 1505 1195 1505
SAGSLOW 1196 1505 1195 1505
SAGSLOW 1196 1505 1195 1505
SAGSLOW 1200 1505 1195 1505
SAGSLOW 1197 1503 1195 1504
SAGSLOW 1199 1504 1195 1504
SAGSLOW 1192 1504 1195 1504
SAGSLOW 1193 1504 1195 1504
SAGSLOW 1194 1505 1195 1504
SAGSLOW 1201 1504 1195 1504
SAGSLOW 1201 1506 1195 1504
SAGSLOW 1196 1505 1195 1504
SAGSLOW 1191 1503 1195 1504
SAGSLOW 1196 1504 1195 1504
SAGSLOW 1199 1504 1195 1504
SAGSLOW 1192 1505 1195 1504
SAGSLOW 1204 1504 1195 1504
SAGSLOW 1189 1504 1195 1504
SAGSLOW 1193 1505 1195 1504
SAGSLOW 1196 1504 1195 1504
SAGSLOW 1198 1503 1195 1504
SAGSLOW 1195 1505 1195 1504
SAGSLOW 1194 1504 1195 1504
SAGSLOW 1195 1505 1195 1504
SAGSLOW 1196 1504 1195 1504
SAGSLOW 1196 1504 1195 1504
SAGSLOW 1193 1505 1195 1504
SAGSLOW 1184 1504 1195 1504
SAGSLOW 1193 1504 1195 1504
SAGSLOW 1194 1504 1195 1504
SAGSLOW 1196 1504 1195 1504
SAGSLOW 1190 1505 1195 1504
SAGSLOW 1194 1505 1195 1504
SAGSLOW 1191 1504 1195 1504
SAGSLOW 1194 1504 1195 1504
SAGSLOW 1194 1504 1195 1504
SAGSLOW 1196 1505 1195 1504
SAGSLOW 1195 1504 1195 1504
SAGSLOW 1192 1505 1195 1504
SAGSLOW 1193 1504 1195 1504
SAGSLOW 1197 1505 1195 1504
SAGSLOW 1200 1505 1195 1504
SAGSLOW 1197 1506 1195 1504
SAGSLOW 1196 1505 1195 1504
SAGSLOW 1194 1505 1195 1504
SAGSLOW 1196 1505 1195 1504
SAGSLOW 1193 1503 1195 1504
SAGSLOW 1198 1505 1195 1504
SAGSLOW 1194 1505 1195 1505
SAGSLOW 1197 1505 1195 1505
SAGSLOW 1198 1504 1195 1505
SAGSLOW 1196 1504 1195 1504
SAGSLOW 1192 1504 1195 1504
SAGSLOW 1195 1505 1195 1504
SAGSLOW 1187 1504 1195 1504
SAGSLOW 1199 1506 1195 1505
SAGSLOW 1194 1504 1195 1505
SAGSLOW 1194 1505 1195 1505
SAGSLOW 1193 1505 1195 1505
SAGSLOW 1195 1504 1195 1505
SAGSLOW 1193 1505 1195 1505
SAGSLOW 1194 1504 1195 1505
SAGSLOW 1196 1504 1195 1505
SAGSLOW 1195 1505 1195 1505
SAGSLOW 1192 1505 1195 1505
SAGSLOW 1195 1504 1195 1505
SAGSLOW 1194 1505 1195 1505
SAGSLOW 1194 1504 1195 1505
SAGSLOW 1199 1505 1195 1505
SAGSLOW 1190 1504 1195 1505
SAGSLOW 1194 1504 1195 1505
SAGSLOW 1199 1505 1195 1505
SAGSLOW 1199 1504 1195 1505
SAGSLOW 1194 1505 1195 1505
SAGSLOW 1197 1504 1195 1505
SAGSLOW 1194 1504 1195 1505
SAGSLOW 1194 1505 1195 1505
SAGSLOW 1192 1503 1195 1505
SAGSLOW 1197 1504 1195 1504
SAGSLOW 1197 1504 1195 1504
SAGSLOW 1196 1504 1195 1504
SAGSLOW 1193 1504 1195 1504
SAGSLOW 1195 1504 1195 1504
SAGSLOW 1193 1504 1195 1504
SAGSLOW 1193 1505 1195 1504
SAGSLOW 1194 1506 1195 1504
SAGSLOW 1195 1505 1195 1505
SAGSLOW 1197 1505 1195 1505
SAGSLOW 1191 1506 1195 1505
SAGSLOW 1195 1505 1195 1505
SAGSLOW 1196 1504 1195 1505
SAGSLOW 1196 1504 1195 1505
SAGSLOW 1194 1504 1195 1505
SAGSLOW 1199 1504 1195 1505
SAGSLOW 1193 1504 1195 1505
SAGSLOW 1196 1505 1195 1505
SAGSLOW 1197 1504 1195 1505
SAGSLOW 1196 1505 1195 1505
SAGSLOW 1194 1504 1195 1505
SAGSLOW 1193 1504 1195 1505
SAGSLOW 1191 1505 1195 1505
SAGSLOW 1195 1505 1195 1505
SAGSLOW 1195 1505 1195 1505
SAGSLOW 1200 1504 1195 1504
SAGSLOW 1193 1504 1195 1504
SAGSLOW 1194 1504 1195 1504
SAGSLOW 1195 1505 1195 1504
SAGSLOW 1193 1504 1195 1504
SAGSLOW 1192 1504 1195 1504
SAGSLOW 1197 1505 1195 1504
SAGSLOW 1198 1504 1195 1504
SAGSLOW 1200 1505 1195 1504
SAGSLOW 1198 1504 1195 1504
SAGSLOW 1195 1504 1195 1504
SAGSLOW 1194 1506 1195 1504
SAGSLOW 1195 1505 1195 1504
SAGSLOW 1194 1505 1195 1504
SAGSLOW 1195 1504 1195 1504
SAGSLOW 1193 1504 1195 1504
SAGSLOW 1195 1504 1195 1504
SAGSLOW 1195 1503 1195 1504
SAGSLOW 1195 1505 1195 1504
SAGSLOW 1194 1503 1195 1504
SAGSLOW 1198 1505 1195 1504
SAGSLOW 1194 1504 1195 1504
SAGSLOW 1196 1505 1195 1504
SAGSLOW 1192 1505 1195 1504
SAGSLOW 1198 1504 1195 1504
SAGSLOW 1195 1505 1195 1504
SAGSLOW 1197 1504 1195 1504
SAGSLOW 1197 1505 1195 1504
SAGSLOW 1198 1505 1195 1504
SAGSLOW 1197 1504 1195 1504
SAGSLOW 1198 1505 1195 1504
SAGSLOW 1196 1504 1195 1504
SAGSLOW 1192 1504 1195 1504
SAGSLOW 1198 1504 1195 1504
SAGSLOW 1195 1506 1195 1504
SAGSLOW 1197 1504 1195 1504
SAGSLOW 1193 1504 1195 1504
SAGSLOW 1196 1505 1195 1504
SAGSLOW 1203 1504 1195 1504
SAGSLOW 1191 1504 1195 1504
SAGSLOW 1197 1504 1195 1504
SAGSLOW 1196 1505 1195 1504
SAGSLOW 1195 1504 1195 1505
SAGSLOW 1195 1504 1195 1505
SAGSLOW 1193 1505 1195 1504
SAGSLOW 1199 1505 1195 1505
SAGSLOW 1193 1505 1195 1505
SAGSLOW 1194 1505 1195 1505
SAGSLOW 1190 1504 1195 1505
SAGSLOW 1194 1505 1195 1505
SAGSLOW 1193 1505 1195 1505
SAGSLOW 1195 1504 1195 1505
SAGSLOW 1196 1505 1195 1505
SAGSLOW 1195 1505 1195 1505
SAGSLOW 1199 1505 1195 1505
SAGSLOW 1195 1506 1195 1505
SAGSLOW 1195 1504 1195 1505
SAGSLOW 1196 1503 1195 1505
SAGSLOW 1196 1505 1195 1505
SAGSLOW 1196 1506 1195 1505
SAGSLOW 1193 1504 1195 1505
SAGSLOW 1192 1505 1195 1505
SAGSLOW 1197 1506 1195 1505
SAGSLOW 1198 1504 1195 1505
SAGSLOW 1198 1505 1195 1505
SAGSLOW 1192 1504 1195 1505
SAGSLOW 1195 1504 1195 1505
SAGSLOW 1190 1505 1195 1505
SAGSLOW 1197 1504 1195 1505
SAGSLOW 1198 1505 1195 1505
SAGSLOW 1195 1504 1195 1505
SAGSLOW 1198 1505 1195 1505
SAGSLOW 1198 1504 1195 1505
SAGSLOW 1194 1504 1195 1505
SAGSLOW 1198 1505 1195 1505
SAGSLOW 1194 1504 1195 1505
SAGSLOW 1195 1504 1195 1505
SAGSLOW 1198 1505 1195 1505
SAGSLOW 1198 1504 1195 1505
SAGSLOW 1191 1504 1195 1505
SAGSLOW 1200 1504 1195 1505
SAGSLOW 1197 1504 1195 1505
SAGSLOW 1195 1505 1195 1505
SAGSLOW 1191 1505 1195 1505
SAGSLOW 1192 1504 1195 1505
SAGSLOW 1193 1505 1195 1505
SAGSLOW 1196 1505 1195 1505
SAGSLOW 1194 1504 1195 1505
SAGSLOW 1194 1505 1195 1505
SAGSLOW 1201 1504 1195 1505
SAGSLOW 1200 1504 1195 1505
SAGSLOW 1193 1505 1195 1505
SAGSLOW 1195 1505 1195 1505
SAGSLOW 1196 1506 1195 1505
SAGSLOW 1193 1504 1195 1505
SAGSLOW 1194 1504 1195 1505
SAGSLOW 1198 1504 1195 1505
SAGSLOW 1195 1505 1195 1505
SAGSLOW 1196 1505 1195 1505
SAGSLOW 1198 1504 1195 1505
SAGSLOW 1192 1505 1195 1505
SAGSLOW 1191 1504 1195 1505
SAGSLOW 1196 1505 1195 1505
SAGSLOW 1198 1504 1195 1505
SAGSLOW 1194 1506 1195 1505
SAGSLOW 1195 1504 1195 1505
SAGSLOW 1192 1505 1195 1505
SAGSLOW 1196 1505 1195 1505
SAGSLOW 1194 1504 1195 1505
SAGSLOW 1199 1504 1195 1505
SAGSLOW 1196 1504 1195 1505
SAGSLOW 1196 1505 1195 1505
SAGSLOW 1195 1505 1195 1505
SAGSLOW 1195 1504 1195 1505
SAGSLOW 1198 1504 1195 1505
SAGSLOW 1201 1504 1195 1505
SAGSLOW 1200 1504 1195 1505
SAGSLOW 1191 1504 1195 1505
SAGSLOW 1199 1505 1195 1505
SAGSLOW 1193 1505 1195 1505
SAGSLOW 1189 1505 1195 1505
SAGSLOW 1191 1504 1195 1505
SAGSLOW 1197 1504 1195 1505
SAGSLOW 1195 1504 1195 1505
SAGSLOW 1194 1505 1195 1505
SAGSLOW 1192 1505 1195 1505
SAGSLOW 1194 1505 1195 1505
SAGSLOW 1196 1504 1195 1505
SAGSLOW 1198 1505 1195 1505
SAGSLOW 1196 1506 1195 1505
SAGSLOW 1200 1504 1195 1505
SAGSLOW 1193 1505 1195 1505
SAGSLOW 1195 1504 1195 1505
SAGSLOW 1192 1505 1195 1505
SAGSLOW 1199 1503 1195 1505
SAGSLOW 1194 1505 1195 1505
SAGSLOW 1194 1505 1195 1505
SAGSLOW 1195 1505 1195 1505
SAGSLOW 1194 1504 1195 1505
SAGSLOW 1199 1504 1195 1505
SAGSLOW 1191 1504 1195 1505
SAGSLOW 1195 1505 1195 1505
SAGSLOW 1195 1504 1195 1505
SAGSLOW 1197 1505 1195 1505
SAGSLOW 1191 1504 1195 1505
SAGSLOW 1194 1504 1195 1505
SAGSLOW 1195 1505 1195 1505
SAGSLOW 1193 1505 1195 1505
SAGSLOW 1196 1504 1195 1505
SAGSLOW 1193 1505 1195 1505
SAGSLOW 1195 1504 1195 1505
SAGSLOW 1195 1505 1195 1505
SAGSLOW 1195 1506 1195 1505
SAGSLOW 1198 1505 1195 1505
SAGSLOW 1195 1504 1195 1505
SAGSLOW 1197 1504 1195 1505
SAGSLOW 1190 1504 1195 1505
SAGSLOW 1195 1504 1195 1505
SAGSLOW 1197 1504 1195 1505
SAGSLOW 1195 1504 1195 1505
SAGSLOW 1194 1505 1195 1505
SAGSLOW 1194 1506 1195 1505
SAGSLOW 1194 1505 1195 1505
SAGSLOW 1196 1505 1195 1505
SAGSLOW 1194 1504 1195 1505
SAGSLOW 1194 1505 1195 1505
SAGSLOW 1196 1504 1195 1505
SAGSLOW 1192 1505 1195 1505
SAGSLOW 1198 1505 1195 1505
SAGSLOW 1201 1504 1195 1505
SAGSLOW 1197 1504 1195 1505
SAGSLOW 1196 1505 1195 1505
SAGSLOW 1197 1504 1195 1505
SAGSLOW 1193 1504 1195 1505
SAGSLOW 1190 1505 1195 1505
SAGSLOW 1195 1504 1195 1505
SAGSLOW 1196 1505 1195 1505
SAGSLOW 1197 1503 1195 1505
SAGSLOW 1194 1505 1195 1505
SAGSLOW 1195 1504 1195 1505
SAGSLOW 1193 1505 1195 1505
SAGSLOW 1199 1504 1195 1505
SAGSLOW 1201 1505 1195 1505
SAGSLOW 1194 1505 1195 1505
SAGSLOW 1192 1505 1195 1505
SAGSLOW 1201 1505 1195 1505
SAGSLOW 1200 1505 1195 1505
SAGSLOW 1193 1505 1195 1505
SAGSLOW 1193 1504 1195 1505
SAGSLOW 1199 1505 1195 1505
SAGSLOW 1194 1505 1195 1505
SAGSLOW 1197 1505 1195 1505
SAGSLOW 1194 1505 1195 1505
SAGSLOW 1196 1506 1195 1505
SAGSLOW 1194 1505 1195 1505
SAGSLOW 1196 1505 1195 1505
SAGSLOW 1194 1505 1195 1505
SAGSLOW 1197 1504 1195 1505
SAGSLOW 1198 1505 1195 1505
SAGSLOW 1195 1506 1195 1505
SAGSLOW 1196 1505 1195 1505
SAGSLOW 1197 1506 1195 1505
SAGSLOW 1193 1505 1195 1505
SAGSLOW 1195 1504 1195 1505
SAGSLOW 1195 1504 1195 1505
SAGSLOW 1198 1505 1195 1505
SAGSLOW 1202 1505 1195 1505
SAGSLOW 1199 1504 1195 1505
SAGSLOW 1194 1505 1195 1505
SAGSLOW 1197 1504 1195 1505
SAGSLOW 1193 1504 1195 1505
SAGSLOW 1198 1505 1195 1505
SAGSLOW 1192 1505 1195 1505
SAGSLOW 1191 1505 1195 1505
SAGSLOW 1200 1504 1195 1505
SAGSLOW 1195 1505 1195 1505
SAGSLOW 1197 1504 1195 1505
SAGSLOW 1189 1504 1195 1505
SAGSLOW 1195 1504 1195 1505
SAGSLOW 1197 1505 1195 1505
SAGSLOW 1193 1505 1195 1505
SAGSLOW 1197 1505 1195 1505
SAGSLOW 1194 1504 1195 1505
SAGSLOW 1195 1505 1195 1505
SAGSLOW 1196 1504 1195 1505
SAGSLOW 1193 1506 1195 1505
SAGSLOW 1195 1504 1195 1505
SAGSLOW 1200 1505 1195 1505
SAGSLOW 1196 1504 1195 1505
SAGSLOW 1196 1504 1195 1505
SAGSLOW 1200 1505 1195 1505
SAGSLOW 1196 1505 1195 1505
SAGSLOW 1194 1505 1195 1505
SAGSLOW 1195 1505 1195 1505
SAGSLOW 1190 1505 1195 1505
SAGSLOW 1198 1504 1195 1505
SAGSLOW 1202 1506 1195 1505
SAGSLOW 1195 1505 1195 1505
SAGSLOW 1195 1505 1195 1505
SAGSLOW 1205 1504 1195 1505
SAGSLOW 1196 1505 1195 1505
SAGSLOW 1201 1505 1195 1505
SAGSLOW 1197 1505 1195 1505
SAGSLOW 1193 1505 1195 1505
SAGSLOW 1193 1505 1195 1505
SAGSLOW 1192 1505 1195 1505
SAGSLOW 1193 1505 1195 1505
SAGSLOW 1195 1506 1195 1505
SAGSLOW 1195 1504 1195 1505
SAGSLOW 1197 1505 1195 1505
SAGSLOW 1193 1505 1195 1505
SAGSLOW 1196 1505 1195 1505
SAGSLOW 1194 1505 1195 1505
SAGSLOW 1200 1504 1195 1505
SAGSLOW 1193 1505 1195 1505
SAGSLOW 1192 1505 1195 1505
SAGSLOW 1196 1503 1195 1505
SAGSLOW 1195 1504 1195 1505
SAGSLOW 1190 1505 1195 1505
SAGSLOW 1195 1505 1195 1505
SAGSLOW 1196 1505 1195 1505
SAGSLOW 1197 1505 1195 1505
SAGSLOW 1194 1505 1195 1505
SAGSLOW 1193 1504 1195 1505
SAGSLOW 1195 1504 1195 1505
SAGSLOW 1194 1504 1195 1505
SAGSLOW 1196 1505 1195 1505
SAGSLOW 1196 1505 1195 1505
SAGSLOW 1200 1504 1195 1505
SAGSLOW 1195 1505 1195 1505
SAGSLOW 1191 1505 1195 1505
SAGSLOW 1201 1504 1195 1505
SAGSLOW 1193 1505 1195 1505
SAGSLOW 1198 1504 1195 1505
SAGSLOW 1193 1504 1195 1505
SAGSLOW 1193 1505 1195 1505
SAGSLOW 1198 1504 1195 1505
SAGSLOW 1195 1504 1195 1505
SAGSLOW 1193 1504 1195 1505
SAGSLOW 1192 1505 1195 1505
SAGSLOW 1198 1504 1195 1505
SAGSLOW 1193 1505 1195 1505
SAGSLOW 1190 1504 1195 1505
SAGSLOW 1192 1505 1195 1505
SAGSLOW 1199 1505 1195 1505
SAGSLOW 1199 1504 1195 1505
SAGSLOW 1196 1504 1195 1505
SAGSLOW 1196 1505 1195 1505
SAGSLOW 1196 1504 1195 1505
SAGSLOW 1195 1504 1195 1505
SAGSLOW 1194 1504 1195 1505
SAGSLOW 1192 1504 1195 1505
SAGSLOW 1203 1504 1195 1505
SAGSLOW 1194 1504 1195 1505
SAGSLOW 1194 1505 1195 1505
SAGSLOW 1196 1505 1195 1505
SAGSLOW 1191 1504 1195 1505
SAGSLOW 1194 1506 1195 1505
SAGSLOW 1196 1504 1195 1505
SAGSLOW 1193 1504 1195 1505
SAGSLOW 1193 1504 1195 1505
SAGSLOW 1188 1504 1195 1505
SAGSLOW 1192 1505 1195 1505
SAGSLOW 1195 1505 1195 1505
SAGSLOW 1198 1505 1195 1505
SAGSLOW 1195 1505 1195 1505
SAGSLOW 1198 1505 1195 1505
SAGSLOW 1194 1505 1195 1505
SAGSLOW 1196 1504 1195 1505
SAGSLOW 1199 1505 1195 1505
SAGSLOW 1196 1504 1195 1505
SAGSLOW 1190 1504 1195 1505
SAGSLOW 1194 1504 1195 1505
SAGSLOW 1195 1505 1195 1505
SAGSLOW 1195 1503 1195 1505
SAGSLOW 1196 1505 1195 1504
SAGSLOW 1199 1504 1195 1504
SAGSLOW 1197 1505 1195 1504
SAGSLOW 1193 1504 1195 1505
SAGSLOW 1201 1505 1195 1504
SAGSLOW 1197 1505 1195 1504
SAGSLOW 1194 1505 1195 1505
SAGSLOW 1197 1504 1195 1505
SAGSLOW 1196 1504 1195 1505
SAGSLOW 1190 1505 1195 1505
SAGSLOW 1194 1504 1195 1504
SAGSLOW 1192 1504 1195 1504
SAGSLOW 1194 1504 1195 1504
SAGSLOW 1191 1504 1195 1504
SAGSLOW 1194 1503 1195 1504
SAGSLOW 1196 1504 1195 1504
SAGSLOW 1194 1505 1195 1504
SAGSLOW 1193 1504 1195 1504
SAGSLOW 1196 1505 1195 1504
SAGSLOW 1201 1504 1195 1504
SAGSLOW 1197 1505 1195 1504
SAGSLOW 1195 1505 1195 1504
SAGSLOW 1195 1505 1195 1505
SAGSLOW 1195 1504 1195 1505
SAGSLOW 1196 1505 1195 1504
SAGSLOW 1201 1504 1195 1504
SAGSLOW 1192 1505 1195 1505
SAGSLOW 1197 1505 1195 1505
SAGSLOW 1193 1505 1195 1505
SAGSLOW 1199 1504 1195 1505
SAGSLOW 1196 1505 1195 1505
SAGSLOW 1194 1504 1195 1505
SAGSLOW 1197 1505 1195 1505
SAGSLOW 1195 1505 1195 1505
SAGSLOW 1198 1505 1195 1505
SAGSLOW 1195 1505 1195 1505
SAGSLOW 1193 1504 1195 1505
SAGSLOW 1201 1505 1195 1505
SAGSLOW 1193 1505 1195 1505
SAGSLOW 1193 1505 1195 1505
SAGSLOW 1193 1505 1195 1505
SAGSLOW 1196 1504 1195 1505
SAGSLOW 1195 1505 1195 1505
SAGSLOW 1193 1505 1195 1505
SAGSLOW 1198 1505 1195 1505
SAGSLOW 1197 1504 1195 1505
SAGSLOW 1202 1505 1195 1505
SAGSLOW 1193 1505 1195 1505
SAGSLOW 1196 1505 1195 1505
SAGSLOW 1195 1504 1195 1505
SAGSLOW 1195 1504 1195 1505
SAGSLOW 1196 1505 1195 1505
SAGSLOW 1195 1505 1195 1505
SAGSLOW 1196 1505 1195 1505
SAGSLOW 1196 1505 1195 1505
SAGSLOW 1195 1505 1195 1505
SAGSLOW 1195 1505 1195 1505
SAGSLOW 1196 1505 1195 1505
SAGSLOW 1195 1506 1195 1505
SAGSLOW 1196 1505 1195 1505
SAGSLOW 1196 1504 1195 1505
SAGSLOW 1194 1504 1195 1505
SAGSLOW 1194 1506 1195 1505
SAGSLOW 1198 1505 1195 1505
SAGSLOW 1196 1505 1195 1505
SAGSLOW 1197 1506 1195 1505
SAGSLOW 1192 1505 1195 1505
SAGSLOW 1197 1505 1195 1505
SAGSLOW 1197 1505 1195 1505
SAGSLOW 1198 1504 1195 1505
SAGSLOW 1198 1505 1195 1505
SAGSLOW 1196 1505 1195 1505
SAGSLOW 1195 1504 1195 1505
SAGSLOW 1190 1504 1195 1505
SAGSLOW 1203 1505 1195 1505
SAGSLOW 1192 1504 1195 1505
SAGSLOW 1196 1504 1195 1505
SAGSLOW 1197 1505 1195 1505
SAGSLOW 1197 1506 1195 1505
SAGSLOW 1197 1505 1195 1505
SAGSLOW 1193 1504 1195 1505
SAGEND
