# elf_crc32 63C0061D
# elf_sha256 828501C1596B3C1425F3D77CCE5AAEBDE343D25109FC0F7F0BACBA965B74D8D5
# started 2026-09-24T04:37:50
BEMFRUN handoff_ehz=200 target_duty_tenths=500 advance_level=22 total_ms=80000 inject=0
PREFLIGHT moe=0 ccr1=0 ccr2=0 ccr3=0 gates_low=1 en=0 nfault=1 verdict=PASS
POSTSTOP
PREFLIGHT moe=0 ccr1=0 ccr2=0 ccr3=0 gates_low=1 en=0 nfault=1 verdict=PASS
BEMFDONE reason=2 accepted=865434 forced=0 zc_acc=867604 too_early=7 unstable=1414760 ci_us=76 bus_ref=1218 bus_min=1121
BEMFSAG ref_bus=1218 ref_vref=1507 filt_bus=1196 filt_vref=1507 streak=0 tripped=0
BEMFGATE closed_ms=74776 hold_ms=54776 target_tenths=500 zc_per_s=11573 comm_per_s=11573 ehz_from_ci_last=2192 forced_pct=0
BEMFRATE hold_ms=54776 hold_accepted=707410 hold_forced=0 mean_ci_us=77 mean_sector_us=77 ehz_from_sector=2164 zc_per_s=12914 zc_expected_per_s=12987 zc_rate_permille_of_expected=994 hold_forced_pct=0
BEMFTAIL accepts=35796 span_us=2775080 start_before_stop_us=2775201 end_before_stop_us=121 window_us=2000000
BEMFRCOMP spent_max_us=11 late_arms=0 com_preempts=0 com_arm_preempts=0
BEMFSECTOR a1=65535 f1=0 a2=65535 f2=0 a3=65535 f3=0 a4=65535 f4=0 a5=65535 f5=0 a6=65535 f6=0
BEMFPHASE lt075=35399 to100=65535 to125=65535 to150=26011 gt150=4480
BEMFREVISIT r1=30128 v1=13544 r2=29467 v2=12145 r3=25287 v3=14960 r4=44703 v4=15097 r5=21775 v5=13075 r6=33684 v6=17803
BEMFDRIVEN entered=1 epochs=21 accepts=13 early=18 unstable=281 defers=2 retries=0 late_max_us=63 qual_intervals=12 qual_reanchors=0 qual_fault=0 fail=0 seeded=1 seed_step=3 seed_us=756 commanded_us=833 irq_peak_per_ms=50 closed_irq_peak_per_ms=62 storm=0 storm_step=0 cap_armed=1 comp_call_max_us=16 overrun=0 blank_arms=867593 blank_latched=0 com_count=867605 com_late_max_us=9
BEMFGUARD reason=0 ticks=786939 gap_max_us=108 track_fault=0 track_max_us=240 fast_events=858807 fast_min_us=43 loop_iters_closed=2357516 loop_gap_max_us=157 acquire_us=16801
BEMFDRVROWS 9:3:7705:921 10:4:648:628 11:5:844:741 12:6:637:563 13:1:770:491 14:2:648:322 15:3:774:244 16:4:623:36
BEMFDRVROWS 17:5:819:21 18:6:883:77 19:1:781:13 20:2:819:18 21:3:834:14
BEMFCURRENT blocks=7869 mean_residual=11300 mean_ma=1418 hold_blocks=5423 hold_ma=1800 zero_blocks=50 zero_start=619178 zero_end=617938 zero_drift_ma=-155 ref_ma=326 duty_tenths=500 ceiling_tenths=500 worst_residual=18837 worst_ma=2365
BEMFWITNESS samples=118322 bemf_min=0 bemf_max=0 mid=0 mid_fixed=0 alt=0 hyst_codes=12 driven_rotation=0
vsenc_min=0 vsenc_max=0 star_min=0 star_max=0 bus_ref=1218
BEMFCOAST reason=2 pp_first=0 pp_last=0 crossings=0 spun=1 comp_edges=1941 comp_hi=358804 comp_polls=551599
COASTTIMING trans=1385 offset_us=40 first_us=143 iv_us=236,231,239,229,239,232,239,231 ehz_first=2118
SAGSNAP judged=786909 fast_len=512 slow_len=1024 slow_every=32 frozen=1 num=95 den=100 streak_to_latch=3 adc_rail=4095
SAGROW 1686 1197 1507 1196 1507 0 3 500 63
SAGROW 1806 1197 1507 1196 1507 0 4 500 94
SAGROW 1895 1199 1507 1196 1507 0 5 500 110
SAGROW 1996 1196 1507 1196 1507 0 1 500 60
SAGROW 2091 1197 1507 1196 1507 0 2 500 70
SAGROW 2203 1198 1507 1196 1507 0 3 500 105
SAGROW 2295 1199 1507 1196 1507 0 5 500 47
SAGROW 2389 1198 1507 1196 1507 0 6 500 60
SAGROW 2525 1197 1506 1196 1507 0 1 500 115
SAGROW 2587 1198 1506 1196 1507 0 2 500 98
SAGROW 2702 1198 1506 1196 1507 0 4 500 64
SAGROW 2815 1198 1506 1196 1507 0 5 500 81
SAGROW 2922 1196 1507 1196 1507 0 1 500 49
SAGROW 2987 1193 1507 1196 1507 0 2 500 114
SAGROW 3088 1192 1507 1196 1507 0 3 500 53
SAGROW 3214 1192 1507 1196 1507 0 4 500 86
SAGROW 3302 1190 1507 1196 1507 0 6 500 117
SAGROW 3408 1190 1507 1196 1507 0 1 500 62
SAGROW 3520 1191 1507 1196 1507 0 2 500 107
SAGROW 3616 1193 1507 1196 1507 0 4 500 119
SAGROW 3701 1195 1507 1196 1507 0 5 500 43
SAGROW 3831 1196 1507 1196 1507 0 6 500 83
SAGROW 3922 1198 1507 1196 1507 0 1 500 113
SAGROW 4013 1200 1507 1196 1507 0 3 500 39
SAGROW 4133 1201 1507 1196 1507 0 4 500 86
SAGROW 4229 1201 1507 1196 1507 0 5 500 107
SAGROW 4335 1200 1507 1196 1507 0 1 500 53
SAGROW 4410 1201 1507 1196 1507 0 2 500 47
SAGROW 4538 1200 1507 1196 1507 0 3 500 107
SAGROW 4635 1202 1507 1196 1507 0 5 500 40
SAGROW 4707 1201 1508 1196 1507 0 5 500 112
SAGROW 4821 1200 1508 1196 1507 0 1 500 74
SAGROW 4933 1201 1508 1196 1507 0 2 500 107
SAGROW 5033 1201 1508 1196 1507 0 4 500 55
SAGROW 5108 1200 1508 1196 1507 0 5 500 49
SAGROW 5234 1199 1507 1196 1507 0 6 500 94
SAGROW 5324 1200 1507 1196 1507 0 1 500 115
SAGROW 5415 1197 1507 1196 1507 0 3 500 44
SAGROW 5544 1197 1507 1196 1507 0 4 500 93
SAGROW 5645 1197 1507 1196 1507 0 5 500 90
SAGROW 5729 1195 1506 1196 1507 0 1 500 116
SAGROW 5822 1193 1507 1196 1507 0 2 500 60
SAGROW 5968 1194 1506 1196 1507 0 4 500 47
SAGROW 6031 1198 1507 1196 1507 0 4 500 110
SAGROW 6139 1195 1507 1196 1507 0 6 500 61
SAGROW 6252 1195 1506 1196 1507 0 1 500 99
SAGROW 6335 1195 1507 1196 1507 0 2 500 113
SAGROW 6419 1195 1507 1196 1507 0 3 500 114
SAGROW 6526 1197 1507 1196 1507 0 5 500 69
SAGROW 6665 1199 1507 1196 1507 0 1 500 47
SAGROW 6735 1198 1507 1196 1507 0 2 500 117
SAGROW 6836 1194 1507 1196 1507 0 3 500 55
SAGROW 6962 1196 1507 1196 1507 0 4 500 105
SAGROW 7053 1196 1507 1196 1507 0 6 500 39
SAGROW 7137 1194 1507 1196 1507 0 1 500 55
SAGROW 7264 1195 1507 1196 1507 0 2 500 104
SAGROW 7353 1194 1507 1196 1507 0 3 500 110
SAGROW 7445 1193 1507 1196 1507 0 5 500 52
SAGROW 7553 1194 1507 1196 1507 0 6 500 80
SAGROW 7668 1195 1507 1196 1507 0 1 500 109
SAGROW 7737 1196 1507 1196 1507 0 2 500 102
SAGROW 7850 1196 1507 1196 1507 0 4 500 56
SAGROW 7948 1196 1507 1196 1507 0 5 500 82
SAGROW 8062 1197 1507 1196 1507 0 1 500 109
SAGROW 8157 1198 1507 1196 1507 0 2 500 61
SAGROW 8258 1198 1507 1196 1507 0 3 500 78
SAGROW 8364 1200 1507 1196 1507 0 5 500 101
SAGROW 8451 1198 1507 1196 1507 0 6 500 41
SAGROW 8567 1197 1507 1196 1507 0 1 500 69
SAGROW 8674 1199 1507 1196 1507 0 3 500 101
SAGROW 8750 1204 1507 1196 1507 0 3 500 107
SAGROW 8852 1206 1507 1196 1507 0 5 500 46
SAGROW 8949 1205 1507 1196 1507 0 6 500 62
SAGROW 9071 1206 1507 1196 1507 0 1 500 117
SAGROW 9164 1203 1507 1196 1507 0 3 500 45
SAGROW 9290 1204 1507 1196 1507 0 4 500 94
SAGROW 9379 1203 1507 1196 1507 0 6 500 112
SAGROW 9461 1202 1507 1196 1507 0 6 500 114
SAGROW 9553 1197 1507 1196 1507 0 2 500 45
SAGROW 9680 1195 1507 1196 1507 0 3 500 101
SAGROW 9774 1189 1507 1196 1507 0 5 500 117
SAGROW 9856 1189 1507 1196 1507 0 5 500 116
SAGROW 9992 1189 1508 1196 1507 0 1 500 93
SAGROW 10086 1189 1507 1196 1507 0 2 500 115
SAGROW 10193 1191 1507 1196 1507 0 4 500 52
SAGROW 10260 1191 1507 1196 1507 0 5 500 57
SAGROW 10380 1190 1507 1196 1507 0 6 500 96
SAGROW 10484 1190 1507 1196 1507 0 2 500 90
SAGROW 10571 1195 1507 1196 1507 0 3 500 45
SAGROW 10698 1196 1507 1196 1507 0 4 500 104
SAGROW 10787 1194 1507 1196 1507 0 5 500 111
SAGROW 10887 1196 1507 1196 1507 0 1 500 59
SAGROW 10973 1195 1508 1196 1507 0 2 500 65
SAGROW 11117 1197 1508 1196 1507 0 4 500 50
SAGROW 11181 1196 1507 1196 1507 0 4 500 114
SAGROW 11283 1199 1507 1196 1507 0 6 500 61
SAGROW 11399 1198 1508 1196 1507 0 2 500 108
SAGROW 11482 1198 1508 1196 1507 0 3 500 114
SAGROW 11591 1200 1507 1196 1507 0 4 500 59
SAGROW 11672 1199 1507 1196 1507 0 5 500 70
SAGROW 11798 1200 1507 1196 1507 0 6 500 118
SAGROW 11891 1199 1507 1196 1507 0 2 500 48
SAGROW 11974 1198 1507 1196 1507 0 3 500 132
SAGROW 12107 1196 1507 1196 1507 0 4 500 105
SAGROW 12198 1197 1507 1196 1507 0 6 500 40
SAGROW 12296 1196 1507 1196 1507 0 1 500 69
SAGROW 12408 1197 1508 1196 1507 0 2 500 104
SAGROW 12515 1197 1508 1196 1507 0 4 500 49
SAGROW 12589 1194 1508 1196 1507 0 5 500 51
SAGROW 12697 1194 1508 1196 1507 0 6 500 80
SAGROW 12813 1201 1508 1196 1507 0 1 500 113
SAGROW 12892 1201 1508 1196 1507 0 3 500 43
SAGROW 13036 1200 1507 1196 1507 0 4 500 107
SAGROW 13116 1200 1507 1196 1507 0 5 500 105
SAGROW 13215 1199 1507 1196 1507 0 1 500 53
SAGROW 13303 1200 1506 1196 1507 0 2 500 62
SAGROW 13424 1201 1506 1196 1507 0 3 500 100
SAGROW 13514 1199 1506 1196 1507 0 5 500 40
SAGROW 13611 1193 1506 1196 1507 0 6 500 57
SAGROW 13739 1191 1506 1196 1507 0 1 500 88
SAGROW 13813 1193 1506 1196 1507 0 2 500 100
SAGROW 13896 1194 1506 1196 1507 0 3 500 113
SAGROW 13997 1193 1506 1196 1507 0 5 500 50
SAGROW 14123 1192 1506 1196 1507 0 6 500 95
SAGROW 14213 1194 1506 1196 1507 0 1 500 114
SAGROW 14304 1193 1506 1196 1507 0 3 500 46
SAGROW 14435 1194 1506 1196 1507 0 4 500 100
SAGROW 14523 1195 1506 1196 1507 0 6 500 117
SAGROW 14612 1195 1506 1196 1507 0 1 500 52
SAGROW 14718 1195 1506 1196 1507 0 2 500 80
SAGROW 14824 1197 1506 1196 1507 0 3 500 100
SAGROW 14917 1195 1506 1196 1507 0 5 500 44
SAGROW 15025 1193 1506 1196 1507 0 6 500 70
SAGROW 15139 1194 1507 1196 1507 0 1 500 108
SAGROW 15241 1195 1507 1196 1507 0 3 500 41
SAGROW 15325 1195 1507 1196 1507 0 4 500 54
SAGROW 15425 1194 1507 1196 1507 0 5 500 80
SAGROW 15540 1194 1507 1196 1507 0 1 500 109
SAGROW 15611 1193 1507 1196 1507 0 2 500 113
SAGROW 15742 1194 1507 1196 1507 0 3 500 86
SAGROW 15845 1195 1507 1196 1507 0 5 500 37
SAGROW 15917 1197 1507 1196 1507 0 5 500 110
SAGROW 16026 1199 1507 1196 1507 0 1 500 58
SAGROW 16140 1199 1507 1196 1507 0 2 500 92
SAGROW 16236 1201 1507 1196 1507 0 4 500 121
SAGROW 16321 1200 1507 1196 1507 0 5 500 42
SAGROW 16429 1200 1507 1196 1507 0 6 500 66
SAGROW 16544 1202 1507 1196 1507 0 2 500 109
SAGROW 16625 1201 1507 1196 1507 0 3 500 115
SAGROW 16740 1201 1507 1196 1507 0 4 500 68
SAGROW 16846 1201 1507 1196 1507 0 5 500 101
SAGROW 16946 1202 1507 1196 1507 0 1 500 52
SAGROW 17033 1200 1507 1196 1507 0 2 500 62
SAGROW 17127 1200 1507 1196 1507 0 3 500 75
SAGROW 17255 1200 1507 1196 1507 0 5 500 42
SAGROW 17343 1199 1507 1196 1507 0 6 500 61
SAGROW 17458 1200 1507 1196 1507 0 1 500 93
SAGROW 17556 1199 1507 1196 1507 0 3 500 39
SAGROW 17641 1197 1508 1196 1507 0 4 500 125
SAGROW 17753 1196 1507 1196 1507 0 5 500 71
SAGROW 17860 1197 1507 1196 1507 0 6 500 99
SAGROW 17955 1197 1507 1196 1507 0 2 500 48
SAGROW 18047 1196 1507 1196 1507 0 3 500 58
SAGROW 18174 1198 1507 1196 1507 0 4 500 104
SAGROW 18252 1196 1507 1196 1507 0 6 500 111
SAGROW 18360 1195 1507 1196 1507 0 1 500 58
SAGROW 18474 1196 1507 1196 1507 0 2 500 94
SAGROW 18570 1195 1507 1196 1507 0 4 500 122
SAGROW 18654 1194 1506 1196 1507 0 5 500 42
SAGROW 18757 1193 1506 1196 1507 0 6 500 61
SAGROW 18879 1193 1506 1196 1507 0 1 500 115
SAGROW 18954 1193 1505 1196 1507 0 2 500 111
SAGROW 19067 1193 1505 1196 1507 0 4 500 65
SAGROW 19154 1191 1505 1196 1507 0 5 500 81
SAGROW 19252 1191 1505 1196 1507 0 6 500 92
SAGROW 19353 1192 1506 1196 1507 0 2 500 91
SAGROW 19487 1194 1506 1196 1507 0 3 500 102
SAGROW 19581 1197 1507 1196 1507 0 5 500 115
SAGROW 19652 1197 1507 1196 1507 0 6 500 102
SAGROW 19766 1196 1508 1196 1507 0 1 500 67
SAGROW 19867 1195 1508 1196 1507 0 2 500 86
SAGROW 19966 1199 1508 1196 1507 0 3 500 82
SAGROW 20059 1200 1508 1196 1507 0 5 500 49
SAGROW 20191 1201 1508 1196 1507 0 6 500 97
SAGROW 20275 1201 1508 1196 1507 0 1 500 113
SAGROW 20366 1199 1508 1196 1507 0 3 500 43
SAGROW 20493 1198 1508 1196 1507 0 4 500 82
SAGROW 20592 1199 1507 1196 1507 0 6 500 39
SAGROW 20678 1201 1507 1196 1507 0 1 500 125
SAGROW 20777 1197 1507 1196 1507 0 2 500 62
SAGROW 20902 1197 1507 1196 1507 0 4 500 117
SAGROW 20987 1196 1507 1196 1507 0 5 500 42
SAGROW 21089 1196 1507 1196 1507 0 6 500 60
SAGROW 21198 1195 1507 1196 1507 0 1 500 93
SAGROW 21292 1194 1507 1196 1507 0 2 500 115
SAGROW 21399 1194 1507 1196 1507 0 4 500 58
SAGROW 21487 1194 1507 1196 1507 0 5 500 79
SAGROW 21612 1195 1507 1196 1507 0 1 500 119
SAGROW 21693 1195 1507 1196 1507 0 2 500 57
SAGROW 21786 1196 1507 1196 1507 0 3 500 65
SAGROW 21894 1195 1507 1196 1507 0 4 500 94
SAGROW 21994 1197 1507 1196 1507 0 5 500 89
SAGROW 22095 1198 1507 1196 1507 0 1 500 61
SAGROW 22189 1198 1506 1196 1507 0 2 500 77
SAGROW 22301 1200 1507 1196 1507 0 3 500 107
SAGROW 22394 1200 1507 1196 1507 0 5 500 51
SAGROW 22492 1200 1507 1196 1507 0 6 500 65
SAGROW 22609 1200 1507 1196 1507 0 1 500 97
SAGROW 22702 1200 1507 1196 1507 0 3 500 47
SAGROW 22804 1201 1507 1196 1507 0 4 500 67
SAGROW 22911 1201 1507 1196 1507 0 5 500 91
SAGROW 23018 1200 1507 1196 1507 0 1 500 50
SAGROW 23098 1199 1507 1196 1507 0 2 500 50
SAGROW 23192 1199 1507 1196 1507 0 3 500 74
SAGROW 23321 1199 1506 1196 1507 0 5 500 41
SAGROW 23398 1198 1507 1196 1507 0 6 500 119
SAGROW 23498 1197 1507 1196 1507 0 1 500 68
SAGROW 23625 1197 1507 1196 1507 0 2 500 115
SAGROW 23700 1197 1507 1196 1507 0 3 500 107
SAGROW 23812 1198 1507 1196 1507 0 5 500 70
SAGROW 23917 1199 1508 1196 1507 0 6 500 94
SAGROW 24020 1200 1507 1196 1507 0 1 500 116
SAGROW 24101 1200 1508 1196 1507 0 3 500 51
SAGROW 24240 1199 1507 1196 1507 0 4 500 108
SAGROW 24329 1200 1507 1196 1507 0 5 500 114
SAGROW 24418 1199 1507 1196 1507 0 1 500 51
SAGROW 24539 1197 1507 1196 1507 0 2 500 79
SAGROW 24652 1196 1507 1196 1507 0 4 500 48
SAGROW 24715 1195 1507 1196 1507 0 4 500 112
SAGROW 24817 1194 1507 1196 1507 0 6 500 57
SAGROW 24940 1195 1507 1196 1507 0 1 500 111
SAGROW 25031 1196 1507 1196 1507 0 3 500 43
SAGROW 25134 1194 1507 1196 1507 0 4 500 65
SAGROW 25215 1197 1507 1196 1507 0 5 500 75
SAGROW 25354 1200 1507 1196 1507 0 1 500 50
SAGROW 25416 1201 1507 1196 1507 0 2 500 112
SAGROW 25540 1201 1507 1196 1507 0 2 500 160
SAGROW 25655 1202 1507 1196 1507 0 4 500 82
SAGROW 25729 1201 1507 1196 1507 0 6 500 96
SAGROW 25831 1202 1507 1196 1507 0 1 500 68
SAGROW 25923 1204 1507 1196 1507 0 2 500 81
SAGROW 26043 1202 1507 1196 1507 0 4 500 118
SAGROW 26124 1199 1507 1196 1507 0 5 500 47
SAGROW 26248 1199 1507 1196 1507 0 6 500 93
SAGROW 26352 1200 1507 1196 1507 0 1 500 116
SAGROW 26433 1200 1507 1196 1507 0 3 500 49
SAGROW 26534 1199 1507 1196 1507 0 4 500 69
SAGROW 26657 1198 1507 1196 1507 0 6 500 42
SAGROW 26742 1199 1508 1196 1507 0 1 500 128
SAGROW 26837 1198 1507 1196 1507 0 2 500 57
SAGROW 26950 1199 1507 1196 1507 0 3 500 90
SAGROW 27046 1199 1507 1196 1507 0 5 500 108
SAGROW 27140 1198 1507 1196 1507 0 6 500 49
SAGROW 27263 1197 1507 1196 1507 0 1 500 95
SAGROW 27360 1198 1507 1196 1507 0 3 500 38
SAGROW 27463 1198 1507 1196 1507 0 4 500 60
SAGROW 27544 1196 1507 1196 1507 0 5 500 55
SAGROW 27656 1196 1507 1196 1507 0 6 500 98
SAGROW 27752 1194 1507 1196 1507 0 1 500 116
SAGROW 27851 1193 1506 1196 1507 0 3 500 50
SAGROW 27978 1191 1506 1196 1507 0 4 500 105
SAGROW 28061 1193 1506 1196 1507 0 6 500 115
SAGROW 28149 1192 1507 1196 1507 0 1 500 52
SAGROW 28270 1190 1506 1196 1507 0 2 500 81
SAGROW 28379 1192 1506 1196 1507 0 4 500 121
SAGROW 28442 1191 1506 1196 1507 0 5 500 102
SAGROW 28548 1191 1506 1196 1507 0 6 500 61
SAGROW 28685 1190 1507 1196 1507 0 1 500 115
SAGROW 28770 1192 1507 1196 1507 0 3 500 39
SAGROW 28875 1190 1507 1196 1507 0 4 500 64
SAGROW 28989 1191 1507 1196 1507 0 5 500 109
SAGROW 29064 1192 1507 1196 1507 0 6 500 100
SAGROW 29159 1192 1507 1196 1507 0 2 500 46
SAGROW 29251 1193 1508 1196 1507 0 3 500 57
SAGROW 29378 1196 1508 1196 1507 0 4 500 107
SAGROW 29460 1200 1508 1196 1507 0 6 500 115
SAGROW 29568 1198 1508 1196 1507 0 1 500 62
SAGROW 29680 1200 1508 1196 1507 0 2 500 106
SAGROW 29776 1201 1507 1196 1507 0 4 500 119
SAGROW 29864 1201 1508 1196 1507 0 5 500 128
SAGROW 29964 1201 1507 1196 1507 0 6 500 80
SAGROW 30079 1202 1507 1196 1507 0 2 500 109
SAGROW 30162 1200 1507 1196 1507 0 2 500 114
SAGROW 30302 1199 1507 1196 1507 0 4 500 97
SAGROW 30399 1202 1506 1196 1507 0 6 500 37
SAGROW 30482 1201 1506 1196 1507 0 1 500 52
SAGROW 30569 1199 1506 1196 1507 0 2 500 60
SAGROW 30703 1199 1506 1196 1507 0 3 500 112
SAGROW 30782 1200 1506 1196 1507 0 5 500 39
SAGROW 30867 1199 1506 1196 1507 0 6 500 46
SAGROW 31013 1199 1507 1196 1507 0 1 500 110
SAGROW 31092 1200 1507 1196 1507 0 3 500 38
SAGROW 31196 1199 1507 1196 1507 0 4 500 66
SAGROW 31270 1197 1507 1196 1507 0 5 500 55
SAGROW 31415 1197 1507 1196 1507 0 1 500 49
SAGROW 31479 1196 1507 1196 1507 0 2 500 113
SAGROW 31581 1195 1508 1196 1507 0 3 500 54
SAGROW 31707 1194 1507 1196 1507 0 4 500 102
SAGROW 31790 1194 1507 1196 1507 0 6 500 113
SAGROW 31890 1193 1507 1196 1507 0 6 500 133
SAGROW 31981 1192 1507 1196 1507 0 2 500 66
SAGROW 32108 1193 1507 1196 1507 0 4 500 122
SAGROW 32198 1193 1507 1196 1507 0 5 500 130
SAGROW 32285 1195 1506 1196 1507 0 6 500 54
SAGROW 32414 1194 1506 1196 1507 0 1 500 112
SAGROW 32496 1192 1506 1196 1507 0 3 500 115
SAGROW 32607 1193 1506 1196 1507 0 4 500 69
SAGROW 32720 1192 1506 1196 1507 0 5 500 107
SAGROW 32794 1194 1506 1196 1507 0 6 500 99
SAGROW 32895 1196 1507 1196 1507 0 2 500 49
SAGROW 33028 1198 1507 1196 1507 0 3 500 104
SAGROW 33118 1196 1507 1196 1507 0 5 500 43
SAGROW 33208 1196 1507 1196 1507 0 6 500 49
SAGROW 33303 1198 1507 1196 1507 0 1 500 67
SAGROW 33416 1196 1508 1196 1507 0 2 500 99
SAGROW 33504 1196 1508 1196 1507 0 3 500 118
SAGROW 33597 1193 1508 1196 1507 0 5 500 50
SAGROW 33729 1192 1508 1196 1507 0 6 500 99
SAGROW 33814 1191 1508 1196 1507 0 1 500 115
SAGROW 33907 1191 1507 1196 1507 0 3 500 44
SAGROW 34033 1190 1507 1196 1507 0 4 500 94
SAGROW 34121 1190 1506 1196 1507 0 6 500 112
SAGROW 34203 1190 1506 1196 1507 0 6 500 113
SAGROW 34306 1191 1506 1196 1507 0 2 500 55
SAGROW 34440 1195 1506 1196 1507 0 4 500 121
SAGROW 34529 1197 1506 1196 1507 0 5 500 128
SAGROW 34607 1196 1506 1196 1507 0 6 500 44
SAGROW 34738 1195 1506 1196 1507 0 1 500 104
SAGROW 34835 1195 1506 1196 1507 0 3 500 40
SAGROW 34924 1196 1506 1196 1507 0 4 500 53
SAGROW 35025 1196 1506 1196 1507 0 5 500 80
SAGROW 35131 1196 1507 1196 1507 0 6 500 100
SAGROW 35208 1195 1507 1196 1507 0 2 500 107
SAGROW 35328 1194 1507 1196 1507 0 3 500 72
SAGROW 35442 1194 1506 1196 1507 0 4 500 105
SAGROW 35519 1196 1507 1196 1507 0 5 500 112
SAGROW 35644 1197 1507 1196 1507 0 1 500 70
SAGROW 35717 1198 1507 1196 1507 0 2 500 67
SAGROW 35835 1199 1507 1196 1507 0 3 500 99
SAGROW 35927 1199 1507 1196 1507 0 5 500 46
SAGROW 36025 1198 1508 1196 1507 0 6 500 61
SAGROW 36147 1198 1507 1196 1507 0 1 500 115
SAGROW 36240 1198 1507 1196 1507 0 3 500 46
SAGROW 36366 1198 1507 1196 1507 0 4 500 93
SAGROW 36421 1197 1507 1196 1507 0 5 500 78
SAGROW 36561 1197 1507 1196 1507 0 1 500 134
SAGROW 36645 1196 1507 1196 1507 0 2 500 63
SAGROW 36732 1197 1507 1196 1507 0 3 500 77
SAGROW 36861 1198 1507 1196 1507 0 4 500 127
SAGROW 36935 1199 1507 1196 1507 0 6 500 98
SAGROW 37037 1200 1507 1196 1507 0 1 500 70
SAGROW 37166 1202 1507 1196 1507 0 3 500 37
SAGROW 37249 1202 1507 1196 1507 0 4 500 120
SAGROW 37350 1201 1507 1196 1507 0 5 500 71
SAGROW 37462 1200 1507 1196 1507 0 6 500 102
SAGROW 37544 1198 1507 1196 1507 0 2 500 109
SAGROW 37645 1199 1507 1196 1507 0 3 500 54
SAGROW 37764 1198 1508 1196 1507 0 4 500 94
SAGROW 37847 1198 1507 1196 1507 0 5 500 105
SAGROW 37955 1195 1507 1196 1507 0 1 500 52
SAGROW 38048 1196 1507 1196 1507 0 2 500 65
SAGROW 38171 1196 1507 1196 1507 0 3 500 102
SAGROW 38253 1197 1507 1196 1507 0 4 500 111
SAGROW 38358 1197 1507 1196 1507 0 6 500 60
SAGROW 38480 1196 1507 1196 1507 0 1 500 115
SAGROW 38555 1196 1507 1196 1507 0 2 500 111
SAGROW 38667 1196 1507 1196 1507 0 4 500 61
SAGROW 38748 1196 1507 1196 1507 0 5 500 71
SAGROW 38887 1198 1507 1196 1507 0 1 500 48
SAGROW 38956 1199 1508 1196 1507 0 1 500 117
SAGROW 39063 1198 1508 1196 1507 0 3 500 74
SAGROW 39183 1198 1507 1196 1507 0 4 500 114
SAGROW 39274 1199 1507 1196 1507 0 6 500 42
SAGROW 39372 1197 1508 1196 1507 0 1 500 70
SAGROW 39477 1196 1508 1196 1507 0 2 500 97
SAGROW 39590 1194 1507 1196 1507 0 4 500 51
SAGROW 39665 1191 1507 1196 1507 0 5 500 52
SAGROW 39796 1189 1507 1196 1507 0 6 500 104
SAGROW 39886 1190 1507 1196 1507 0 2 500 112
SAGROW 39964 1189 1507 1196 1507 0 3 500 43
SAGROW 40094 1188 1507 1196 1507 0 4 500 90
SAGROW 40163 1189 1507 1196 1507 0 5 500 56
SAGROW 40269 1190 1507 1196 1507 0 6 500 101
SAGROW 40365 1194 1507 1196 1507 0 2 500 49
SAGROW 40503 1195 1507 1196 1507 0 3 500 106
SAGROW 40588 1196 1507 1196 1507 0 5 500 42
SAGROW 40667 1197 1507 1196 1507 0 6 500 120
SAGROW 40801 1199 1507 1196 1507 0 1 500 103
SAGROW 40899 1200 1507 1196 1507 0 3 500 40
SAGROW 40971 1199 1507 1196 1507 0 3 500 112
SAGROW 41072 1197 1507 1196 1507 0 5 500 53
SAGROW 41201 1197 1507 1196 1507 0 6 500 112
SAGROW 41292 1197 1507 1196 1507 0 2 500 41
SAGROW 41389 1196 1507 1196 1507 0 3 500 67
SAGROW 41512 1194 1507 1196 1507 0 4 500 103
SAGROW 41581 1193 1507 1196 1507 0 5 500 98
SAGROW 41697 1192 1507 1196 1507 0 1 500 61
SAGROW 41791 1193 1507 1196 1507 0 2 500 77
SAGROW 41910 1195 1507 1196 1507 0 3 500 107
SAGROW 41987 1195 1507 1196 1507 0 4 500 99
SAGROW 42086 1194 1507 1196 1507 0 6 500 60
SAGROW 42222 1195 1508 1196 1507 0 1 500 116
SAGROW 42285 1196 1508 1196 1507 0 2 500 100
SAGROW 42400 1196 1508 1196 1507 0 4 500 63
SAGROW 42494 1197 1508 1196 1507 0 5 500 74
SAGROW 42600 1197 1508 1196 1507 0 6 500 100
SAGROW 42694 1195 1507 1196 1507 0 2 500 43
SAGROW 42788 1194 1507 1196 1507 0 3 500 57
SAGROW 42914 1194 1507 1196 1507 0 4 500 106
SAGROW 42997 1194 1506 1196 1507 0 6 500 117
SAGROW 43097 1196 1506 1196 1507 0 1 500 63
SAGROW 43224 1198 1506 1196 1507 0 3 500 114
SAGROW 43332 1198 1506 1196 1507 0 4 500 59
SAGROW 43399 1197 1506 1196 1507 0 5 500 55
SAGROW 43500 1198 1506 1196 1507 0 6 500 78
SAGROW 43618 1199 1506 1196 1507 0 2 500 112
SAGROW 43721 1199 1506 1196 1507 0 3 500 136
SAGROW 43842 1198 1507 1196 1507 0 4 500 99
SAGROW 43922 1197 1507 1196 1507 0 5 500 105
SAGROW 44021 1196 1507 1196 1507 0 1 500 52
SAGROW 44108 1193 1507 1196 1507 0 2 500 61
SAGROW 44249 1199 1507 1196 1507 0 4 500 121
SAGROW 44312 1198 1507 1196 1507 0 5 500 102
SAGROW 44415 1198 1507 1196 1507 0 6 500 54
SAGROW 44541 1199 1507 1196 1507 0 1 500 101
SAGROW 44632 1200 1507 1196 1507 0 3 500 40
SAGROW 44714 1198 1507 1196 1507 0 4 500 120
SAGROW 44810 1198 1507 1196 1507 0 5 500 57
SAGROW 44928 1199 1507 1196 1507 0 6 500 95
SAGROW 45027 1194 1507 1196 1507 0 2 500 41
SAGROW 45121 1194 1507 1196 1507 0 3 500 55
SAGROW 45246 1196 1507 1196 1507 0 4 500 102
SAGROW 45329 1196 1507 1196 1507 0 6 500 114
SAGROW 45419 1197 1507 1196 1507 0 1 500 123
SAGROW 45518 1199 1507 1196 1507 0 2 500 57
SAGROW 45645 1199 1507 1196 1507 0 4 500 121
SAGROW 45730 1200 1507 1196 1507 0 5 500 42
SAGROW 45818 1201 1507 1196 1507 0 6 500 63
SAGROW 45949 1201 1507 1196 1507 0 1 500 109
SAGROW 46032 1200 1507 1196 1507 0 2 500 113
SAGROW 46133 1199 1507 1196 1507 0 4 500 55
SAGROW 46225 1197 1507 1196 1507 0 5 500 76
SAGROW 46332 1198 1507 1196 1507 0 6 500 99
SAGROW 46428 1196 1507 1196 1507 0 2 500 46
SAGROW 46540 1195 1507 1196 1507 0 3 500 78
SAGROW 46646 1194 1507 1196 1507 0 5 500 100
SAGROW 46733 1195 1507 1196 1507 0 6 500 41
SAGROW 46850 1194 1507 1196 1507 0 1 500 69
SAGROW 46957 1194 1507 1196 1507 0 3 500 101
SAGROW 47033 1193 1507 1196 1507 0 3 500 107
SAGROW 47134 1192 1507 1196 1507 0 5 500 46
SAGROW 47266 1193 1507 1196 1507 0 6 500 96
SAGROW 47349 1193 1507 1196 1507 0 2 500 111
SAGROW 47432 1194 1507 1196 1507 0 2 500 115
SAGROW 47570 1192 1507 1196 1507 0 4 500 84
SAGROW 47658 1194 1507 1196 1507 0 5 500 110
SAGROW 47741 1195 1507 1196 1507 0 6 500 112
SAGROW 47852 1197 1507 1196 1507 0 2 500 62
SAGROW 47951 1197 1507 1196 1507 0 3 500 94
SAGROW 48053 1196 1507 1196 1507 0 5 500 114
SAGROW 48153 1196 1507 1196 1507 0 6 500 49
SAGROW 48249 1194 1507 1196 1507 0 1 500 76
SAGROW 48361 1195 1507 1196 1507 0 2 500 107
SAGROW 48441 1195 1507 1196 1507 0 3 500 108
SAGROW 48560 1194 1507 1196 1507 0 5 500 79
SAGROW 48672 1195 1507 1196 1507 0 6 500 107
SAGROW 48750 1194 1507 1196 1507 0 2 500 108
SAGROW 48851 1195 1507 1196 1507 0 3 500 54
SAGROW 48985 1194 1507 1196 1507 0 4 500 109
SAGROW 49062 1195 1507 1196 1507 0 6 500 115
SAGROW 49176 1196 1507 1196 1507 0 1 500 61
SAGROW 49300 1197 1507 1196 1507 0 2 500 113
SAGROW 49376 1199 1507 1196 1507 0 3 500 101
SAGROW 49461 1199 1507 1196 1507 0 5 500 42
SAGROW 49563 1199 1507 1196 1507 0 6 500 60
SAGROW 49685 1201 1508 1196 1507 0 1 500 115
SAGROW 49776 1202 1508 1196 1507 0 3 500 42
SAGROW 49873 1203 1508 1196 1507 0 4 500 61
SAGROW 49959 1202 1507 1196 1507 0 5 500 77
SAGROW 50071 1201 1508 1196 1507 0 6 500 106
SAGROW 50169 1201 1508 1196 1507 0 2 500 45
SAGROW 50297 1201 1508 1196 1507 0 3 500 107
SAGROW 50394 1200 1507 1196 1507 0 5 500 39
SAGROW 50472 1200 1507 1196 1507 0 6 500 117
SAGROW 50574 1200 1507 1196 1507 0 1 500 67
SAGROW 50703 1199 1507 1196 1507 0 3 500 117
SAGROW 50793 1198 1507 1196 1507 0 4 500 124
SAGROW 50872 1198 1507 1196 1507 0 5 500 58
SAGROW 50991 1196 1507 1196 1507 0 6 500 92
SAGROW 51095 1195 1507 1196 1507 0 2 500 38
SAGROW 51170 1196 1507 1196 1507 0 3 500 42
SAGROW 51313 1194 1507 1196 1507 0 4 500 105
SAGROW 51398 1195 1507 1196 1507 0 6 500 40
SAGROW 51486 1197 1507 1196 1507 0 1 500 129
SAGROW 51583 1197 1506 1196 1507 0 2 500 61
SAGROW 51729 1197 1507 1196 1507 0 4 500 49
SAGROW 51787 1199 1507 1196 1507 0 5 500 107
SAGROW 51893 1200 1507 1196 1507 0 6 500 57
SAGROW 52016 1199 1507 1196 1507 0 1 500 112
SAGROW 52107 1200 1507 1196 1507 0 3 500 42
SAGROW 52198 1198 1507 1196 1507 0 4 500 52
SAGROW 52284 1196 1507 1196 1507 0 5 500 69
SAGROW 52417 1196 1507 1196 1507 0 1 500 123
SAGROW 52493 1197 1508 1196 1507 0 1 500 116
SAGROW 52591 1197 1508 1196 1507 0 3 500 64
SAGROW 52727 1196 1507 1196 1507 0 4 500 122
SAGROW 52802 1197 1507 1196 1507 0 5 500 114
SAGROW 52903 1197 1508 1196 1507 0 1 500 64
SAGROW 52998 1198 1508 1196 1507 0 2 500 79
SAGROW 53106 1197 1507 1196 1507 0 3 500 106
SAGROW 53205 1196 1508 1196 1507 0 5 500 54
SAGROW 53297 1195 1508 1196 1507 0 6 500 66
SAGSLOW 1197 1507 1198 1507
SAGSLOW 1196 1507 1198 1507
SAGSLOW 1194 1507 1197 1507
SAGSLOW 1198 1506 1197 1507
SAGSLOW 1198 1506 1197 1507
SAGSLOW 1198 1506 1197 1507
SAGSLOW 1194 1506 1197 1507
SAGSLOW 1195 1507 1197 1507
SAGSLOW 1200 1506 1197 1507
SAGSLOW 1200 1507 1197 1507
SAGSLOW 1196 1507 1197 1507
SAGSLOW 1199 1507 1197 1507
SAGSLOW 1202 1506 1197 1507
SAGSLOW 1198 1506 1197 1507
SAGSLOW 1197 1507 1197 1507
SAGSLOW 1196 1507 1197 1507
SAGSLOW 1202 1507 1197 1507
SAGSLOW 1199 1507 1197 1507
SAGSLOW 1193 1507 1197 1507
SAGSLOW 1197 1507 1197 1507
SAGSLOW 1198 1507 1197 1507
SAGSLOW 1195 1507 1197 1507
SAGSLOW 1196 1507 1197 1507
SAGSLOW 1195 1507 1197 1507
SAGSLOW 1196 1507 1197 1507
SAGSLOW 1197 1507 1197 1507
SAGSLOW 1196 1507 1197 1507
SAGSLOW 1197 1507 1197 1507
SAGSLOW 1201 1507 1197 1507
SAGSLOW 1197 1507 1197 1507
SAGSLOW 1198 1506 1197 1507
SAGSLOW 1196 1506 1197 1507
SAGSLOW 1198 1506 1197 1507
SAGSLOW 1200 1507 1197 1507
SAGSLOW 1203 1507 1197 1507
SAGSLOW 1202 1507 1197 1507
SAGSLOW 1199 1507 1197 1507
SAGSLOW 1197 1507 1197 1507
SAGSLOW 1194 1506 1197 1507
SAGSLOW 1194 1506 1197 1507
SAGSLOW 1197 1507 1197 1507
SAGSLOW 1199 1507 1197 1507
SAGSLOW 1195 1506 1197 1507
SAGSLOW 1198 1507 1197 1507
SAGSLOW 1197 1507 1197 1507
SAGSLOW 1195 1507 1197 1507
SAGSLOW 1200 1507 1197 1507
SAGSLOW 1197 1508 1197 1507
SAGSLOW 1190 1508 1197 1507
SAGSLOW 1196 1507 1197 1507
SAGSLOW 1195 1507 1197 1507
SAGSLOW 1196 1508 1197 1507
SAGSLOW 1201 1506 1197 1507
SAGSLOW 1199 1507 1197 1507
SAGSLOW 1197 1507 1197 1507
SAGSLOW 1197 1507 1197 1507
SAGSLOW 1198 1507 1197 1507
SAGSLOW 1203 1507 1197 1507
SAGSLOW 1200 1506 1197 1507
SAGSLOW 1197 1506 1197 1507
SAGSLOW 1197 1507 1197 1507
SAGSLOW 1199 1507 1197 1507
SAGSLOW 1191 1507 1197 1507
SAGSLOW 1194 1506 1197 1507
SAGSLOW 1197 1507 1197 1507
SAGSLOW 1199 1507 1197 1507
SAGSLOW 1194 1507 1197 1507
SAGSLOW 1201 1506 1197 1507
SAGSLOW 1195 1507 1197 1507
SAGSLOW 1203 1507 1197 1507
SAGSLOW 1197 1506 1197 1507
SAGSLOW 1199 1506 1197 1507
SAGSLOW 1202 1507 1197 1507
SAGSLOW 1200 1507 1197 1507
SAGSLOW 1194 1507 1197 1507
SAGSLOW 1199 1506 1197 1507
SAGSLOW 1193 1506 1197 1507
SAGSLOW 1204 1507 1197 1507
SAGSLOW 1197 1508 1197 1507
SAGSLOW 1201 1508 1197 1507
SAGSLOW 1201 1507 1197 1507
SAGSLOW 1195 1506 1197 1507
SAGSLOW 1197 1507 1197 1507
SAGSLOW 1196 1507 1197 1507
SAGSLOW 1194 1507 1197 1507
SAGSLOW 1196 1507 1197 1507
SAGSLOW 1199 1506 1197 1507
SAGSLOW 1198 1507 1197 1507
SAGSLOW 1195 1507 1197 1507
SAGSLOW 1195 1507 1197 1507
SAGSLOW 1199 1508 1197 1507
SAGSLOW 1197 1506 1197 1507
SAGSLOW 1199 1507 1197 1507
SAGSLOW 1197 1507 1197 1507
SAGSLOW 1190 1506 1197 1507
SAGSLOW 1195 1507 1197 1507
SAGSLOW 1198 1506 1197 1507
SAGSLOW 1198 1507 1197 1507
SAGSLOW 1195 1507 1197 1507
SAGSLOW 1197 1507 1197 1507
SAGSLOW 1195 1507 1197 1507
SAGSLOW 1197 1506 1197 1507
SAGSLOW 1198 1507 1197 1507
SAGSLOW 1198 1508 1197 1507
SAGSLOW 1196 1507 1197 1507
SAGSLOW 1195 1506 1197 1507
SAGSLOW 1199 1507 1197 1507
SAGSLOW 1198 1506 1197 1507
SAGSLOW 1200 1507 1197 1507
SAGSLOW 1200 1507 1197 1507
SAGSLOW 1190 1507 1197 1507
SAGSLOW 1195 1507 1197 1507
SAGSLOW 1198 1507 1197 1507
SAGSLOW 1201 1506 1197 1507
SAGSLOW 1203 1507 1197 1507
SAGSLOW 1194 1507 1197 1507
SAGSLOW 1197 1506 1197 1507
SAGSLOW 1199 1506 1197 1507
SAGSLOW 1196 1506 1197 1507
SAGSLOW 1194 1507 1197 1507
SAGSLOW 1199 1507 1197 1507
SAGSLOW 1197 1506 1197 1507
SAGSLOW 1196 1507 1197 1507
SAGSLOW 1198 1507 1197 1507
SAGSLOW 1199 1507 1197 1507
SAGSLOW 1198 1507 1197 1507
SAGSLOW 1200 1507 1197 1507
SAGSLOW 1197 1507 1197 1507
SAGSLOW 1198 1507 1197 1507
SAGSLOW 1198 1506 1197 1507
SAGSLOW 1196 1507 1197 1507
SAGSLOW 1196 1507 1197 1507
SAGSLOW 1198 1507 1197 1507
SAGSLOW 1191 1506 1197 1507
SAGSLOW 1198 1507 1197 1507
SAGSLOW 1195 1506 1197 1507
SAGSLOW 1191 1507 1197 1507
SAGSLOW 1200 1507 1197 1507
SAGSLOW 1200 1507 1197 1507
SAGSLOW 1198 1507 1197 1507
SAGSLOW 1195 1507 1197 1507
SAGSLOW 1198 1507 1197 1507
SAGSLOW 1202 1507 1197 1507
SAGSLOW 1200 1506 1197 1507
SAGSLOW 1197 1507 1197 1507
SAGSLOW 1193 1507 1197 1507
SAGSLOW 1198 1507 1197 1507
SAGSLOW 1201 1507 1197 1507
SAGSLOW 1196 1506 1197 1507
SAGSLOW 1199 1506 1197 1507
SAGSLOW 1195 1507 1197 1507
SAGSLOW 1199 1507 1198 1507
SAGSLOW 1200 1507 1198 1507
SAGSLOW 1192 1507 1198 1507
SAGSLOW 1196 1507 1197 1507
SAGSLOW 1196 1507 1197 1507
SAGSLOW 1200 1506 1197 1507
SAGSLOW 1197 1507 1197 1507
SAGSLOW 1196 1506 1197 1507
SAGSLOW 1198 1507 1197 1507
SAGSLOW 1199 1507 1197 1507
SAGSLOW 1198 1506 1197 1507
SAGSLOW 1196 1507 1197 1507
SAGSLOW 1199 1507 1197 1507
SAGSLOW 1200 1507 1197 1507
SAGSLOW 1194 1508 1197 1507
SAGSLOW 1195 1507 1197 1507
SAGSLOW 1199 1507 1197 1507
SAGSLOW 1198 1507 1197 1507
SAGSLOW 1196 1508 1197 1507
SAGSLOW 1200 1507 1197 1507
SAGSLOW 1197 1507 1197 1507
SAGSLOW 1200 1506 1197 1507
SAGSLOW 1198 1507 1197 1507
SAGSLOW 1201 1507 1197 1507
SAGSLOW 1194 1506 1198 1507
SAGSLOW 1199 1507 1198 1507
SAGSLOW 1201 1508 1198 1507
SAGSLOW 1204 1506 1198 1507
SAGSLOW 1196 1507 1198 1507
SAGSLOW 1195 1507 1198 1507
SAGSLOW 1207 1507 1198 1507
SAGSLOW 1196 1506 1198 1507
SAGSLOW 1199 1507 1198 1507
SAGSLOW 1196 1507 1198 1507
SAGSLOW 1198 1507 1198 1507
SAGSLOW 1203 1507 1198 1507
SAGSLOW 1199 1507 1198 1507
SAGSLOW 1198 1506 1198 1507
SAGSLOW 1197 1505 1198 1507
SAGSLOW 1198 1507 1198 1507
SAGSLOW 1198 1507 1198 1507
SAGSLOW 1193 1507 1198 1507
SAGSLOW 1194 1506 1198 1507
SAGSLOW 1199 1507 1198 1507
SAGSLOW 1201 1507 1198 1507
SAGSLOW 1196 1507 1198 1507
SAGSLOW 1195 1507 1198 1507
SAGSLOW 1196 1506 1198 1507
SAGSLOW 1202 1506 1198 1507
SAGSLOW 1199 1507 1198 1507
SAGSLOW 1190 1506 1198 1507
SAGSLOW 1198 1507 1198 1507
SAGSLOW 1199 1506 1198 1507
SAGSLOW 1200 1507 1198 1507
SAGSLOW 1195 1507 1198 1507
SAGSLOW 1196 1507 1198 1507
SAGSLOW 1201 1507 1198 1507
SAGSLOW 1197 1507 1198 1507
SAGSLOW 1198 1505 1198 1507
SAGSLOW 1199 1508 1198 1507
SAGSLOW 1201 1507 1198 1507
SAGSLOW 1197 1507 1198 1507
SAGSLOW 1199 1506 1198 1507
SAGSLOW 1190 1507 1198 1507
SAGSLOW 1199 1507 1198 1507
SAGSLOW 1197 1507 1198 1507
SAGSLOW 1196 1507 1198 1507
SAGSLOW 1201 1507 1198 1507
SAGSLOW 1191 1507 1198 1507
SAGSLOW 1201 1508 1198 1507
SAGSLOW 1196 1507 1198 1507
SAGSLOW 1191 1506 1198 1507
SAGSLOW 1199 1507 1198 1507
SAGSLOW 1193 1507 1198 1507
SAGSLOW 1197 1507 1198 1507
SAGSLOW 1192 1506 1198 1507
SAGSLOW 1199 1506 1198 1507
SAGSLOW 1197 1506 1198 1507
SAGSLOW 1193 1507 1198 1507
SAGSLOW 1195 1507 1198 1507
SAGSLOW 1197 1507 1198 1507
SAGSLOW 1199 1506 1198 1507
SAGSLOW 1198 1506 1198 1507
SAGSLOW 1206 1507 1198 1507
SAGSLOW 1193 1508 1198 1507
SAGSLOW 1196 1507 1198 1507
SAGSLOW 1197 1507 1198 1507
SAGSLOW 1201 1506 1198 1507
SAGSLOW 1196 1507 1198 1507
SAGSLOW 1195 1507 1198 1507
SAGSLOW 1195 1507 1198 1507
SAGSLOW 1196 1506 1198 1507
SAGSLOW 1201 1507 1198 1507
SAGSLOW 1200 1507 1198 1507
SAGSLOW 1199 1507 1198 1507
SAGSLOW 1198 1508 1198 1507
SAGSLOW 1199 1507 1198 1507
SAGSLOW 1198 1507 1198 1507
SAGSLOW 1199 1506 1198 1507
SAGSLOW 1199 1507 1198 1507
SAGSLOW 1202 1507 1198 1507
SAGSLOW 1196 1508 1198 1507
SAGSLOW 1197 1508 1198 1507
SAGSLOW 1199 1507 1198 1507
SAGSLOW 1198 1508 1198 1507
SAGSLOW 1195 1507 1198 1507
SAGSLOW 1199 1507 1198 1507
SAGSLOW 1198 1507 1198 1507
SAGSLOW 1197 1507 1198 1507
SAGSLOW 1199 1507 1198 1507
SAGSLOW 1189 1506 1198 1507
SAGSLOW 1199 1507 1198 1507
SAGSLOW 1202 1506 1198 1507
SAGSLOW 1196 1506 1198 1507
SAGSLOW 1195 1506 1198 1507
SAGSLOW 1197 1507 1198 1507
SAGSLOW 1200 1507 1198 1507
SAGSLOW 1200 1506 1198 1507
SAGSLOW 1198 1506 1198 1507
SAGSLOW 1193 1507 1198 1507
SAGSLOW 1200 1507 1198 1507
SAGSLOW 1197 1507 1198 1507
SAGSLOW 1201 1508 1198 1507
SAGSLOW 1194 1508 1198 1507
SAGSLOW 1204 1507 1198 1507
SAGSLOW 1198 1508 1198 1507
SAGSLOW 1200 1506 1198 1507
SAGSLOW 1197 1507 1198 1507
SAGSLOW 1194 1507 1198 1507
SAGSLOW 1197 1507 1198 1507
SAGSLOW 1200 1508 1198 1507
SAGSLOW 1195 1507 1198 1507
SAGSLOW 1195 1508 1198 1507
SAGSLOW 1200 1506 1198 1507
SAGSLOW 1198 1508 1198 1507
SAGSLOW 1196 1507 1198 1507
SAGSLOW 1198 1507 1198 1507
SAGSLOW 1201 1507 1198 1507
SAGSLOW 1196 1506 1198 1507
SAGSLOW 1196 1507 1198 1507
SAGSLOW 1197 1507 1198 1507
SAGSLOW 1200 1506 1198 1507
SAGSLOW 1197 1507 1198 1507
SAGSLOW 1197 1508 1198 1507
SAGSLOW 1194 1507 1198 1507
SAGSLOW 1201 1506 1198 1507
SAGSLOW 1200 1507 1198 1507
SAGSLOW 1198 1507 1198 1507
SAGSLOW 1195 1508 1198 1507
SAGSLOW 1195 1506 1198 1507
SAGSLOW 1194 1507 1198 1507
SAGSLOW 1202 1507 1198 1507
SAGSLOW 1198 1507 1198 1507
SAGSLOW 1201 1508 1198 1507
SAGSLOW 1198 1507 1198 1507
SAGSLOW 1198 1507 1198 1507
SAGSLOW 1199 1507 1198 1507
SAGSLOW 1198 1507 1198 1507
SAGSLOW 1193 1507 1198 1507
SAGSLOW 1196 1506 1198 1507
SAGSLOW 1192 1507 1198 1507
SAGSLOW 1200 1506 1198 1507
SAGSLOW 1199 1507 1198 1507
SAGSLOW 1195 1507 1198 1507
SAGSLOW 1196 1507 1198 1507
SAGSLOW 1195 1507 1198 1507
SAGSLOW 1194 1508 1198 1507
SAGSLOW 1199 1507 1198 1507
SAGSLOW 1201 1506 1198 1507
SAGSLOW 1197 1506 1198 1507
SAGSLOW 1198 1507 1198 1507
SAGSLOW 1197 1507 1198 1507
SAGSLOW 1204 1507 1198 1507
SAGSLOW 1197 1507 1198 1507
SAGSLOW 1196 1507 1198 1507
SAGSLOW 1194 1507 1198 1507
SAGSLOW 1204 1507 1198 1507
SAGSLOW 1198 1507 1198 1507
SAGSLOW 1198 1507 1198 1507
SAGSLOW 1200 1507 1198 1507
SAGSLOW 1197 1507 1198 1507
SAGSLOW 1194 1506 1198 1507
SAGSLOW 1198 1507 1198 1507
SAGSLOW 1199 1506 1198 1507
SAGSLOW 1196 1506 1198 1507
SAGSLOW 1194 1506 1198 1507
SAGSLOW 1195 1507 1198 1507
SAGSLOW 1198 1507 1198 1507
SAGSLOW 1195 1506 1198 1507
SAGSLOW 1199 1507 1198 1507
SAGSLOW 1197 1506 1198 1507
SAGSLOW 1202 1507 1198 1507
SAGSLOW 1196 1507 1198 1507
SAGSLOW 1198 1507 1198 1507
SAGSLOW 1204 1507 1198 1507
SAGSLOW 1197 1507 1198 1507
SAGSLOW 1199 1507 1198 1507
SAGSLOW 1200 1507 1198 1507
SAGSLOW 1198 1507 1198 1507
SAGSLOW 1196 1507 1198 1507
SAGSLOW 1195 1506 1198 1507
SAGSLOW 1194 1507 1198 1507
SAGSLOW 1199 1507 1198 1507
SAGSLOW 1196 1506 1198 1507
SAGSLOW 1195 1507 1198 1507
SAGSLOW 1196 1507 1198 1507
SAGSLOW 1200 1506 1198 1507
SAGSLOW 1197 1507 1198 1507
SAGSLOW 1206 1506 1198 1507
SAGSLOW 1199 1507 1198 1507
SAGSLOW 1195 1507 1198 1507
SAGSLOW 1206 1506 1198 1507
SAGSLOW 1195 1507 1198 1507
SAGSLOW 1197 1507 1198 1507
SAGSLOW 1195 1506 1198 1507
SAGSLOW 1197 1506 1198 1507
SAGSLOW 1203 1507 1198 1507
SAGSLOW 1201 1507 1198 1507
SAGSLOW 1193 1507 1198 1507
SAGSLOW 1197 1507 1198 1507
SAGSLOW 1194 1507 1198 1507
SAGSLOW 1199 1507 1198 1507
SAGSLOW 1196 1507 1198 1507
SAGSLOW 1195 1507 1198 1507
SAGSLOW 1194 1507 1198 1507
SAGSLOW 1196 1508 1198 1507
SAGSLOW 1202 1507 1198 1507
SAGSLOW 1199 1507 1198 1507
SAGSLOW 1200 1506 1198 1507
SAGSLOW 1201 1508 1198 1507
SAGSLOW 1196 1507 1198 1507
SAGSLOW 1197 1506 1198 1507
SAGSLOW 1196 1507 1198 1507
SAGSLOW 1197 1507 1198 1507
SAGSLOW 1197 1508 1198 1507
SAGSLOW 1199 1507 1198 1507
SAGSLOW 1194 1508 1198 1507
SAGSLOW 1198 1507 1198 1507
SAGSLOW 1197 1506 1198 1507
SAGSLOW 1191 1507 1198 1507
SAGSLOW 1197 1507 1198 1507
SAGSLOW 1194 1507 1198 1507
SAGSLOW 1194 1507 1198 1507
SAGSLOW 1200 1508 1198 1507
SAGSLOW 1201 1506 1198 1507
SAGSLOW 1199 1507 1198 1507
SAGSLOW 1195 1507 1198 1507
SAGSLOW 1203 1507 1198 1507
SAGSLOW 1197 1506 1198 1507
SAGSLOW 1199 1507 1198 1507
SAGSLOW 1195 1507 1198 1507
SAGSLOW 1199 1507 1198 1507
SAGSLOW 1200 1507 1198 1507
SAGSLOW 1203 1506 1198 1507
SAGSLOW 1194 1506 1198 1507
SAGSLOW 1199 1507 1198 1507
SAGSLOW 1199 1507 1198 1507
SAGSLOW 1194 1507 1198 1507
SAGSLOW 1201 1506 1198 1507
SAGSLOW 1205 1506 1198 1507
SAGSLOW 1196 1507 1198 1507
SAGSLOW 1197 1508 1198 1507
SAGSLOW 1193 1507 1198 1507
SAGSLOW 1199 1507 1198 1507
SAGSLOW 1193 1507 1198 1507
SAGSLOW 1195 1508 1198 1507
SAGSLOW 1196 1506 1198 1507
SAGSLOW 1196 1507 1198 1507
SAGSLOW 1196 1507 1198 1507
SAGSLOW 1198 1507 1198 1507
SAGSLOW 1194 1507 1198 1507
SAGSLOW 1201 1506 1198 1507
SAGSLOW 1202 1506 1198 1507
SAGSLOW 1197 1506 1198 1507
SAGSLOW 1196 1507 1198 1507
SAGSLOW 1193 1507 1198 1507
SAGSLOW 1200 1507 1198 1507
SAGSLOW 1200 1507 1198 1507
SAGSLOW 1198 1507 1198 1507
SAGSLOW 1199 1507 1198 1507
SAGSLOW 1201 1507 1198 1507
SAGSLOW 1193 1506 1198 1507
SAGSLOW 1196 1507 1198 1507
SAGSLOW 1196 1507 1198 1507
SAGSLOW 1197 1507 1198 1507
SAGSLOW 1197 1507 1198 1507
SAGSLOW 1197 1506 1198 1507
SAGSLOW 1200 1507 1198 1507
SAGSLOW 1195 1507 1198 1507
SAGSLOW 1197 1507 1198 1507
SAGSLOW 1194 1507 1198 1507
SAGSLOW 1201 1507 1198 1507
SAGSLOW 1197 1507 1198 1507
SAGSLOW 1201 1508 1198 1507
SAGSLOW 1200 1507 1198 1507
SAGSLOW 1197 1507 1198 1507
SAGSLOW 1200 1506 1198 1507
SAGSLOW 1198 1506 1198 1507
SAGSLOW 1198 1508 1198 1507
SAGSLOW 1199 1507 1198 1507
SAGSLOW 1197 1506 1198 1507
SAGSLOW 1199 1507 1198 1507
SAGSLOW 1194 1507 1198 1507
SAGSLOW 1198 1507 1198 1507
SAGSLOW 1194 1507 1198 1507
SAGSLOW 1196 1507 1198 1507
SAGSLOW 1194 1506 1198 1507
SAGSLOW 1197 1506 1198 1507
SAGSLOW 1196 1507 1198 1507
SAGSLOW 1194 1507 1198 1507
SAGSLOW 1195 1507 1198 1507
SAGSLOW 1201 1507 1198 1507
SAGSLOW 1196 1507 1198 1507
SAGSLOW 1196 1507 1198 1507
SAGSLOW 1199 1507 1198 1507
SAGSLOW 1200 1507 1198 1507
SAGSLOW 1199 1508 1198 1507
SAGSLOW 1200 1507 1198 1507
SAGSLOW 1194 1506 1198 1507
SAGSLOW 1196 1507 1198 1507
SAGSLOW 1198 1507 1198 1507
SAGSLOW 1197 1507 1198 1507
SAGSLOW 1200 1506 1198 1507
SAGSLOW 1195 1507 1198 1507
SAGSLOW 1196 1507 1198 1507
SAGSLOW 1198 1506 1198 1507
SAGSLOW 1199 1507 1198 1507
SAGSLOW 1197 1507 1198 1507
SAGSLOW 1198 1507 1198 1507
SAGSLOW 1195 1506 1198 1507
SAGSLOW 1202 1506 1198 1507
SAGSLOW 1197 1508 1198 1507
SAGSLOW 1201 1507 1198 1507
SAGSLOW 1206 1507 1198 1507
SAGSLOW 1192 1507 1198 1507
SAGSLOW 1195 1507 1198 1507
SAGSLOW 1199 1507 1198 1507
SAGSLOW 1197 1507 1198 1507
SAGSLOW 1204 1507 1198 1507
SAGSLOW 1196 1507 1198 1507
SAGSLOW 1198 1508 1198 1507
SAGSLOW 1194 1506 1198 1507
SAGSLOW 1200 1507 1198 1507
SAGSLOW 1193 1507 1198 1507
SAGSLOW 1196 1508 1198 1507
SAGSLOW 1197 1507 1198 1507
SAGSLOW 1200 1507 1198 1507
SAGSLOW 1197 1507 1198 1507
SAGSLOW 1196 1507 1198 1507
SAGSLOW 1198 1507 1198 1507
SAGSLOW 1197 1506 1198 1507
SAGSLOW 1200 1508 1198 1507
SAGSLOW 1194 1506 1198 1507
SAGSLOW 1202 1507 1198 1507
SAGSLOW 1188 1507 1198 1507
SAGSLOW 1196 1508 1198 1507
SAGSLOW 1198 1507 1198 1507
SAGSLOW 1202 1506 1198 1507
SAGSLOW 1196 1507 1198 1507
SAGSLOW 1205 1506 1198 1507
SAGSLOW 1189 1508 1198 1507
SAGSLOW 1203 1507 1198 1507
SAGSLOW 1194 1506 1198 1507
SAGSLOW 1200 1506 1198 1507
SAGSLOW 1198 1507 1198 1507
SAGSLOW 1196 1507 1198 1507
SAGSLOW 1195 1507 1198 1507
SAGSLOW 1201 1506 1198 1507
SAGSLOW 1201 1508 1198 1507
SAGSLOW 1196 1507 1198 1507
SAGSLOW 1200 1507 1198 1507
SAGSLOW 1196 1508 1198 1507
SAGSLOW 1201 1507 1198 1507
SAGSLOW 1197 1507 1198 1507
SAGSLOW 1197 1507 1198 1507
SAGSLOW 1201 1507 1198 1507
SAGSLOW 1206 1507 1198 1507
SAGSLOW 1201 1507 1198 1507
SAGSLOW 1199 1507 1198 1507
SAGSLOW 1200 1507 1198 1507
SAGSLOW 1197 1507 1198 1507
SAGSLOW 1198 1506 1198 1507
SAGSLOW 1199 1507 1198 1507
SAGSLOW 1196 1506 1198 1507
SAGSLOW 1199 1507 1198 1507
SAGSLOW 1189 1507 1198 1507
SAGSLOW 1199 1506 1198 1507
SAGSLOW 1197 1507 1198 1507
SAGSLOW 1195 1507 1198 1507
SAGSLOW 1200 1507 1198 1507
SAGSLOW 1195 1507 1198 1507
SAGSLOW 1199 1506 1198 1507
SAGSLOW 1201 1506 1198 1507
SAGSLOW 1196 1506 1198 1507
SAGSLOW 1200 1508 1198 1507
SAGSLOW 1198 1506 1198 1507
SAGSLOW 1198 1506 1198 1507
SAGSLOW 1198 1507 1198 1507
SAGSLOW 1202 1506 1198 1507
SAGSLOW 1200 1507 1198 1507
SAGSLOW 1200 1507 1198 1507
SAGSLOW 1205 1507 1198 1507
SAGSLOW 1200 1507 1198 1507
SAGSLOW 1195 1506 1198 1507
SAGSLOW 1198 1507 1198 1507
SAGSLOW 1196 1507 1198 1507
SAGSLOW 1205 1508 1198 1507
SAGSLOW 1195 1508 1198 1507
SAGSLOW 1194 1507 1198 1507
SAGSLOW 1195 1506 1198 1507
SAGSLOW 1195 1507 1198 1507
SAGSLOW 1198 1507 1198 1507
SAGSLOW 1196 1507 1198 1507
SAGSLOW 1195 1507 1198 1507
SAGSLOW 1194 1507 1198 1507
SAGSLOW 1202 1507 1198 1507
SAGSLOW 1197 1508 1198 1507
SAGSLOW 1199 1508 1198 1507
SAGSLOW 1196 1507 1198 1507
SAGSLOW 1195 1507 1198 1507
SAGSLOW 1197 1508 1198 1507
SAGSLOW 1198 1507 1198 1507
SAGSLOW 1198 1507 1198 1507
SAGSLOW 1197 1507 1198 1507
SAGSLOW 1198 1507 1198 1507
SAGSLOW 1195 1507 1198 1507
SAGSLOW 1194 1507 1198 1507
SAGSLOW 1200 1507 1198 1507
SAGSLOW 1199 1506 1198 1507
SAGSLOW 1201 1507 1198 1507
SAGSLOW 1195 1507 1198 1507
SAGSLOW 1194 1506 1198 1507
SAGSLOW 1197 1507 1198 1507
SAGSLOW 1196 1507 1198 1507
SAGSLOW 1194 1507 1198 1507
SAGSLOW 1199 1507 1198 1507
SAGSLOW 1195 1507 1198 1507
SAGSLOW 1195 1506 1198 1507
SAGSLOW 1194 1507 1198 1507
SAGSLOW 1195 1506 1198 1507
SAGSLOW 1195 1505 1198 1507
SAGSLOW 1197 1507 1198 1507
SAGSLOW 1200 1507 1198 1507
SAGSLOW 1184 1507 1198 1507
SAGSLOW 1200 1507 1198 1507
SAGSLOW 1196 1507 1198 1507
SAGSLOW 1200 1507 1198 1507
SAGSLOW 1200 1507 1198 1507
SAGSLOW 1201 1507 1198 1507
SAGSLOW 1200 1507 1198 1507
SAGSLOW 1202 1507 1198 1507
SAGSLOW 1206 1507 1198 1507
SAGSLOW 1194 1507 1198 1507
SAGSLOW 1199 1507 1198 1507
SAGSLOW 1196 1506 1198 1507
SAGSLOW 1194 1507 1198 1507
SAGSLOW 1203 1507 1198 1507
SAGSLOW 1196 1507 1198 1507
SAGSLOW 1202 1507 1198 1507
SAGSLOW 1196 1506 1198 1507
SAGSLOW 1195 1507 1198 1507
SAGSLOW 1193 1507 1198 1507
SAGSLOW 1194 1507 1198 1507
SAGSLOW 1200 1507 1198 1507
SAGSLOW 1195 1507 1198 1507
SAGSLOW 1198 1507 1198 1507
SAGSLOW 1198 1507 1198 1507
SAGSLOW 1196 1507 1198 1507
SAGSLOW 1199 1507 1198 1507
SAGSLOW 1200 1508 1198 1507
SAGSLOW 1195 1508 1198 1507
SAGSLOW 1197 1506 1198 1507
SAGSLOW 1196 1507 1198 1507
SAGSLOW 1198 1506 1198 1507
SAGSLOW 1201 1507 1198 1507
SAGSLOW 1202 1507 1198 1507
SAGSLOW 1197 1507 1198 1507
SAGSLOW 1197 1506 1198 1507
SAGSLOW 1195 1507 1198 1507
SAGSLOW 1195 1508 1198 1507
SAGSLOW 1200 1507 1198 1507
SAGSLOW 1196 1506 1198 1507
SAGSLOW 1191 1507 1198 1507
SAGSLOW 1199 1507 1198 1507
SAGSLOW 1199 1507 1198 1507
SAGSLOW 1189 1506 1198 1507
SAGSLOW 1196 1507 1198 1507
SAGSLOW 1197 1508 1198 1507
SAGSLOW 1195 1506 1198 1507
SAGSLOW 1197 1507 1198 1507
SAGSLOW 1197 1506 1198 1507
SAGSLOW 1198 1506 1198 1507
SAGSLOW 1197 1508 1198 1507
SAGSLOW 1197 1506 1197 1507
SAGSLOW 1197 1507 1198 1507
SAGSLOW 1193 1507 1198 1507
SAGSLOW 1197 1506 1197 1507
SAGSLOW 1200 1506 1197 1507
SAGSLOW 1198 1508 1197 1507
SAGSLOW 1195 1507 1197 1507
SAGSLOW 1203 1508 1197 1507
SAGSLOW 1199 1508 1197 1507
SAGSLOW 1200 1506 1197 1507
SAGSLOW 1198 1507 1197 1507
SAGSLOW 1196 1508 1197 1507
SAGSLOW 1195 1507 1197 1507
SAGSLOW 1202 1507 1197 1507
SAGSLOW 1202 1507 1197 1507
SAGSLOW 1200 1507 1197 1507
SAGSLOW 1195 1507 1197 1507
SAGSLOW 1195 1507 1197 1507
SAGSLOW 1201 1507 1197 1507
SAGSLOW 1195 1508 1197 1507
SAGSLOW 1196 1507 1197 1507
SAGSLOW 1201 1508 1197 1507
SAGSLOW 1196 1507 1197 1507
SAGSLOW 1204 1507 1197 1507
SAGSLOW 1197 1507 1197 1507
SAGSLOW 1200 1507 1197 1507
SAGSLOW 1201 1507 1197 1507
SAGSLOW 1198 1507 1197 1507
SAGSLOW 1198 1507 1197 1507
SAGSLOW 1198 1507 1197 1507
SAGSLOW 1202 1506 1197 1507
SAGSLOW 1199 1507 1197 1507
SAGSLOW 1194 1507 1197 1507
SAGSLOW 1203 1507 1197 1507
SAGSLOW 1200 1506 1197 1507
SAGSLOW 1196 1507 1198 1507
SAGSLOW 1199 1507 1197 1507
SAGSLOW 1196 1507 1197 1507
SAGSLOW 1197 1507 1198 1507
SAGSLOW 1199 1507 1197 1507
SAGSLOW 1194 1507 1198 1507
SAGSLOW 1199 1507 1198 1507
SAGSLOW 1200 1508 1197 1507
SAGSLOW 1197 1507 1197 1507
SAGSLOW 1196 1507 1197 1507
SAGSLOW 1200 1507 1197 1507
SAGSLOW 1194 1507 1197 1507
SAGSLOW 1194 1508 1197 1507
SAGSLOW 1195 1507 1197 1507
SAGSLOW 1191 1506 1197 1507
SAGSLOW 1194 1507 1197 1507
SAGSLOW 1200 1507 1197 1507
SAGSLOW 1197 1506 1197 1507
SAGSLOW 1192 1508 1197 1507
SAGSLOW 1195 1508 1197 1507
SAGSLOW 1201 1507 1197 1507
SAGSLOW 1199 1507 1197 1507
SAGSLOW 1201 1507 1197 1507
SAGSLOW 1196 1506 1197 1507
SAGSLOW 1199 1507 1197 1507
SAGSLOW 1196 1507 1197 1507
SAGSLOW 1199 1508 1197 1507
SAGSLOW 1199 1506 1197 1507
SAGSLOW 1191 1507 1197 1507
SAGSLOW 1197 1507 1197 1507
SAGSLOW 1198 1507 1197 1507
SAGSLOW 1200 1507 1197 1507
SAGSLOW 1194 1507 1197 1507
SAGSLOW 1199 1507 1197 1507
SAGSLOW 1203 1506 1197 1507
SAGSLOW 1199 1506 1197 1507
SAGSLOW 1199 1507 1197 1507
SAGSLOW 1200 1507 1197 1507
SAGSLOW 1196 1507 1197 1507
SAGSLOW 1193 1508 1197 1507
SAGSLOW 1190 1507 1197 1507
SAGSLOW 1195 1507 1197 1507
SAGSLOW 1200 1506 1197 1507
SAGSLOW 1199 1508 1197 1507
SAGSLOW 1195 1507 1197 1507
SAGSLOW 1200 1507 1197 1507
SAGSLOW 1198 1508 1197 1507
SAGSLOW 1195 1507 1197 1507
SAGSLOW 1199 1506 1197 1507
SAGSLOW 1196 1508 1197 1507
SAGSLOW 1194 1507 1197 1507
SAGSLOW 1200 1507 1197 1507
SAGSLOW 1197 1507 1197 1507
SAGSLOW 1201 1507 1197 1507
SAGSLOW 1197 1508 1197 1507
SAGSLOW 1196 1508 1197 1507
SAGSLOW 1199 1506 1197 1507
SAGSLOW 1193 1506 1197 1507
SAGSLOW 1198 1507 1197 1507
SAGSLOW 1197 1508 1197 1507
SAGSLOW 1196 1508 1197 1507
SAGSLOW 1201 1507 1197 1507
SAGSLOW 1199 1507 1197 1507
SAGSLOW 1201 1506 1197 1507
SAGSLOW 1194 1507 1197 1507
SAGSLOW 1200 1508 1197 1507
SAGSLOW 1194 1507 1197 1507
SAGSLOW 1200 1507 1197 1507
SAGSLOW 1196 1507 1197 1507
SAGSLOW 1200 1507 1197 1507
SAGSLOW 1196 1508 1197 1507
SAGSLOW 1200 1507 1197 1507
SAGSLOW 1195 1507 1198 1507
SAGSLOW 1198 1507 1197 1507
SAGSLOW 1194 1507 1197 1507
SAGSLOW 1203 1507 1197 1507
SAGSLOW 1195 1507 1197 1507
SAGSLOW 1198 1507 1197 1507
SAGSLOW 1197 1507 1198 1507
SAGSLOW 1197 1507 1197 1507
SAGSLOW 1194 1507 1197 1507
SAGSLOW 1201 1507 1197 1507
SAGSLOW 1192 1507 1197 1507
SAGSLOW 1202 1506 1197 1507
SAGSLOW 1198 1507 1197 1507
SAGSLOW 1198 1507 1197 1507
SAGSLOW 1195 1507 1197 1507
SAGSLOW 1199 1507 1197 1507
SAGSLOW 1198 1508 1197 1507
SAGSLOW 1195 1507 1197 1507
SAGSLOW 1196 1507 1197 1507
SAGSLOW 1198 1507 1197 1507
SAGSLOW 1194 1507 1197 1507
SAGSLOW 1203 1506 1197 1507
SAGSLOW 1198 1507 1197 1507
SAGSLOW 1199 1507 1197 1507
SAGSLOW 1199 1506 1197 1507
SAGSLOW 1198 1508 1197 1507
SAGSLOW 1197 1506 1197 1507
SAGSLOW 1196 1507 1197 1507
SAGSLOW 1201 1507 1197 1507
SAGSLOW 1195 1507 1197 1507
SAGSLOW 1197 1507 1197 1507
SAGSLOW 1197 1507 1197 1507
SAGSLOW 1193 1507 1197 1507
SAGSLOW 1201 1507 1197 1507
SAGSLOW 1200 1508 1197 1507
SAGSLOW 1196 1507 1197 1507
SAGSLOW 1200 1507 1197 1507
SAGSLOW 1200 1507 1198 1507
SAGSLOW 1197 1508 1198 1507
SAGSLOW 1199 1507 1198 1507
SAGSLOW 1196 1506 1198 1507
SAGSLOW 1196 1507 1198 1507
SAGSLOW 1194 1506 1198 1507
SAGSLOW 1196 1507 1197 1507
SAGSLOW 1200 1507 1198 1507
SAGSLOW 1201 1507 1198 1507
SAGSLOW 1199 1507 1198 1507
SAGSLOW 1201 1507 1198 1507
SAGSLOW 1199 1507 1198 1507
SAGSLOW 1197 1508 1198 1507
SAGSLOW 1197 1507 1198 1507
SAGSLOW 1200 1507 1198 1507
SAGSLOW 1199 1508 1198 1507
SAGSLOW 1198 1506 1198 1507
SAGSLOW 1199 1507 1198 1507
SAGSLOW 1196 1507 1198 1507
SAGSLOW 1197 1507 1198 1507
SAGSLOW 1200 1507 1198 1507
SAGSLOW 1201 1507 1198 1507
SAGSLOW 1195 1507 1198 1507
SAGSLOW 1198 1508 1198 1507
SAGSLOW 1195 1507 1198 1507
SAGSLOW 1195 1507 1198 1507
SAGSLOW 1199 1507 1197 1507
SAGSLOW 1197 1507 1197 1507
SAGSLOW 1197 1507 1198 1507
SAGSLOW 1197 1507 1198 1507
SAGSLOW 1200 1508 1198 1507
SAGSLOW 1196 1507 1198 1507
SAGSLOW 1195 1507 1198 1507
SAGSLOW 1201 1507 1198 1507
SAGSLOW 1200 1507 1198 1507
SAGSLOW 1199 1507 1198 1507
SAGSLOW 1199 1507 1198 1507
SAGSLOW 1197 1507 1198 1507
SAGSLOW 1201 1506 1198 1507
SAGSLOW 1199 1507 1198 1507
SAGSLOW 1197 1507 1198 1507
SAGSLOW 1198 1507 1198 1507
SAGSLOW 1204 1508 1198 1507
SAGSLOW 1199 1507 1198 1507
SAGSLOW 1196 1507 1198 1507
SAGSLOW 1197 1508 1198 1507
SAGSLOW 1199 1506 1198 1507
SAGSLOW 1196 1507 1198 1507
SAGSLOW 1204 1507 1198 1507
SAGSLOW 1198 1507 1198 1507
SAGSLOW 1198 1507 1198 1507
SAGSLOW 1196 1507 1198 1507
SAGSLOW 1203 1506 1198 1507
SAGSLOW 1198 1507 1198 1507
SAGSLOW 1195 1506 1198 1507
SAGSLOW 1191 1507 1198 1507
SAGSLOW 1199 1507 1198 1507
SAGSLOW 1199 1506 1198 1507
SAGSLOW 1202 1507 1198 1507
SAGSLOW 1194 1507 1198 1507
SAGSLOW 1197 1506 1198 1507
SAGSLOW 1195 1508 1198 1507
SAGSLOW 1194 1507 1198 1507
SAGSLOW 1199 1507 1198 1507
SAGSLOW 1192 1506 1198 1507
SAGSLOW 1195 1507 1197 1507
SAGSLOW 1200 1506 1197 1507
SAGSLOW 1201 1507 1197 1507
SAGSLOW 1197 1507 1198 1507
SAGSLOW 1200 1507 1198 1507
SAGSLOW 1197 1506 1197 1507
SAGSLOW 1200 1506 1197 1507
SAGSLOW 1198 1506 1197 1507
SAGSLOW 1195 1507 1197 1507
SAGSLOW 1198 1506 1197 1507
SAGSLOW 1197 1507 1197 1507
SAGSLOW 1193 1508 1197 1507
SAGSLOW 1197 1507 1197 1507
SAGSLOW 1197 1507 1197 1507
SAGSLOW 1200 1507 1197 1507
SAGSLOW 1194 1507 1197 1507
SAGSLOW 1199 1507 1197 1507
SAGSLOW 1203 1507 1197 1507
SAGSLOW 1199 1507 1197 1507
SAGSLOW 1199 1507 1197 1507
SAGSLOW 1198 1507 1197 1507
SAGSLOW 1195 1507 1197 1507
SAGSLOW 1197 1507 1197 1507
SAGSLOW 1199 1507 1197 1507
SAGSLOW 1198 1507 1197 1507
SAGSLOW 1198 1507 1197 1507
SAGSLOW 1196 1507 1197 1507
SAGSLOW 1196 1507 1197 1507
SAGSLOW 1195 1507 1197 1507
SAGSLOW 1198 1507 1197 1507
SAGSLOW 1199 1507 1197 1507
SAGSLOW 1195 1508 1197 1507
SAGSLOW 1196 1506 1197 1507
SAGSLOW 1199 1507 1197 1507
SAGSLOW 1203 1507 1197 1507
SAGSLOW 1200 1507 1197 1507
SAGSLOW 1198 1507 1197 1507
SAGSLOW 1198 1506 1197 1507
SAGSLOW 1195 1506 1197 1507
SAGSLOW 1197 1507 1197 1507
SAGSLOW 1196 1505 1197 1507
SAGSLOW 1199 1507 1197 1507
SAGSLOW 1201 1507 1197 1507
SAGSLOW 1198 1507 1197 1507
SAGSLOW 1201 1507 1197 1507
SAGSLOW 1195 1508 1197 1507
SAGSLOW 1196 1507 1197 1507
SAGSLOW 1196 1507 1197 1507
SAGSLOW 1199 1507 1197 1507
SAGSLOW 1202 1506 1198 1507
SAGSLOW 1200 1507 1198 1507
SAGSLOW 1199 1507 1198 1507
SAGSLOW 1200 1507 1198 1507
SAGSLOW 1195 1507 1198 1507
SAGSLOW 1196 1508 1198 1507
SAGSLOW 1196 1507 1198 1507
SAGSLOW 1196 1508 1198 1507
SAGSLOW 1197 1506 1197 1507
SAGSLOW 1197 1507 1197 1507
SAGSLOW 1195 1508 1197 1507
SAGSLOW 1194 1507 1197 1507
SAGSLOW 1198 1508 1197 1507
SAGSLOW 1198 1506 1197 1507
SAGSLOW 1196 1508 1197 1507
SAGSLOW 1198 1507 1197 1507
SAGSLOW 1201 1507 1197 1507
SAGSLOW 1201 1507 1197 1507
SAGSLOW 1198 1508 1197 1507
SAGSLOW 1195 1507 1197 1507
SAGSLOW 1200 1507 1197 1507
SAGSLOW 1197 1506 1197 1507
SAGSLOW 1193 1508 1197 1507
SAGSLOW 1195 1507 1197 1507
SAGSLOW 1201 1508 1197 1507
SAGSLOW 1197 1506 1197 1507
SAGSLOW 1201 1508 1197 1507
SAGSLOW 1195 1507 1197 1507
SAGSLOW 1198 1507 1197 1507
SAGSLOW 1201 1506 1197 1507
SAGSLOW 1200 1506 1197 1507
SAGSLOW 1198 1506 1197 1507
SAGSLOW 1198 1507 1197 1507
SAGSLOW 1192 1507 1197 1507
SAGSLOW 1198 1507 1197 1507
SAGSLOW 1196 1507 1197 1507
SAGSLOW 1201 1508 1197 1507
SAGSLOW 1199 1506 1197 1507
SAGSLOW 1199 1507 1197 1507
SAGSLOW 1198 1508 1197 1507
SAGSLOW 1193 1507 1197 1507
SAGSLOW 1197 1507 1197 1507
SAGSLOW 1195 1507 1197 1507
SAGSLOW 1196 1507 1197 1507
SAGSLOW 1196 1507 1197 1507
SAGSLOW 1193 1507 1197 1507
SAGSLOW 1197 1507 1197 1507
SAGSLOW 1194 1507 1197 1507
SAGSLOW 1197 1507 1197 1507
SAGSLOW 1191 1507 1197 1507
SAGSLOW 1197 1507 1197 1507
SAGSLOW 1198 1507 1197 1507
SAGSLOW 1201 1506 1197 1507
SAGSLOW 1198 1507 1197 1507
SAGSLOW 1200 1507 1197 1507
SAGSLOW 1196 1507 1197 1507
SAGSLOW 1198 1508 1197 1507
SAGSLOW 1195 1507 1197 1507
SAGSLOW 1199 1506 1197 1507
SAGSLOW 1202 1506 1197 1507
SAGSLOW 1198 1507 1197 1507
SAGSLOW 1196 1507 1197 1507
SAGSLOW 1192 1506 1197 1507
SAGSLOW 1199 1507 1197 1507
SAGSLOW 1194 1507 1197 1507
SAGSLOW 1196 1507 1197 1507
SAGSLOW 1195 1507 1197 1507
SAGSLOW 1197 1507 1197 1507
SAGSLOW 1195 1507 1197 1507
SAGSLOW 1191 1507 1197 1507
SAGSLOW 1194 1508 1197 1507
SAGSLOW 1198 1507 1197 1507
SAGSLOW 1199 1507 1197 1507
SAGSLOW 1192 1507 1197 1507
SAGSLOW 1195 1507 1197 1507
SAGSLOW 1199 1507 1196 1507
SAGSLOW 1194 1508 1196 1507
SAGSLOW 1204 1508 1196 1507
SAGSLOW 1198 1506 1196 1507
SAGSLOW 1202 1507 1196 1507
SAGSLOW 1203 1507 1196 1507
SAGSLOW 1195 1507 1196 1507
SAGSLOW 1193 1508 1196 1507
SAGSLOW 1201 1506 1196 1507
SAGSLOW 1188 1507 1196 1507
SAGSLOW 1198 1507 1196 1507
SAGSLOW 1197 1507 1196 1507
SAGSLOW 1197 1507 1196 1507
SAGSLOW 1199 1507 1196 1507
SAGSLOW 1199 1507 1196 1507
SAGSLOW 1199 1507 1196 1507
SAGSLOW 1193 1506 1196 1507
SAGSLOW 1198 1507 1196 1507
SAGSLOW 1196 1508 1196 1507
SAGSLOW 1198 1507 1196 1507
SAGSLOW 1191 1507 1196 1507
SAGSLOW 1195 1507 1196 1507
SAGSLOW 1198 1507 1196 1507
SAGSLOW 1194 1507 1196 1507
SAGSLOW 1200 1507 1196 1507
SAGSLOW 1195 1506 1196 1507
SAGSLOW 1195 1507 1196 1507
SAGSLOW 1200 1507 1196 1507
SAGSLOW 1195 1507 1196 1507
SAGSLOW 1198 1508 1196 1507
SAGSLOW 1196 1506 1196 1507
SAGSLOW 1196 1507 1196 1507
SAGSLOW 1199 1507 1196 1507
SAGSLOW 1198 1507 1196 1507
SAGSLOW 1199 1507 1196 1507
SAGSLOW 1195 1506 1196 1507
SAGSLOW 1198 1507 1196 1507
SAGSLOW 1194 1507 1196 1507
SAGSLOW 1196 1507 1196 1507
SAGSLOW 1193 1506 1196 1507
SAGSLOW 1200 1507 1196 1507
SAGSLOW 1191 1506 1196 1507
SAGSLOW 1198 1507 1196 1507
SAGSLOW 1199 1507 1196 1507
SAGSLOW 1196 1507 1196 1507
SAGSLOW 1193 1507 1196 1507
SAGSLOW 1200 1507 1196 1507
SAGEND
