# elf_crc32 63C0061D
# elf_sha256 828501C1596B3C1425F3D77CCE5AAEBDE343D25109FC0F7F0BACBA965B74D8D5
# started 2026-09-24T04:23:44
BEMFRUN handoff_ehz=200 target_duty_tenths=500 advance_level=22 total_ms=80000 inject=0
PREFLIGHT moe=0 ccr1=0 ccr2=0 ccr3=0 gates_low=1 en=0 nfault=1 verdict=PASS
POSTSTOP
PREFLIGHT moe=0 ccr1=0 ccr2=0 ccr3=0 gates_low=1 en=0 nfault=1 verdict=PASS
BEMFDONE reason=2 accepted=865809 forced=0 zc_acc=867851 too_early=8 unstable=1411767 ci_us=78 bus_ref=1219 bus_min=1114
BEMFSAG ref_bus=1219 ref_vref=1506 filt_bus=1198 filt_vref=1507 streak=0 tripped=0
BEMFGATE closed_ms=74774 hold_ms=54774 target_tenths=500 zc_per_s=11579 comm_per_s=11579 ehz_from_ci_last=2136 forced_pct=0
BEMFRATE hold_ms=54774 hold_accepted=707786 hold_forced=0 mean_ci_us=77 mean_sector_us=77 ehz_from_sector=2164 zc_per_s=12921 zc_expected_per_s=12987 zc_rate_permille_of_expected=994 hold_forced_pct=0
BEMFTAIL accepts=35829 span_us=2773637 start_before_stop_us=2773740 end_before_stop_us=103 window_us=2000000
BEMFRCOMP spent_max_us=11 late_arms=0 com_preempts=0 com_arm_preempts=0
BEMFSECTOR a1=65535 f1=0 a2=65535 f2=0 a3=65535 f3=0 a4=65535 f4=0 a5=65535 f5=0 a6=65535 f6=0
BEMFPHASE lt075=35022 to100=65535 to125=65535 to150=25989 gt150=4392
BEMFREVISIT r1=30054 v1=13804 r2=29683 v2=12106 r3=25258 v3=14939 r4=45024 v4=15242 r5=21494 v5=13044 r6=33748 v6=17629
BEMFDRIVEN entered=1 epochs=22 accepts=13 early=17 unstable=279 defers=1 retries=0 late_max_us=23 qual_intervals=12 qual_reanchors=0 qual_fault=0 fail=0 seeded=1 seed_step=4 seed_us=805 commanded_us=833 irq_peak_per_ms=46 closed_irq_peak_per_ms=67 storm=0 storm_step=0 cap_armed=1 comp_call_max_us=16 overrun=0 blank_arms=867838 blank_latched=0 com_count=867852 com_late_max_us=10
BEMFGUARD reason=0 ticks=786939 gap_max_us=105 track_fault=0 track_max_us=240 fast_events=859072 fast_min_us=40 loop_iters_closed=2358153 loop_gap_max_us=160 acquire_us=18072
BEMFDRVROWS 10:4:8392:728 11:5:758:698 12:6:702:584 13:1:698:438 14:2:703:323 15:3:778:250 16:4:673:96 17:5:759:15
BEMFDRVROWS 18:6:887:80 19:1:785:13 20:2:815:21 21:3:832:14 22:4:1275:447
BEMFCURRENT blocks=7869 mean_residual=11282 mean_ma=1416 hold_blocks=5423 hold_ma=1798 zero_blocks=50 zero_start=619186 zero_end=617378 zero_drift_ma=-227 ref_ma=326 duty_tenths=500 ceiling_tenths=500 worst_residual=16798 worst_ma=2109
BEMFWITNESS samples=118001 bemf_min=0 bemf_max=0 mid=0 mid_fixed=0 alt=0 hyst_codes=12 driven_rotation=0
vsenc_min=0 vsenc_max=0 star_min=0 star_max=0 bus_ref=1219
BEMFCOAST reason=2 pp_first=0 pp_last=0 crossings=0 spun=1 comp_edges=1933 comp_hi=355568 comp_polls=551700
COASTTIMING trans=1427 offset_us=38 first_us=13 iv_us=233,229,236,230,235,229,237,229 ehz_first=2145
SAGSNAP judged=786912 fast_len=512 slow_len=1024 slow_every=32 frozen=1 num=95 den=100 streak_to_latch=3 adc_rail=4095
SAGROW 13921 1191 1507 1197 1507 0 5 500 101
SAGROW 14016 1195 1507 1197 1507 0 6 500 47
SAGROW 14106 1195 1507 1197 1507 0 1 500 137
SAGROW 14224 1196 1506 1197 1507 0 2 500 96
SAGROW 14320 1196 1506 1197 1507 0 4 500 122
SAGROW 14401 1193 1506 1197 1507 0 5 500 51
SAGROW 14509 1195 1506 1197 1507 0 6 500 80
SAGROW 14631 1196 1506 1197 1507 0 2 500 41
SAGROW 14706 1195 1506 1197 1507 0 3 500 45
SAGROW 14847 1195 1506 1197 1507 0 4 500 109
SAGROW 14913 1196 1507 1197 1507 0 5 500 92
SAGROW 15025 1196 1506 1197 1507 0 1 500 53
SAGROW 15113 1194 1507 1197 1507 0 2 500 60
SAGROW 15239 1205 1507 1197 1507 0 3 500 101
SAGROW 15313 1203 1507 1197 1507 0 5 500 104
SAGROW 15420 1204 1507 1197 1507 0 6 500 52
SAGROW 15543 1206 1507 1197 1507 0 1 500 111
SAGROW 15634 1205 1507 1197 1507 0 3 500 41
SAGROW 15725 1203 1507 1197 1507 0 4 500 53
SAGROW 15851 1204 1507 1197 1507 0 5 500 108
SAGROW 15916 1204 1507 1197 1507 0 6 500 94
SAGROW 16020 1198 1506 1197 1507 0 2 500 89
SAGROW 16155 1197 1507 1197 1507 0 3 500 104
SAGROW 16248 1203 1506 1197 1507 0 5 500 45
SAGROW 16336 1201 1506 1197 1507 0 6 500 50
SAGROW 16455 1201 1506 1197 1507 0 1 500 90
SAGROW 16553 1202 1505 1197 1507 0 3 500 38
SAGROW 16632 1202 1505 1197 1507 0 4 500 118
SAGROW 16731 1203 1505 1197 1507 0 5 500 57
SAGROW 16849 1201 1505 1197 1507 0 6 500 96
SAGROW 16948 1203 1506 1197 1507 0 2 500 43
SAGROW 17028 1197 1506 1197 1507 0 3 500 44
SAGROW 17171 1197 1506 1197 1507 0 4 500 107
SAGROW 17246 1196 1506 1197 1507 0 5 500 112
SAGROW 17337 1196 1506 1197 1507 0 1 500 121
SAGROW 17430 1195 1506 1197 1507 0 2 500 66
SAGROW 17574 1196 1507 1197 1507 0 4 500 50
SAGROW 17649 1195 1507 1197 1507 0 5 500 52
SAGROW 17743 1194 1507 1197 1507 0 6 500 67
SAGROW 17870 1194 1506 1197 1507 0 2 500 114
SAGROW 17951 1193 1506 1197 1507 0 3 500 44
SAGROW 18053 1194 1507 1197 1507 0 4 500 66
SAGROW 18165 1194 1507 1197 1507 0 5 500 92
SAGROW 18248 1191 1507 1197 1507 0 6 500 113
SAGROW 18356 1190 1507 1197 1507 0 2 500 53
SAGROW 18465 1192 1507 1197 1507 0 3 500 89
SAGROW 18567 1193 1507 1197 1507 0 4 500 122
SAGROW 18641 1192 1507 1197 1507 0 6 500 112
SAGROW 18755 1192 1507 1197 1507 0 1 500 77
SAGROW 18873 1194 1507 1197 1507 0 2 500 112
SAGROW 18961 1195 1507 1197 1507 0 4 500 117
SAGROW 19067 1198 1507 1197 1507 0 5 500 79
SAGROW 19180 1197 1506 1197 1507 0 6 500 107
SAGROW 19259 1197 1506 1197 1507 0 2 500 41
SAGROW 19356 1197 1506 1197 1507 0 3 500 55
SAGROW 19484 1198 1506 1197 1507 0 5 500 90
SAGROW 19560 1199 1506 1197 1507 0 5 500 109
SAGROW 19670 1198 1506 1197 1507 0 1 500 60
SAGROW 19784 1197 1506 1197 1507 0 2 500 95
SAGROW 19880 1196 1506 1197 1507 0 4 500 121
SAGROW 19973 1197 1506 1197 1507 0 5 500 45
SAGROW 20068 1198 1506 1197 1507 0 6 500 79
SAGROW 20190 1197 1506 1197 1507 0 2 500 39
SAGROW 20265 1199 1506 1197 1507 0 3 500 42
SAGROW 20406 1199 1506 1197 1507 0 4 500 107
SAGROW 20487 1200 1506 1197 1507 0 5 500 104
SAGROW 20587 1200 1506 1197 1507 0 1 500 54
SAGROW 20674 1200 1506 1197 1507 0 2 500 61
SAGROW 20801 1200 1506 1197 1507 0 3 500 102
SAGROW 20886 1201 1507 1197 1507 0 5 500 42
SAGROW 20966 1201 1507 1197 1507 0 6 500 44
SAGROW 21097 1200 1507 1197 1507 0 1 500 104
SAGROW 21193 1199 1507 1197 1507 0 3 500 40
SAGROW 21284 1198 1507 1197 1507 0 4 500 52
SAGROW 21379 1197 1507 1197 1507 0 5 500 75
SAGROW 21492 1199 1507 1197 1507 0 6 500 107
SAGROW 21580 1200 1507 1197 1507 0 2 500 116
SAGROW 21681 1200 1506 1197 1507 0 3 500 69
SAGROW 21805 1198 1506 1197 1507 0 5 500 41
SAGROW 21890 1199 1506 1197 1507 0 6 500 48
SAGROW 21990 1200 1506 1197 1507 0 1 500 66
SAGROW 22108 1200 1506 1197 1507 0 2 500 105
SAGROW 22182 1201 1506 1197 1507 0 3 500 100
SAGROW 22284 1200 1506 1197 1507 0 5 500 49
SAGROW 22410 1199 1506 1197 1507 0 6 500 97
SAGROW 22500 1198 1506 1197 1507 0 1 500 114
SAGROW 22599 1199 1506 1197 1507 0 3 500 49
SAGROW 22728 1198 1507 1197 1507 0 4 500 103
SAGROW 22813 1197 1507 1197 1507 0 6 500 38
SAGROW 22897 1198 1507 1197 1507 0 1 500 51
SAGROW 23018 1198 1507 1197 1507 0 2 500 80
SAGROW 23131 1198 1506 1197 1507 0 4 500 47
SAGROW 23194 1198 1506 1197 1507 0 4 500 110
SAGROW 23296 1198 1506 1198 1507 0 6 500 60
SAGROW 23421 1198 1507 1198 1507 0 2 500 37
SAGROW 23499 1197 1507 1198 1507 0 3 500 115
SAGROW 23613 1199 1507 1198 1507 0 4 500 67
SAGROW 23720 1199 1507 1198 1507 0 5 500 94
SAGROW 23827 1199 1507 1198 1507 0 1 500 49
SAGROW 23899 1198 1507 1198 1507 0 2 500 43
SAGROW 24029 1198 1508 1198 1507 0 3 500 106
SAGROW 24131 1197 1507 1198 1507 0 5 500 125
SAGROW 24211 1197 1507 1198 1507 0 6 500 58
SAGROW 24314 1199 1507 1198 1507 0 1 500 77
SAGROW 24421 1198 1507 1198 1507 0 3 500 101
SAGROW 24528 1197 1507 1198 1507 0 4 500 64
SAGROW 24635 1197 1507 1198 1507 0 5 500 86
SAGROW 24748 1197 1507 1198 1507 0 1 500 49
SAGROW 24812 1197 1507 1198 1507 0 2 500 113
SAGROW 24913 1198 1507 1198 1507 0 3 500 55
SAGROW 25041 1199 1507 1198 1507 0 4 500 104
SAGROW 25115 1198 1507 1198 1507 0 5 500 109
SAGROW 25229 1198 1507 1198 1507 0 1 500 71
SAGROW 25342 1198 1507 1198 1507 0 2 500 105
SAGROW 25448 1198 1508 1198 1507 0 4 500 49
SAGROW 25523 1199 1508 1198 1507 0 5 500 53
SAGROW 25650 1200 1507 1198 1507 0 6 500 102
SAGROW 25735 1199 1507 1198 1507 0 2 500 39
SAGROW 25813 1198 1508 1198 1507 0 3 500 118
SAGROW 25954 1199 1507 1198 1507 0 4 500 94
SAGROW 26037 1198 1507 1198 1507 0 5 500 107
SAGROW 26145 1198 1507 1198 1507 0 1 500 55
SAGROW 26220 1197 1507 1198 1507 0 2 500 50
SAGROW 26340 1198 1507 1198 1507 0 3 500 95
SAGROW 26434 1198 1507 1198 1507 0 5 500 117
SAGROW 26530 1198 1507 1198 1507 0 5 500 130
SAGROW 26660 1198 1507 1198 1507 0 1 500 109
SAGROW 26742 1196 1507 1198 1507 0 3 500 112
SAGROW 26834 1196 1507 1198 1507 0 4 500 125
SAGROW 26944 1196 1507 1198 1507 0 5 500 84
SAGROW 27053 1199 1507 1198 1507 0 1 500 97
SAGROW 27147 1196 1507 1198 1507 0 2 500 57
SAGROW 27247 1196 1507 1198 1507 0 3 500 77
SAGROW 27353 1196 1507 1198 1507 0 5 500 101
SAGROW 27448 1196 1507 1198 1507 0 6 500 43
SAGROW 27544 1197 1507 1198 1507 0 1 500 73
SAGROW 27656 1198 1507 1198 1507 0 2 500 106
SAGROW 27762 1198 1507 1198 1507 0 4 500 49
SAGROW 27838 1198 1507 1198 1507 0 5 500 55
SAGROW 27957 1197 1507 1198 1507 0 6 500 97
SAGROW 28062 1195 1507 1198 1507 0 2 500 90
SAGROW 28142 1195 1507 1198 1507 0 3 500 53
SAGROW 28275 1195 1506 1198 1507 0 4 500 104
SAGROW 28352 1195 1506 1198 1507 0 6 500 110
SAGROW 28459 1194 1506 1198 1507 0 1 500 56
SAGROW 28574 1194 1506 1198 1507 0 2 500 92
SAGROW 28688 1192 1506 1198 1507 0 4 500 58
SAGROW 28751 1194 1506 1198 1507 0 4 500 122
SAGROW 28856 1195 1506 1198 1507 0 6 500 66
SAGROW 28978 1196 1507 1198 1507 0 1 500 115
SAGROW 29053 1198 1507 1198 1507 0 2 500 110
SAGROW 29193 1196 1507 1198 1507 0 4 500 87
SAGROW 29289 1197 1507 1198 1507 0 6 500 36
SAGROW 29375 1196 1507 1198 1507 0 1 500 122
SAGROW 29470 1198 1507 1198 1507 0 2 500 68
SAGROW 29588 1199 1507 1198 1507 0 3 500 103
SAGROW 29669 1200 1507 1198 1507 0 4 500 106
SAGROW 29776 1198 1507 1198 1507 0 6 500 60
SAGROW 29893 1196 1507 1198 1507 0 1 500 98
SAGROW 29984 1197 1507 1198 1507 0 3 500 41
SAGROW 30075 1196 1507 1198 1507 0 4 500 52
SAGROW 30165 1198 1508 1198 1507 0 5 500 69
SAGROW 30304 1196 1507 1198 1507 0 1 500 49
SAGROW 30375 1196 1507 1198 1507 0 2 500 42
SAGROW 30472 1196 1507 1198 1507 0 3 500 71
SAGROW 30605 1197 1507 1198 1507 0 4 500 122
SAGROW 30668 1197 1506 1197 1507 0 6 500 103
SAGROW 30777 1197 1506 1197 1507 0 1 500 62
SAGROW 30891 1197 1506 1197 1507 0 2 500 94
SAGROW 30987 1198 1506 1197 1507 0 4 500 121
SAGROW 31074 1199 1506 1197 1507 0 5 500 49
SAGROW 31188 1198 1506 1197 1507 0 6 500 55
SAGROW 31289 1198 1506 1197 1507 0 2 500 113
SAGROW 31392 1197 1507 1198 1507 0 3 500 136
SAGROW 31518 1198 1507 1197 1507 0 4 500 102
SAGROW 31592 1199 1507 1198 1507 0 5 500 105
SAGROW 31683 1200 1507 1198 1507 0 1 500 118
SAGROW 31809 1199 1507 1198 1507 0 2 500 94
SAGROW 31920 1199 1507 1198 1507 0 4 500 45
SAGROW 31987 1199 1507 1198 1507 0 4 500 111
SAGROW 32089 1199 1507 1198 1507 0 6 500 61
SAGROW 32210 1198 1507 1198 1507 0 1 500 104
SAGROW 32303 1198 1507 1198 1507 0 3 500 43
SAGROW 32404 1197 1507 1198 1507 0 4 500 68
SAGROW 32483 1197 1507 1198 1507 0 5 500 60
SAGROW 32621 1198 1507 1198 1507 0 1 500 52
SAGROW 32683 1198 1507 1198 1507 0 2 500 114
SAGROW 32808 1197 1507 1198 1507 0 3 500 89
SAGROW 32916 1198 1508 1198 1507 0 4 500 121
SAGROW 33004 1200 1507 1198 1507 0 6 500 45
SAGROW 33099 1201 1507 1198 1507 0 1 500 71
SAGROW 33233 1202 1507 1198 1507 0 3 500 40
SAGROW 33292 1202 1507 1198 1507 0 3 500 98
SAGROW 33400 1199 1507 1198 1507 0 5 500 63
SAGROW 33513 1198 1507 1198 1507 0 6 500 96
SAGROW 33614 1199 1507 1198 1507 0 2 500 46
SAGROW 33706 1199 1507 1198 1507 0 3 500 56
SAGROW 33832 1198 1507 1198 1507 0 4 500 103
SAGROW 33915 1196 1507 1198 1507 0 6 500 115
SAGROW 34004 1196 1507 1198 1507 0 1 500 124
SAGROW 34105 1195 1507 1198 1507 0 2 500 78
SAGROW 34249 1199 1507 1198 1507 0 4 500 57
SAGROW 34302 1199 1507 1198 1507 0 5 500 42
SAGROW 34404 1198 1507 1198 1507 0 6 500 66
SAGROW 34538 1198 1507 1198 1507 0 1 500 117
SAGROW 34607 1198 1507 1198 1507 0 3 500 106
SAGROW 34740 1198 1507 1198 1507 0 4 500 91
SAGROW 34823 1199 1507 1198 1507 0 5 500 68
SAGROW 34928 1200 1507 1198 1507 0 1 500 116
SAGROW 35018 1198 1507 1198 1507 0 2 500 51
SAGROW 35114 1199 1507 1198 1507 0 3 500 75
SAGROW 35227 1199 1507 1198 1507 0 4 500 108
SAGROW 35322 1199 1508 1198 1507 0 6 500 131
SAGROW 35419 1199 1508 1198 1507 0 1 500 75
SAGROW 35520 1199 1508 1198 1507 0 2 500 95
SAGROW 35632 1199 1507 1198 1507 0 4 500 106
SAGROW 35725 1203 1508 1198 1507 0 5 500 74
SAGROW 35830 1204 1508 1198 1507 0 6 500 97
SAGROW 35937 1205 1507 1198 1507 0 2 500 56
SAGROW 36029 1205 1507 1198 1507 0 3 500 67
SAGROW 36149 1204 1507 1198 1507 0 4 500 105
SAGROW 36226 1204 1507 1198 1507 0 6 500 112
SAGROW 36334 1204 1508 1198 1507 0 1 500 61
SAGROW 36448 1204 1508 1198 1507 0 2 500 94
SAGROW 36543 1200 1508 1198 1507 0 4 500 123
SAGROW 36629 1199 1508 1198 1507 0 5 500 47
SAGROW 36757 1199 1508 1198 1507 0 6 500 107
SAGROW 36853 1199 1507 1198 1507 0 1 500 118
SAGROW 36946 1198 1507 1198 1507 0 3 500 55
SAGROW 37068 1198 1507 1198 1507 0 4 500 108
SAGROW 37149 1199 1507 1198 1507 0 5 500 104
SAGROW 37248 1200 1507 1198 1507 0 1 500 54
SAGROW 37337 1199 1507 1198 1507 0 2 500 60
SAGROW 37479 1198 1507 1198 1507 0 4 500 44
SAGROW 37537 1197 1508 1198 1507 0 5 500 103
SAGROW 37644 1197 1508 1198 1507 0 6 500 59
SAGROW 37767 1201 1508 1198 1507 0 1 500 112
SAGROW 37857 1201 1508 1198 1507 0 3 500 41
SAGROW 37948 1199 1507 1198 1507 0 4 500 52
SAGROW 38041 1199 1507 1198 1507 0 5 500 75
SAGROW 38138 1200 1507 1198 1507 0 6 500 92
SAGROW 38243 1200 1507 1198 1507 0 2 500 90
SAGROW 38377 1200 1507 1198 1507 0 3 500 95
SAGROW 38467 1201 1507 1198 1507 0 5 500 41
SAGROW 38552 1197 1506 1198 1507 0 6 500 47
SAGROW 38677 1196 1507 1198 1507 0 1 500 75
SAGROW 38778 1197 1507 1198 1507 0 2 500 113
SAGROW 38846 1198 1507 1198 1507 0 3 500 101
SAGROW 38948 1198 1507 1198 1507 0 5 500 51
SAGROW 39074 1200 1507 1198 1507 0 6 500 99
SAGROW 39163 1201 1507 1198 1507 0 1 500 116
SAGROW 39263 1201 1507 1198 1507 0 3 500 59
SAGROW 39386 1203 1507 1198 1507 0 4 500 103
SAGROW 39466 1205 1507 1198 1507 0 5 500 109
SAGROW 39573 1205 1507 1198 1507 0 1 500 65
SAGROW 39680 1204 1507 1198 1507 0 2 500 92
SAGROW 39789 1205 1507 1198 1507 0 4 500 121
SAGROW 39870 1204 1507 1198 1507 0 5 500 52
SAGROW 39963 1203 1507 1198 1507 0 6 500 63
SAGROW 40086 1202 1507 1198 1507 0 2 500 40
SAGROW 40164 1201 1507 1198 1507 0 3 500 118
SAGROW 40291 1201 1507 1198 1507 0 4 500 81
SAGROW 40387 1200 1507 1198 1507 0 5 500 108
SAGROW 40469 1201 1507 1198 1507 0 6 500 112
SAGROW 40580 1198 1507 1198 1507 0 2 500 62
SAGROW 40666 1198 1507 1198 1507 0 3 500 80
SAGROW 40796 1197 1507 1198 1507 0 4 500 120
SAGROW 40864 1197 1507 1198 1507 0 6 500 92
SAGROW 41010 1198 1508 1198 1507 0 1 500 112
SAGROW 41090 1197 1507 1198 1507 0 3 500 39
SAGROW 41194 1198 1507 1198 1507 0 4 500 67
SAGROW 41312 1198 1507 1198 1507 0 5 500 102
SAGROW 41411 1197 1507 1198 1507 0 1 500 52
SAGROW 41476 1197 1507 1198 1507 0 2 500 116
SAGROW 41602 1196 1508 1198 1507 0 3 500 56
SAGROW 41701 1196 1508 1198 1507 0 5 500 111
SAGROW 41784 1196 1508 1198 1507 0 6 500 115
SAGROW 41885 1196 1507 1198 1507 0 1 500 64
SAGROW 42014 1197 1507 1198 1507 0 3 500 114
SAGROW 42103 1196 1507 1198 1507 0 4 500 121
SAGROW 42184 1199 1507 1198 1507 0 5 500 52
SAGROW 42299 1200 1507 1198 1507 0 6 500 86
SAGROW 42409 1202 1507 1198 1507 0 1 500 96
SAGROW 42490 1201 1507 1198 1507 0 3 500 50
SAGROW 42617 1201 1507 1198 1507 0 4 500 96
SAGROW 42705 1202 1507 1198 1507 0 6 500 113
SAGROW 42798 1201 1507 1198 1507 0 1 500 124
SAGROW 42894 1202 1507 1198 1507 0 2 500 62
SAGROW 43020 1200 1507 1198 1507 0 4 500 120
SAGROW 43107 1200 1507 1198 1507 0 5 500 46
SAGROW 43193 1199 1507 1198 1507 0 6 500 64
SAGROW 43329 1201 1507 1198 1507 0 1 500 115
SAGROW 43420 1201 1507 1198 1507 0 3 500 43
SAGROW 43545 1201 1507 1198 1507 0 4 500 106
SAGROW 43612 1201 1507 1198 1507 0 5 500 89
SAGROW 43724 1199 1507 1198 1507 0 1 500 51
SAGROW 43812 1200 1507 1198 1507 0 2 500 60
SAGROW 43933 1199 1507 1198 1507 0 3 500 100
SAGROW 44024 1200 1507 1198 1507 0 5 500 42
SAGROW 44104 1200 1507 1198 1507 0 6 500 41
SAGROW 44234 1198 1507 1198 1507 0 1 500 102
SAGROW 44331 1197 1507 1198 1507 0 3 500 37
SAGROW 44415 1196 1507 1198 1507 0 3 500 121
SAGROW 44520 1198 1507 1198 1507 0 5 500 76
SAGROW 44617 1197 1507 1198 1507 0 6 500 92
SAGROW 44722 1196 1507 1198 1507 0 2 500 90
SAGROW 44822 1195 1507 1198 1507 0 3 500 70
SAGROW 44942 1195 1507 1198 1507 0 4 500 109
SAGROW 45019 1194 1507 1198 1507 0 6 500 116
SAGROW 45139 1197 1507 1198 1507 0 1 500 75
SAGROW 45252 1200 1507 1198 1507 0 3 500 107
SAGROW 45341 1202 1507 1198 1507 0 4 500 49
SAGROW 45423 1203 1507 1198 1507 0 5 500 131
SAGROW 45521 1204 1507 1198 1507 0 6 500 49
SAGROW 45643 1203 1507 1198 1507 0 2 500 39
SAGROW 45717 1203 1507 1198 1507 0 3 500 42
SAGROW 45858 1206 1507 1198 1507 0 4 500 107
SAGROW 45958 1205 1508 1198 1507 0 6 500 124
SAGROW 46041 1203 1507 1198 1507 0 1 500 55
SAGROW 46127 1200 1508 1198 1507 0 2 500 62
SAGROW 46253 1199 1508 1198 1507 0 3 500 101
SAGROW 46341 1199 1508 1198 1507 0 5 500 43
SAGROW 46441 1199 1507 1198 1507 0 6 500 66
SAGROW 46556 1200 1507 1198 1507 0 1 500 102
SAGROW 46647 1198 1507 1198 1507 0 3 500 41
SAGROW 46737 1198 1507 1198 1507 0 4 500 51
SAGROW 46831 1197 1508 1198 1507 0 5 500 74
SAGROW 46970 1199 1507 1198 1507 0 1 500 53
SAGROW 47042 1199 1507 1198 1507 0 2 500 61
SAGROW 47137 1199 1507 1198 1507 0 3 500 73
SAGROW 47259 1200 1507 1198 1507 0 5 500 43
SAGROW 47350 1199 1507 1198 1507 0 6 500 50
SAGROW 47444 1198 1507 1198 1507 0 1 500 67
SAGROW 47556 1198 1507 1198 1507 0 2 500 100
SAGROW 47646 1196 1507 1198 1507 0 4 500 120
SAGROW 47735 1195 1508 1198 1507 0 5 500 132
SAGROW 47859 1195 1508 1198 1507 0 6 500 94
SAGROW 47958 1196 1508 1198 1507 0 2 500 41
SAGROW 48044 1195 1508 1198 1507 0 3 500 42
SAGROW 48181 1195 1508 1198 1507 0 4 500 107
SAGROW 48256 1195 1508 1198 1507 0 5 500 109
SAGROW 48368 1194 1508 1198 1507 0 1 500 53
SAGROW 48480 1196 1507 1198 1507 0 2 500 103
SAGROW 48585 1197 1507 1198 1507 0 4 500 49
SAGROW 48660 1197 1506 1198 1507 0 5 500 54
SAGROW 48752 1197 1506 1198 1507 0 6 500 64
SAGROW 48875 1198 1506 1198 1507 0 2 500 40
SAGROW 48953 1197 1506 1198 1507 0 3 500 119
SAGROW 49080 1198 1506 1198 1507 0 4 500 69
SAGROW 49170 1199 1506 1198 1507 0 5 500 102
SAGROW 49271 1199 1506 1198 1507 0 1 500 123
SAGROW 49370 1200 1506 1198 1507 0 2 500 62
SAGROW 49469 1201 1506 1198 1507 0 3 500 81
SAGROW 49586 1200 1507 1198 1507 0 4 500 128
SAGROW 49655 1199 1507 1198 1507 0 6 500 92
SAGROW 49801 1199 1507 1198 1507 0 1 500 112
SAGROW 49886 1200 1507 1198 1507 0 3 500 39
SAGROW 49976 1200 1507 1198 1507 0 4 500 60
SAGROW 50070 1199 1507 1198 1507 0 5 500 72
SAGROW 50177 1197 1507 1198 1507 0 6 500 100
SAGROW 50266 1197 1507 1198 1507 0 1 500 117
SAGROW 50366 1197 1507 1198 1507 0 3 500 52
SAGROW 50496 1196 1507 1198 1507 0 5 500 37
SAGROW 50574 1198 1507 1198 1507 0 6 500 115
SAGROW 50675 1197 1507 1198 1507 0 1 500 66
SAGROW 50801 1195 1506 1198 1507 0 3 500 112
SAGROW 50897 1195 1506 1198 1507 0 3 500 129
SAGROW 50973 1196 1506 1198 1507 0 5 500 55
SAGROW 51099 1196 1506 1198 1507 0 6 500 99
SAGROW 51183 1197 1506 1198 1507 0 1 500 114
SAGROW 51275 1198 1506 1198 1507 0 3 500 45
SAGROW 51416 1197 1506 1198 1507 0 4 500 106
SAGROW 51493 1197 1506 1198 1507 0 6 500 113
SAGROW 51583 1199 1506 1198 1507 0 1 500 123
SAGROW 51684 1199 1506 1198 1507 0 2 500 78
SAGROW 51815 1198 1506 1198 1507 0 4 500 45
SAGROW 51891 1198 1506 1198 1507 0 5 500 51
SAGROW 52012 1199 1506 1198 1507 0 6 500 80
SAGROW 52115 1198 1506 1198 1507 0 1 500 115
SAGROW 52193 1197 1507 1198 1507 0 3 500 42
SAGROW 52296 1197 1507 1198 1507 0 4 500 68
SAGROW 52419 1197 1507 1198 1507 0 5 500 121
SAGROW 52513 1198 1507 1198 1507 0 1 500 51
SAGROW 52588 1199 1507 1198 1507 0 2 500 46
SAGROW 52723 1197 1507 1198 1507 0 3 500 104
SAGROW 52805 1198 1507 1198 1507 0 4 500 107
SAGROW 52900 1198 1507 1198 1507 0 6 500 131
SAGROW 52996 1197 1507 1198 1507 0 1 500 76
SAGROW 53111 1199 1507 1198 1507 0 2 500 109
SAGROW 53212 1198 1507 1198 1507 0 4 500 51
SAGROW 53323 1198 1507 1198 1507 0 5 500 94
SAGROW 53430 1197 1507 1198 1507 0 1 500 49
SAGROW 53494 1199 1507 1198 1507 0 2 500 113
SAGROW 53596 1197 1507 1198 1507 0 3 500 54
SAGROW 53721 1199 1507 1198 1507 0 4 500 102
SAGROW 53804 1200 1507 1198 1507 0 5 500 113
SAGROW 53907 1199 1507 1198 1507 0 1 500 136
SAGROW 54022 1200 1507 1198 1507 0 2 500 104
SAGROW 54124 1200 1507 1198 1507 0 4 500 124
SAGROW 54204 1201 1507 1198 1507 0 5 500 53
SAGROW 54324 1200 1506 1198 1507 0 6 500 81
SAGROW 54427 1200 1507 1198 1507 0 1 500 115
SAGROW 54508 1198 1506 1198 1507 0 3 500 50
SAGROW 54634 1199 1506 1198 1507 0 4 500 93
SAGROW 54737 1198 1506 1198 1507 0 6 500 37
SAGROW 54821 1198 1506 1198 1507 0 1 500 51
SAGROW 54934 1197 1506 1198 1507 0 2 500 84
SAGROW 55037 1197 1507 1198 1507 0 4 500 115
SAGROW 55119 1197 1507 1198 1507 0 5 500 121
SAGROW 55223 1198 1507 1198 1507 0 6 500 63
SAGROW 55346 1199 1507 1198 1507 0 1 500 114
SAGROW 55426 1198 1507 1198 1507 0 2 500 114
SAGROW 55536 1196 1508 1198 1507 0 4 500 74
SAGROW 55648 1196 1508 1198 1507 0 5 500 107
SAGROW 55722 1198 1508 1198 1507 0 6 500 102
SAGROW 55818 1197 1508 1198 1507 0 2 500 47
SAGROW 55956 1198 1508 1198 1507 0 3 500 102
SAGROW 56039 1199 1508 1198 1507 0 4 500 107
SAGROW 56140 1199 1508 1198 1507 0 6 500 57
SAGROW 56263 1199 1508 1198 1507 0 1 500 83
SAGROW 56356 1201 1508 1198 1507 0 3 500 44
SAGROW 56443 1202 1507 1198 1507 0 4 500 52
SAGROW 56539 1202 1507 1198 1507 0 5 500 75
SAGROW 56636 1203 1507 1198 1507 0 6 500 92
SAGROW 56738 1202 1507 1198 1507 0 2 500 92
SAGROW 56838 1202 1507 1198 1507 0 3 500 69
SAGROW 56955 1202 1507 1198 1507 0 4 500 102
SAGROW 57032 1202 1507 1198 1507 0 5 500 109
SAGROW 57139 1202 1507 1198 1507 0 1 500 55
SAGROW 57246 1199 1507 1198 1507 0 2 500 83
SAGROW 57349 1199 1507 1198 1507 0 4 500 115
SAGROW 57449 1199 1507 1198 1507 0 5 500 54
SAGROW 57556 1198 1507 1198 1507 0 6 500 85
SAGROW 57662 1196 1507 1198 1507 0 2 500 38
SAGROW 57760 1196 1507 1198 1507 0 3 500 136
SAGROW 57883 1196 1507 1198 1507 0 4 500 102
SAGROW 57957 1196 1507 1198 1507 0 5 500 105
SAGROW 58057 1197 1507 1198 1507 0 1 500 54
SAGROW 58144 1198 1506 1198 1507 0 2 500 61
SAGROW 58289 1197 1506 1198 1507 0 4 500 48
SAGROW 58346 1198 1506 1198 1507 0 5 500 104
SAGROW 58452 1199 1506 1198 1507 0 6 500 57
SAGROW 58575 1200 1506 1198 1507 0 1 500 111
SAGROW 58665 1202 1507 1198 1507 0 3 500 42
SAGROW 58756 1204 1507 1198 1507 0 4 500 54
SAGROW 58877 1204 1507 1198 1507 0 5 500 103
SAGROW 58983 1203 1507 1198 1507 0 1 500 50
SAGROW 59058 1203 1507 1198 1507 0 2 500 58
SAGROW 59187 1203 1508 1198 1507 0 3 500 105
SAGROW 59270 1202 1508 1198 1507 0 4 500 106
SAGROW 59371 1199 1508 1198 1507 0 6 500 59
SAGROW 59499 1197 1507 1198 1507 0 1 500 105
SAGROW 59579 1194 1507 1198 1507 0 2 500 107
SAGROW 59654 1194 1507 1198 1507 0 3 500 101
SAGROW 59757 1195 1507 1198 1507 0 5 500 135
SAGROW 59877 1195 1507 1198 1507 0 6 500 94
SAGROW 59973 1195 1507 1198 1507 0 1 500 118
SAGROW 60072 1196 1507 1198 1507 0 3 500 61
SAGROW 60195 1198 1507 1198 1507 0 4 500 102
SAGROW 60285 1198 1507 1198 1507 0 6 500 42
SAGROW 60383 1198 1507 1198 1507 0 1 500 69
SAGROW 60496 1199 1507 1198 1507 0 2 500 101
SAGROW 60596 1200 1507 1198 1507 0 4 500 58
SAGROW 60671 1201 1507 1198 1507 0 5 500 48
SAGROW 60803 1200 1507 1198 1507 0 6 500 98
SAGROW 60886 1199 1507 1198 1507 0 2 500 111
SAGROW 60968 1197 1507 1198 1507 0 2 500 115
SAGROW 61106 1198 1507 1198 1507 0 4 500 91
SAGROW 61195 1198 1507 1198 1507 0 5 500 110
SAGROW 61285 1197 1508 1198 1507 0 1 500 120
SAGROW 61380 1196 1508 1198 1507 0 2 500 68
SAGROW 61498 1196 1508 1198 1507 0 3 500 105
SAGROW 61591 1196 1508 1198 1507 0 5 500 46
SAGROW 61699 1196 1507 1198 1507 0 6 500 76
SAGROW 61815 1196 1507 1198 1507 0 1 500 109
SAGROW 61883 1196 1507 1198 1507 0 2 500 99
SAGROW 61998 1196 1507 1198 1507 0 4 500 64
SAGROW 62113 1197 1507 1198 1507 0 5 500 89
SAGROW 62196 1197 1506 1198 1507 0 6 500 113
SAGROW 62304 1197 1506 1198 1507 0 2 500 59
SAGROW 62390 1196 1506 1198 1507 0 3 500 74
SAGROW 62510 1195 1506 1198 1507 0 4 500 114
SAGROW 62585 1197 1506 1198 1507 0 5 500 109
SAGROW 62692 1198 1507 1198 1507 0 1 500 66
SAGROW 62827 1198 1507 1198 1507 0 3 500 38
SAGROW 62917 1198 1507 1198 1507 0 4 500 61
SAGROW 62991 1197 1507 1198 1507 0 5 500 54
SAGROW 63109 1198 1507 1198 1507 0 6 500 94
SAGROW 63210 1200 1507 1198 1507 0 2 500 43
SAGROW 63302 1201 1507 1198 1507 0 3 500 55
SAGROW 63427 1201 1507 1198 1507 0 4 500 102
SAGROW 63510 1201 1507 1198 1507 0 6 500 114
SAGROW 63603 1200 1507 1198 1507 0 1 500 124
SAGROW 63702 1200 1507 1198 1507 0 2 500 79
SAGROW 63815 1200 1507 1198 1507 0 3 500 107
SAGROW 63907 1200 1507 1198 1507 0 5 500 51
SAGROW 64028 1199 1507 1198 1507 0 6 500 93
SAGROW 64132 1199 1507 1198 1507 0 1 500 115
SAGROW 64213 1200 1507 1198 1507 0 3 500 50
SAGROW 64315 1200 1507 1198 1507 0 4 500 67
SAGROW 64432 1200 1507 1198 1507 0 6 500 37
SAGROW 64510 1199 1507 1198 1507 0 6 500 115
SAGROW 64617 1203 1507 1198 1507 0 2 500 60
SAGROW 64745 1202 1506 1198 1507 0 4 500 117
SAGROW 64830 1201 1506 1198 1507 0 5 500 42
SAGROW 64910 1202 1506 1198 1507 0 6 500 43
SAGROW 65041 1202 1506 1198 1507 0 1 500 103
SAGROW 65142 1202 1506 1198 1507 0 3 500 38
SAGROW 65226 1202 1506 1198 1507 0 4 500 52
SAGROW 65339 1203 1507 1198 1507 0 5 500 93
SAGROW 65447 1201 1507 1198 1507 0 1 500 49
SAGROW 0 1202 1507 1198 1507 0 2 500 59
SAGSLOW 1199 1507 1197 1507
SAGSLOW 1192 1507 1197 1507
SAGSLOW 1196 1507 1197 1507
SAGSLOW 1200 1508 1197 1507
SAGSLOW 1197 1506 1197 1507
SAGSLOW 1200 1507 1197 1507
SAGSLOW 1194 1507 1197 1507
SAGSLOW 1195 1507 1197 1507
SAGSLOW 1204 1507 1197 1507
SAGSLOW 1201 1507 1197 1507
SAGSLOW 1197 1506 1197 1507
SAGSLOW 1197 1507 1197 1507
SAGSLOW 1195 1507 1197 1507
SAGSLOW 1198 1507 1197 1507
SAGSLOW 1198 1507 1197 1507
SAGSLOW 1195 1507 1197 1507
SAGSLOW 1198 1507 1197 1507
SAGSLOW 1194 1507 1197 1507
SAGSLOW 1196 1507 1197 1507
SAGSLOW 1198 1506 1197 1507
SAGSLOW 1200 1507 1197 1507
SAGSLOW 1195 1508 1197 1507
SAGSLOW 1202 1507 1197 1507
SAGSLOW 1196 1506 1197 1507
SAGSLOW 1198 1506 1197 1507
SAGSLOW 1199 1507 1197 1507
SAGSLOW 1199 1507 1197 1507
SAGSLOW 1199 1507 1197 1507
SAGSLOW 1197 1507 1197 1507
SAGSLOW 1197 1507 1197 1507
SAGSLOW 1201 1507 1197 1507
SAGSLOW 1197 1507 1197 1507
SAGSLOW 1200 1507 1197 1507
SAGSLOW 1195 1506 1197 1507
SAGSLOW 1195 1507 1197 1507
SAGSLOW 1200 1507 1197 1507
SAGSLOW 1198 1507 1197 1507
SAGSLOW 1198 1507 1197 1507
SAGSLOW 1196 1507 1197 1507
SAGSLOW 1196 1506 1197 1507
SAGSLOW 1198 1506 1197 1507
SAGSLOW 1198 1507 1197 1507
SAGSLOW 1194 1506 1197 1507
SAGSLOW 1202 1507 1197 1507
SAGSLOW 1198 1507 1197 1507
SAGSLOW 1194 1507 1197 1507
SAGSLOW 1201 1506 1197 1507
SAGSLOW 1200 1506 1197 1507
SAGSLOW 1200 1506 1197 1507
SAGSLOW 1197 1507 1197 1507
SAGSLOW 1196 1507 1197 1507
SAGSLOW 1195 1507 1197 1507
SAGSLOW 1195 1507 1197 1507
SAGSLOW 1200 1507 1197 1507
SAGSLOW 1196 1507 1197 1507
SAGSLOW 1203 1507 1197 1507
SAGSLOW 1196 1508 1197 1507
SAGSLOW 1197 1507 1197 1507
SAGSLOW 1200 1506 1197 1507
SAGSLOW 1194 1507 1197 1507
SAGSLOW 1199 1506 1197 1507
SAGSLOW 1199 1507 1197 1507
SAGSLOW 1195 1507 1197 1507
SAGSLOW 1195 1507 1197 1507
SAGSLOW 1202 1507 1197 1507
SAGSLOW 1201 1507 1197 1507
SAGSLOW 1196 1507 1197 1507
SAGSLOW 1198 1505 1197 1507
SAGSLOW 1200 1507 1197 1507
SAGSLOW 1195 1507 1197 1507
SAGSLOW 1199 1507 1197 1507
SAGSLOW 1199 1508 1197 1507
SAGSLOW 1195 1508 1197 1507
SAGSLOW 1196 1507 1197 1507
SAGSLOW 1195 1507 1197 1507
SAGSLOW 1193 1507 1197 1507
SAGSLOW 1199 1507 1197 1507
SAGSLOW 1194 1507 1197 1507
SAGSLOW 1200 1507 1197 1507
SAGSLOW 1208 1507 1197 1507
SAGSLOW 1202 1507 1197 1507
SAGSLOW 1202 1507 1197 1507
SAGSLOW 1197 1506 1197 1507
SAGSLOW 1201 1507 1197 1507
SAGSLOW 1197 1506 1197 1507
SAGSLOW 1198 1506 1197 1507
SAGSLOW 1198 1507 1197 1507
SAGSLOW 1196 1506 1197 1507
SAGSLOW 1202 1506 1197 1507
SAGSLOW 1200 1507 1197 1507
SAGSLOW 1198 1506 1197 1507
SAGSLOW 1197 1507 1197 1507
SAGSLOW 1200 1506 1197 1507
SAGSLOW 1191 1507 1197 1507
SAGSLOW 1199 1507 1197 1507
SAGSLOW 1194 1507 1197 1507
SAGSLOW 1200 1507 1197 1507
SAGSLOW 1193 1507 1197 1507
SAGSLOW 1197 1507 1197 1507
SAGSLOW 1204 1506 1197 1507
SAGSLOW 1200 1506 1197 1507
SAGSLOW 1198 1507 1197 1507
SAGSLOW 1195 1507 1197 1507
SAGSLOW 1200 1507 1197 1507
SAGSLOW 1194 1506 1197 1507
SAGSLOW 1198 1507 1197 1507
SAGSLOW 1197 1506 1197 1507
SAGSLOW 1198 1507 1197 1507
SAGSLOW 1199 1506 1197 1507
SAGSLOW 1194 1506 1197 1507
SAGSLOW 1201 1506 1197 1507
SAGSLOW 1198 1507 1197 1507
SAGSLOW 1197 1507 1197 1507
SAGSLOW 1199 1507 1197 1507
SAGSLOW 1196 1508 1197 1507
SAGSLOW 1196 1507 1197 1507
SAGSLOW 1199 1507 1198 1507
SAGSLOW 1197 1506 1198 1507
SAGSLOW 1202 1508 1198 1507
SAGSLOW 1199 1508 1198 1507
SAGSLOW 1194 1507 1198 1507
SAGSLOW 1201 1506 1198 1507
SAGSLOW 1200 1507 1198 1507
SAGSLOW 1197 1507 1198 1507
SAGSLOW 1198 1507 1198 1507
SAGSLOW 1201 1506 1198 1507
SAGSLOW 1198 1507 1198 1507
SAGSLOW 1197 1508 1198 1507
SAGSLOW 1205 1507 1198 1507
SAGSLOW 1197 1507 1198 1507
SAGSLOW 1196 1507 1198 1507
SAGSLOW 1195 1506 1197 1507
SAGSLOW 1197 1507 1197 1507
SAGSLOW 1194 1507 1197 1507
SAGSLOW 1200 1507 1197 1507
SAGSLOW 1200 1507 1197 1507
SAGSLOW 1196 1507 1197 1507
SAGSLOW 1195 1507 1197 1507
SAGSLOW 1202 1506 1197 1507
SAGSLOW 1203 1508 1197 1507
SAGSLOW 1199 1507 1197 1507
SAGSLOW 1197 1507 1198 1507
SAGSLOW 1197 1508 1197 1507
SAGSLOW 1201 1507 1197 1507
SAGSLOW 1197 1507 1197 1507
SAGSLOW 1199 1507 1197 1507
SAGSLOW 1198 1507 1197 1507
SAGSLOW 1195 1507 1197 1507
SAGSLOW 1199 1507 1197 1507
SAGSLOW 1197 1507 1198 1507
SAGSLOW 1199 1508 1198 1507
SAGSLOW 1193 1506 1198 1507
SAGSLOW 1196 1507 1198 1507
SAGSLOW 1200 1507 1198 1507
SAGSLOW 1194 1507 1198 1507
SAGSLOW 1198 1507 1198 1507
SAGSLOW 1199 1507 1198 1507
SAGSLOW 1195 1507 1198 1507
SAGSLOW 1198 1506 1198 1507
SAGSLOW 1203 1506 1198 1507
SAGSLOW 1201 1508 1198 1507
SAGSLOW 1201 1508 1198 1507
SAGSLOW 1194 1507 1198 1507
SAGSLOW 1197 1507 1198 1507
SAGSLOW 1197 1507 1198 1507
SAGSLOW 1200 1507 1198 1507
SAGSLOW 1194 1508 1198 1507
SAGSLOW 1195 1507 1198 1507
SAGSLOW 1193 1506 1198 1507
SAGSLOW 1197 1507 1198 1507
SAGSLOW 1199 1507 1198 1507
SAGSLOW 1199 1507 1198 1507
SAGSLOW 1194 1507 1198 1507
SAGSLOW 1197 1507 1197 1507
SAGSLOW 1192 1507 1198 1507
SAGSLOW 1198 1507 1197 1507
SAGSLOW 1194 1506 1198 1507
SAGSLOW 1193 1507 1198 1507
SAGSLOW 1199 1508 1197 1507
SAGSLOW 1200 1507 1197 1507
SAGSLOW 1200 1506 1197 1507
SAGSLOW 1199 1507 1197 1507
SAGSLOW 1197 1507 1197 1507
SAGSLOW 1200 1508 1197 1507
SAGSLOW 1200 1506 1197 1507
SAGSLOW 1197 1507 1198 1507
SAGSLOW 1199 1508 1197 1507
SAGSLOW 1201 1506 1198 1507
SAGSLOW 1195 1506 1198 1507
SAGSLOW 1203 1507 1198 1507
SAGSLOW 1198 1508 1198 1507
SAGSLOW 1200 1506 1198 1507
SAGSLOW 1202 1507 1198 1507
SAGSLOW 1197 1507 1198 1507
SAGSLOW 1196 1507 1198 1507
SAGSLOW 1196 1507 1197 1507
SAGSLOW 1199 1507 1197 1507
SAGSLOW 1195 1507 1197 1507
SAGSLOW 1203 1506 1197 1507
SAGSLOW 1194 1507 1197 1507
SAGSLOW 1198 1507 1197 1507
SAGSLOW 1194 1507 1197 1507
SAGSLOW 1200 1507 1197 1507
SAGSLOW 1198 1506 1197 1507
SAGSLOW 1198 1507 1197 1507
SAGSLOW 1193 1507 1197 1507
SAGSLOW 1201 1507 1197 1507
SAGSLOW 1199 1506 1197 1507
SAGSLOW 1196 1507 1197 1507
SAGSLOW 1200 1506 1197 1507
SAGSLOW 1196 1507 1197 1507
SAGSLOW 1197 1507 1197 1507
SAGSLOW 1197 1506 1197 1507
SAGSLOW 1197 1507 1197 1507
SAGSLOW 1198 1507 1197 1507
SAGSLOW 1194 1507 1197 1507
SAGSLOW 1199 1505 1197 1507
SAGSLOW 1201 1507 1198 1507
SAGSLOW 1196 1508 1197 1507
SAGSLOW 1199 1507 1198 1507
SAGSLOW 1199 1508 1198 1507
SAGSLOW 1195 1506 1198 1507
SAGSLOW 1199 1508 1198 1507
SAGSLOW 1198 1506 1198 1507
SAGSLOW 1197 1507 1198 1507
SAGSLOW 1195 1508 1198 1507
SAGSLOW 1197 1508 1198 1507
SAGSLOW 1198 1506 1198 1507
SAGSLOW 1198 1507 1198 1507
SAGSLOW 1198 1506 1197 1507
SAGSLOW 1193 1507 1198 1507
SAGSLOW 1198 1507 1197 1507
SAGSLOW 1198 1507 1197 1507
SAGSLOW 1193 1506 1197 1507
SAGSLOW 1198 1506 1197 1507
SAGSLOW 1198 1508 1197 1507
SAGSLOW 1197 1507 1197 1507
SAGSLOW 1196 1507 1197 1507
SAGSLOW 1194 1507 1197 1507
SAGSLOW 1196 1507 1197 1507
SAGSLOW 1197 1507 1197 1507
SAGSLOW 1196 1507 1197 1507
SAGSLOW 1199 1506 1197 1507
SAGSLOW 1200 1508 1197 1507
SAGSLOW 1195 1507 1197 1507
SAGSLOW 1198 1507 1197 1507
SAGSLOW 1201 1507 1197 1507
SAGSLOW 1198 1507 1197 1507
SAGSLOW 1196 1507 1197 1507
SAGSLOW 1196 1506 1197 1507
SAGSLOW 1197 1506 1197 1507
SAGSLOW 1198 1507 1197 1507
SAGSLOW 1195 1507 1197 1507
SAGSLOW 1205 1507 1197 1507
SAGSLOW 1199 1507 1197 1507
SAGSLOW 1196 1507 1197 1507
SAGSLOW 1197 1506 1197 1507
SAGSLOW 1198 1507 1197 1507
SAGSLOW 1200 1507 1197 1507
SAGSLOW 1200 1507 1197 1507
SAGSLOW 1199 1507 1197 1507
SAGSLOW 1194 1507 1197 1507
SAGSLOW 1198 1507 1197 1507
SAGSLOW 1197 1506 1197 1507
SAGSLOW 1193 1507 1197 1507
SAGSLOW 1195 1506 1197 1507
SAGSLOW 1199 1508 1197 1507
SAGSLOW 1198 1507 1197 1507
SAGSLOW 1204 1507 1197 1507
SAGSLOW 1197 1507 1197 1507
SAGSLOW 1199 1508 1197 1507
SAGSLOW 1199 1508 1197 1507
SAGSLOW 1197 1507 1197 1507
SAGSLOW 1196 1507 1197 1507
SAGSLOW 1195 1507 1197 1507
SAGSLOW 1196 1507 1197 1507
SAGSLOW 1198 1507 1197 1507
SAGSLOW 1199 1507 1197 1507
SAGSLOW 1196 1507 1197 1507
SAGSLOW 1194 1507 1197 1507
SAGSLOW 1197 1507 1197 1507
SAGSLOW 1201 1507 1197 1507
SAGSLOW 1200 1506 1197 1507
SAGSLOW 1193 1507 1197 1507
SAGSLOW 1197 1508 1197 1507
SAGSLOW 1199 1507 1197 1507
SAGSLOW 1194 1506 1197 1507
SAGSLOW 1204 1507 1197 1507
SAGSLOW 1194 1506 1197 1507
SAGSLOW 1199 1507 1197 1507
SAGSLOW 1196 1507 1197 1507
SAGSLOW 1199 1507 1197 1507
SAGSLOW 1197 1508 1197 1507
SAGSLOW 1196 1507 1197 1507
SAGSLOW 1196 1507 1197 1507
SAGSLOW 1196 1507 1197 1507
SAGSLOW 1200 1507 1197 1507
SAGSLOW 1194 1507 1197 1507
SAGSLOW 1199 1507 1197 1507
SAGSLOW 1202 1507 1197 1507
SAGSLOW 1187 1507 1197 1507
SAGSLOW 1192 1506 1197 1507
SAGSLOW 1197 1507 1197 1507
SAGSLOW 1200 1507 1197 1507
SAGSLOW 1197 1508 1197 1507
SAGSLOW 1200 1507 1197 1507
SAGSLOW 1197 1507 1197 1507
SAGSLOW 1197 1507 1197 1507
SAGSLOW 1193 1507 1197 1507
SAGSLOW 1196 1507 1197 1507
SAGSLOW 1200 1506 1197 1507
SAGSLOW 1196 1506 1197 1507
SAGSLOW 1196 1506 1197 1507
SAGSLOW 1197 1505 1197 1507
SAGSLOW 1196 1507 1197 1507
SAGSLOW 1196 1507 1197 1507
SAGSLOW 1199 1507 1197 1507
SAGSLOW 1196 1508 1197 1507
SAGSLOW 1198 1507 1197 1507
SAGSLOW 1197 1507 1197 1507
SAGSLOW 1199 1506 1197 1507
SAGSLOW 1197 1507 1197 1507
SAGSLOW 1196 1507 1197 1507
SAGSLOW 1200 1508 1197 1507
SAGSLOW 1197 1507 1197 1507
SAGSLOW 1199 1507 1197 1507
SAGSLOW 1196 1507 1197 1507
SAGSLOW 1192 1506 1197 1507
SAGSLOW 1200 1507 1197 1507
SAGSLOW 1193 1506 1197 1507
SAGSLOW 1195 1507 1197 1507
SAGSLOW 1201 1507 1197 1507
SAGSLOW 1200 1506 1197 1507
SAGSLOW 1199 1508 1198 1507
SAGSLOW 1198 1507 1198 1507
SAGSLOW 1198 1507 1198 1507
SAGSLOW 1198 1506 1198 1507
SAGSLOW 1197 1508 1198 1507
SAGSLOW 1196 1507 1197 1507
SAGSLOW 1199 1508 1198 1507
SAGSLOW 1197 1508 1198 1507
SAGSLOW 1197 1507 1197 1507
SAGSLOW 1205 1507 1197 1507
SAGSLOW 1194 1508 1197 1507
SAGSLOW 1199 1506 1197 1507
SAGSLOW 1195 1507 1197 1507
SAGSLOW 1198 1506 1197 1507
SAGSLOW 1194 1508 1197 1507
SAGSLOW 1199 1507 1197 1507
SAGSLOW 1197 1507 1197 1507
SAGSLOW 1202 1507 1197 1507
SAGSLOW 1195 1507 1197 1507
SAGSLOW 1200 1507 1197 1507
SAGSLOW 1193 1507 1197 1507
SAGSLOW 1196 1507 1197 1507
SAGSLOW 1198 1506 1197 1507
SAGSLOW 1201 1507 1197 1507
SAGSLOW 1196 1507 1197 1507
SAGSLOW 1196 1506 1197 1507
SAGSLOW 1200 1507 1197 1507
SAGSLOW 1195 1507 1197 1507
SAGSLOW 1202 1508 1197 1507
SAGSLOW 1199 1507 1197 1507
SAGSLOW 1199 1507 1197 1507
SAGSLOW 1201 1508 1197 1507
SAGSLOW 1198 1507 1197 1507
SAGSLOW 1195 1507 1197 1507
SAGSLOW 1198 1507 1197 1507
SAGSLOW 1197 1507 1197 1507
SAGSLOW 1191 1506 1197 1507
SAGSLOW 1197 1507 1197 1507
SAGSLOW 1199 1507 1197 1507
SAGSLOW 1198 1507 1197 1507
SAGSLOW 1198 1507 1197 1507
SAGSLOW 1197 1508 1197 1507
SAGSLOW 1198 1507 1197 1507
SAGSLOW 1197 1506 1197 1507
SAGSLOW 1196 1507 1197 1507
SAGSLOW 1198 1507 1197 1507
SAGSLOW 1197 1507 1197 1507
SAGSLOW 1196 1507 1197 1507
SAGSLOW 1204 1507 1197 1507
SAGSLOW 1201 1507 1197 1507
SAGSLOW 1197 1507 1197 1507
SAGSLOW 1203 1508 1197 1507
SAGSLOW 1194 1507 1197 1507
SAGSLOW 1200 1507 1197 1507
SAGSLOW 1199 1508 1197 1507
SAGSLOW 1200 1507 1197 1507
SAGSLOW 1199 1508 1197 1507
SAGSLOW 1198 1508 1197 1507
SAGSLOW 1201 1508 1197 1507
SAGSLOW 1200 1507 1197 1507
SAGSLOW 1200 1507 1197 1507
SAGSLOW 1193 1507 1197 1507
SAGSLOW 1199 1508 1197 1507
SAGSLOW 1197 1507 1197 1507
SAGSLOW 1194 1508 1197 1507
SAGSLOW 1195 1507 1197 1507
SAGSLOW 1200 1507 1197 1507
SAGSLOW 1194 1507 1197 1507
SAGSLOW 1204 1506 1197 1507
SAGSLOW 1200 1507 1197 1507
SAGSLOW 1196 1508 1197 1507
SAGSLOW 1199 1508 1197 1507
SAGSLOW 1196 1505 1197 1507
SAGSLOW 1198 1508 1197 1507
SAGSLOW 1197 1507 1197 1507
SAGSLOW 1196 1508 1197 1507
SAGSLOW 1195 1506 1197 1507
SAGSLOW 1197 1507 1197 1507
SAGSLOW 1194 1508 1197 1507
SAGSLOW 1198 1506 1197 1507
SAGSLOW 1196 1506 1197 1507
SAGSLOW 1198 1507 1197 1507
SAGSLOW 1198 1507 1197 1507
SAGSLOW 1195 1507 1197 1507
SAGSLOW 1198 1507 1197 1507
SAGSLOW 1200 1507 1197 1507
SAGSLOW 1195 1507 1197 1507
SAGSLOW 1198 1507 1197 1507
SAGSLOW 1194 1507 1197 1507
SAGSLOW 1198 1507 1197 1507
SAGSLOW 1201 1507 1197 1507
SAGSLOW 1201 1506 1197 1507
SAGSLOW 1190 1507 1197 1507
SAGSLOW 1199 1507 1197 1507
SAGSLOW 1198 1507 1197 1507
SAGSLOW 1199 1508 1197 1507
SAGSLOW 1199 1508 1197 1507
SAGSLOW 1194 1507 1197 1507
SAGSLOW 1199 1508 1197 1507
SAGSLOW 1196 1507 1197 1507
SAGSLOW 1199 1507 1197 1507
SAGSLOW 1198 1507 1197 1507
SAGSLOW 1198 1508 1197 1507
SAGSLOW 1197 1507 1197 1507
SAGSLOW 1200 1507 1197 1507
SAGSLOW 1196 1508 1197 1507
SAGSLOW 1194 1506 1197 1507
SAGSLOW 1195 1507 1197 1507
SAGSLOW 1197 1507 1197 1507
SAGSLOW 1199 1507 1197 1507
SAGSLOW 1198 1507 1197 1507
SAGSLOW 1199 1506 1197 1507
SAGSLOW 1202 1507 1197 1507
SAGSLOW 1198 1507 1197 1507
SAGSLOW 1200 1507 1197 1507
SAGSLOW 1199 1506 1197 1507
SAGSLOW 1197 1507 1197 1507
SAGSLOW 1198 1506 1197 1507
SAGSLOW 1192 1507 1197 1507
SAGSLOW 1194 1507 1197 1507
SAGSLOW 1198 1508 1197 1507
SAGSLOW 1201 1507 1197 1507
SAGSLOW 1195 1506 1197 1507
SAGSLOW 1197 1508 1197 1507
SAGSLOW 1195 1507 1197 1507
SAGSLOW 1195 1507 1197 1507
SAGSLOW 1199 1507 1197 1507
SAGSLOW 1200 1507 1197 1507
SAGSLOW 1199 1507 1197 1507
SAGSLOW 1197 1507 1197 1507
SAGSLOW 1196 1507 1197 1507
SAGSLOW 1199 1507 1197 1507
SAGSLOW 1197 1507 1197 1507
SAGSLOW 1202 1507 1197 1507
SAGSLOW 1200 1507 1197 1507
SAGSLOW 1195 1506 1197 1507
SAGSLOW 1197 1506 1197 1507
SAGSLOW 1198 1506 1197 1507
SAGSLOW 1198 1506 1197 1507
SAGSLOW 1200 1507 1197 1507
SAGSLOW 1198 1507 1197 1507
SAGSLOW 1195 1507 1197 1507
SAGSLOW 1199 1507 1197 1507
SAGSLOW 1196 1507 1197 1507
SAGSLOW 1200 1506 1197 1507
SAGSLOW 1198 1507 1197 1507
SAGSLOW 1195 1506 1197 1507
SAGSLOW 1198 1507 1197 1507
SAGSLOW 1196 1507 1197 1507
SAGSLOW 1203 1508 1197 1507
SAGSLOW 1198 1506 1197 1507
SAGSLOW 1199 1507 1197 1507
SAGSLOW 1201 1506 1197 1507
SAGSLOW 1198 1508 1197 1507
SAGSLOW 1197 1507 1197 1507
SAGSLOW 1198 1507 1197 1507
SAGSLOW 1201 1508 1198 1507
SAGSLOW 1197 1507 1197 1507
SAGSLOW 1204 1507 1198 1507
SAGSLOW 1199 1507 1197 1507
SAGSLOW 1203 1508 1197 1507
SAGSLOW 1201 1507 1197 1507
SAGSLOW 1195 1507 1197 1507
SAGSLOW 1200 1508 1198 1507
SAGSLOW 1200 1507 1198 1507
SAGSLOW 1198 1507 1198 1507
SAGSLOW 1197 1507 1198 1507
SAGSLOW 1197 1507 1198 1507
SAGSLOW 1200 1506 1198 1507
SAGSLOW 1197 1507 1198 1507
SAGSLOW 1198 1507 1198 1507
SAGSLOW 1194 1507 1197 1507
SAGSLOW 1193 1507 1197 1507
SAGSLOW 1197 1506 1197 1507
SAGSLOW 1198 1507 1197 1507
SAGSLOW 1196 1506 1198 1507
SAGSLOW 1202 1507 1198 1507
SAGSLOW 1199 1507 1198 1507
SAGSLOW 1196 1507 1198 1507
SAGSLOW 1199 1507 1198 1507
SAGSLOW 1198 1508 1198 1507
SAGSLOW 1200 1507 1198 1507
SAGSLOW 1198 1507 1198 1507
SAGSLOW 1197 1507 1198 1507
SAGSLOW 1195 1507 1198 1507
SAGSLOW 1200 1505 1198 1507
SAGSLOW 1197 1507 1198 1507
SAGSLOW 1198 1506 1198 1507
SAGSLOW 1195 1507 1198 1507
SAGSLOW 1198 1506 1198 1507
SAGSLOW 1203 1507 1198 1507
SAGSLOW 1201 1508 1198 1507
SAGSLOW 1194 1506 1198 1507
SAGSLOW 1192 1507 1198 1507
SAGSLOW 1195 1508 1198 1507
SAGSLOW 1197 1508 1198 1507
SAGSLOW 1199 1507 1198 1507
SAGSLOW 1198 1507 1198 1507
SAGSLOW 1201 1506 1198 1507
SAGSLOW 1200 1507 1198 1507
SAGSLOW 1197 1507 1198 1507
SAGSLOW 1194 1507 1198 1507
SAGSLOW 1202 1508 1198 1507
SAGSLOW 1195 1507 1198 1507
SAGSLOW 1197 1507 1198 1507
SAGSLOW 1197 1507 1198 1507
SAGSLOW 1197 1507 1198 1507
SAGSLOW 1199 1507 1198 1507
SAGSLOW 1196 1507 1198 1507
SAGSLOW 1199 1508 1198 1507
SAGSLOW 1199 1506 1198 1507
SAGSLOW 1197 1508 1198 1507
SAGSLOW 1188 1508 1198 1507
SAGSLOW 1197 1507 1198 1507
SAGSLOW 1202 1507 1198 1507
SAGSLOW 1197 1507 1198 1507
SAGSLOW 1200 1508 1197 1507
SAGSLOW 1195 1507 1198 1507
SAGSLOW 1196 1506 1198 1507
SAGSLOW 1197 1507 1198 1507
SAGSLOW 1199 1507 1198 1507
SAGSLOW 1198 1507 1198 1507
SAGSLOW 1195 1507 1198 1507
SAGSLOW 1196 1507 1198 1507
SAGSLOW 1194 1507 1198 1507
SAGSLOW 1196 1507 1198 1507
SAGSLOW 1196 1507 1198 1507
SAGSLOW 1196 1506 1198 1507
SAGSLOW 1194 1508 1198 1507
SAGSLOW 1198 1506 1198 1507
SAGSLOW 1201 1508 1198 1507
SAGSLOW 1197 1507 1198 1507
SAGSLOW 1199 1507 1198 1507
SAGSLOW 1197 1507 1198 1507
SAGSLOW 1202 1506 1198 1507
SAGSLOW 1203 1507 1198 1507
SAGSLOW 1198 1508 1198 1507
SAGSLOW 1196 1507 1198 1507
SAGSLOW 1196 1508 1198 1507
SAGSLOW 1195 1507 1198 1507
SAGSLOW 1200 1508 1198 1507
SAGSLOW 1194 1506 1198 1507
SAGSLOW 1201 1506 1198 1507
SAGSLOW 1193 1506 1198 1507
SAGSLOW 1202 1507 1198 1507
SAGSLOW 1194 1507 1198 1507
SAGSLOW 1201 1507 1198 1507
SAGSLOW 1199 1506 1198 1507
SAGSLOW 1199 1507 1198 1507
SAGSLOW 1198 1506 1198 1507
SAGSLOW 1197 1507 1198 1507
SAGSLOW 1194 1507 1198 1507
SAGSLOW 1199 1506 1198 1507
SAGSLOW 1193 1506 1198 1507
SAGSLOW 1195 1507 1198 1507
SAGSLOW 1200 1507 1198 1507
SAGSLOW 1199 1507 1198 1507
SAGSLOW 1201 1507 1198 1507
SAGSLOW 1201 1507 1198 1507
SAGSLOW 1206 1507 1198 1507
SAGSLOW 1195 1506 1198 1507
SAGSLOW 1201 1508 1198 1507
SAGSLOW 1195 1507 1198 1507
SAGSLOW 1192 1507 1198 1507
SAGSLOW 1198 1507 1198 1507
SAGSLOW 1198 1508 1198 1507
SAGSLOW 1202 1507 1198 1507
SAGSLOW 1204 1507 1198 1507
SAGSLOW 1193 1507 1198 1507
SAGSLOW 1197 1508 1198 1507
SAGSLOW 1198 1506 1198 1507
SAGSLOW 1197 1507 1198 1507
SAGSLOW 1194 1507 1198 1507
SAGSLOW 1197 1506 1198 1507
SAGSLOW 1198 1508 1198 1507
SAGSLOW 1196 1507 1198 1507
SAGSLOW 1197 1507 1198 1507
SAGSLOW 1197 1507 1198 1507
SAGSLOW 1196 1508 1198 1507
SAGSLOW 1194 1507 1198 1507
SAGSLOW 1199 1508 1198 1507
SAGSLOW 1201 1507 1198 1507
SAGSLOW 1201 1507 1198 1507
SAGSLOW 1204 1507 1198 1507
SAGSLOW 1194 1506 1198 1507
SAGSLOW 1198 1507 1198 1507
SAGSLOW 1199 1508 1198 1507
SAGSLOW 1195 1508 1198 1507
SAGSLOW 1200 1507 1198 1507
SAGSLOW 1198 1506 1198 1507
SAGSLOW 1194 1507 1198 1507
SAGSLOW 1196 1507 1198 1507
SAGSLOW 1197 1507 1198 1507
SAGSLOW 1199 1507 1198 1507
SAGSLOW 1202 1507 1198 1507
SAGSLOW 1202 1507 1198 1507
SAGSLOW 1201 1507 1198 1507
SAGSLOW 1194 1508 1198 1507
SAGSLOW 1194 1507 1198 1507
SAGSLOW 1199 1507 1198 1507
SAGSLOW 1190 1507 1198 1507
SAGSLOW 1203 1507 1198 1507
SAGSLOW 1201 1507 1198 1507
SAGSLOW 1194 1507 1198 1507
SAGSLOW 1195 1507 1197 1507
SAGSLOW 1202 1508 1198 1507
SAGSLOW 1196 1506 1198 1507
SAGSLOW 1201 1507 1197 1507
SAGSLOW 1196 1507 1197 1507
SAGSLOW 1202 1507 1197 1507
SAGSLOW 1200 1507 1197 1507
SAGSLOW 1196 1507 1198 1507
SAGSLOW 1201 1506 1198 1507
SAGSLOW 1197 1507 1198 1507
SAGSLOW 1202 1508 1198 1507
SAGSLOW 1197 1506 1198 1507
SAGSLOW 1200 1506 1198 1507
SAGSLOW 1201 1507 1198 1507
SAGSLOW 1194 1507 1198 1507
SAGSLOW 1197 1507 1198 1507
SAGSLOW 1196 1507 1198 1507
SAGSLOW 1198 1508 1198 1507
SAGSLOW 1202 1507 1198 1507
SAGSLOW 1198 1507 1198 1507
SAGSLOW 1194 1507 1198 1507
SAGSLOW 1194 1507 1198 1507
SAGSLOW 1188 1507 1198 1507
SAGSLOW 1204 1506 1198 1507
SAGSLOW 1196 1507 1198 1507
SAGSLOW 1198 1507 1198 1507
SAGSLOW 1194 1507 1198 1507
SAGSLOW 1200 1507 1198 1507
SAGSLOW 1199 1507 1198 1507
SAGSLOW 1198 1507 1198 1507
SAGSLOW 1199 1506 1198 1507
SAGSLOW 1197 1506 1198 1507
SAGSLOW 1197 1507 1198 1507
SAGSLOW 1193 1506 1198 1507
SAGSLOW 1194 1507 1198 1507
SAGSLOW 1198 1507 1198 1507
SAGSLOW 1197 1508 1198 1507
SAGSLOW 1192 1507 1198 1507
SAGSLOW 1196 1507 1198 1507
SAGSLOW 1194 1506 1198 1507
SAGSLOW 1197 1507 1198 1507
SAGSLOW 1197 1506 1198 1507
SAGSLOW 1198 1506 1198 1507
SAGSLOW 1196 1507 1198 1507
SAGSLOW 1198 1507 1198 1507
SAGSLOW 1195 1507 1198 1507
SAGSLOW 1200 1507 1198 1507
SAGSLOW 1195 1507 1198 1507
SAGSLOW 1194 1507 1198 1507
SAGSLOW 1197 1507 1198 1507
SAGSLOW 1198 1507 1198 1507
SAGSLOW 1198 1507 1198 1507
SAGSLOW 1198 1507 1198 1507
SAGSLOW 1200 1507 1198 1507
SAGSLOW 1194 1506 1198 1507
SAGSLOW 1200 1506 1198 1507
SAGSLOW 1196 1506 1198 1507
SAGSLOW 1199 1507 1198 1507
SAGSLOW 1197 1507 1198 1507
SAGSLOW 1202 1506 1198 1507
SAGSLOW 1197 1506 1198 1507
SAGSLOW 1201 1506 1198 1507
SAGSLOW 1200 1507 1198 1507
SAGSLOW 1202 1507 1198 1507
SAGSLOW 1189 1507 1198 1507
SAGSLOW 1198 1507 1198 1507
SAGSLOW 1198 1507 1198 1507
SAGSLOW 1198 1508 1198 1507
SAGSLOW 1195 1507 1198 1507
SAGSLOW 1204 1507 1198 1507
SAGSLOW 1198 1507 1198 1507
SAGSLOW 1198 1506 1198 1507
SAGSLOW 1197 1507 1198 1507
SAGSLOW 1199 1507 1198 1507
SAGSLOW 1195 1507 1198 1507
SAGSLOW 1196 1507 1198 1507
SAGSLOW 1196 1507 1198 1507
SAGSLOW 1197 1506 1198 1507
SAGSLOW 1198 1507 1198 1507
SAGSLOW 1203 1507 1198 1507
SAGSLOW 1197 1507 1198 1507
SAGSLOW 1199 1507 1198 1507
SAGSLOW 1198 1508 1198 1507
SAGSLOW 1203 1507 1198 1507
SAGSLOW 1195 1507 1198 1507
SAGSLOW 1194 1507 1198 1507
SAGSLOW 1196 1508 1198 1507
SAGSLOW 1199 1507 1198 1507
SAGSLOW 1202 1507 1198 1507
SAGSLOW 1194 1507 1198 1507
SAGSLOW 1198 1507 1198 1507
SAGSLOW 1198 1507 1198 1507
SAGSLOW 1200 1506 1198 1507
SAGSLOW 1201 1507 1198 1507
SAGSLOW 1198 1507 1198 1507
SAGSLOW 1199 1506 1198 1507
SAGSLOW 1198 1508 1198 1507
SAGSLOW 1202 1507 1198 1507
SAGSLOW 1201 1507 1198 1507
SAGSLOW 1197 1506 1198 1507
SAGSLOW 1197 1507 1198 1507
SAGSLOW 1200 1507 1198 1507
SAGSLOW 1195 1507 1198 1507
SAGSLOW 1198 1507 1198 1507
SAGSLOW 1196 1507 1198 1507
SAGSLOW 1201 1507 1198 1507
SAGSLOW 1201 1506 1198 1507
SAGSLOW 1199 1507 1198 1507
SAGSLOW 1198 1507 1198 1507
SAGSLOW 1199 1507 1198 1507
SAGSLOW 1199 1506 1198 1507
SAGSLOW 1199 1507 1198 1507
SAGSLOW 1197 1507 1198 1507
SAGSLOW 1202 1506 1198 1507
SAGSLOW 1197 1506 1198 1507
SAGSLOW 1198 1507 1198 1507
SAGSLOW 1196 1506 1198 1507
SAGSLOW 1197 1507 1198 1507
SAGSLOW 1199 1507 1198 1507
SAGSLOW 1199 1507 1198 1507
SAGSLOW 1203 1507 1198 1507
SAGSLOW 1197 1507 1198 1507
SAGSLOW 1207 1507 1198 1507
SAGSLOW 1197 1507 1198 1507
SAGSLOW 1197 1507 1198 1507
SAGSLOW 1196 1506 1198 1507
SAGSLOW 1199 1507 1198 1507
SAGSLOW 1201 1507 1198 1507
SAGSLOW 1197 1508 1198 1507
SAGSLOW 1199 1506 1198 1507
SAGSLOW 1196 1506 1198 1507
SAGSLOW 1198 1507 1198 1507
SAGSLOW 1201 1507 1198 1507
SAGSLOW 1199 1507 1198 1507
SAGSLOW 1193 1507 1198 1507
SAGSLOW 1198 1507 1198 1507
SAGSLOW 1201 1508 1198 1507
SAGSLOW 1198 1507 1198 1507
SAGSLOW 1189 1507 1198 1507
SAGSLOW 1200 1506 1198 1507
SAGSLOW 1199 1507 1198 1507
SAGSLOW 1197 1506 1198 1507
SAGSLOW 1199 1507 1198 1507
SAGSLOW 1201 1506 1198 1507
SAGSLOW 1199 1506 1198 1507
SAGSLOW 1197 1507 1198 1507
SAGSLOW 1193 1507 1198 1507
SAGSLOW 1198 1507 1198 1507
SAGSLOW 1201 1507 1198 1507
SAGSLOW 1199 1507 1198 1507
SAGSLOW 1199 1506 1198 1507
SAGSLOW 1196 1506 1198 1507
SAGSLOW 1199 1508 1198 1507
SAGSLOW 1198 1507 1198 1507
SAGSLOW 1198 1507 1198 1507
SAGSLOW 1203 1507 1198 1507
SAGSLOW 1199 1507 1198 1507
SAGSLOW 1195 1507 1198 1507
SAGSLOW 1198 1507 1198 1507
SAGSLOW 1193 1507 1198 1507
SAGSLOW 1202 1507 1198 1507
SAGSLOW 1203 1507 1198 1507
SAGSLOW 1200 1507 1198 1507
SAGSLOW 1197 1506 1198 1507
SAGSLOW 1199 1506 1198 1507
SAGSLOW 1194 1507 1198 1507
SAGSLOW 1195 1508 1198 1507
SAGSLOW 1197 1506 1198 1507
SAGSLOW 1201 1507 1198 1507
SAGSLOW 1201 1506 1198 1507
SAGSLOW 1195 1507 1198 1507
SAGSLOW 1198 1508 1198 1507
SAGSLOW 1200 1507 1198 1507
SAGSLOW 1196 1507 1198 1507
SAGSLOW 1198 1507 1198 1507
SAGSLOW 1197 1506 1198 1507
SAGSLOW 1197 1507 1198 1507
SAGSLOW 1199 1506 1198 1507
SAGSLOW 1193 1508 1198 1507
SAGSLOW 1193 1508 1198 1507
SAGSLOW 1198 1507 1198 1507
SAGSLOW 1195 1507 1198 1507
SAGSLOW 1203 1507 1198 1507
SAGSLOW 1202 1507 1198 1507
SAGSLOW 1191 1506 1198 1507
SAGSLOW 1200 1507 1198 1507
SAGSLOW 1200 1506 1198 1507
SAGSLOW 1203 1507 1198 1507
SAGSLOW 1198 1507 1198 1507
SAGSLOW 1189 1507 1198 1507
SAGSLOW 1194 1507 1198 1507
SAGSLOW 1198 1507 1198 1507
SAGSLOW 1199 1508 1198 1507
SAGSLOW 1194 1507 1198 1507
SAGSLOW 1199 1508 1198 1507
SAGSLOW 1194 1507 1198 1507
SAGSLOW 1198 1507 1198 1507
SAGSLOW 1196 1507 1198 1507
SAGSLOW 1199 1508 1198 1507
SAGSLOW 1197 1506 1198 1507
SAGSLOW 1202 1507 1198 1507
SAGSLOW 1196 1506 1198 1507
SAGSLOW 1197 1507 1198 1507
SAGSLOW 1197 1507 1198 1507
SAGSLOW 1199 1507 1198 1507
SAGSLOW 1203 1507 1198 1507
SAGSLOW 1201 1506 1198 1507
SAGSLOW 1198 1507 1198 1507
SAGSLOW 1198 1506 1198 1507
SAGSLOW 1200 1506 1198 1507
SAGSLOW 1195 1507 1198 1507
SAGSLOW 1199 1507 1198 1507
SAGSLOW 1195 1506 1198 1507
SAGSLOW 1209 1507 1198 1507
SAGSLOW 1197 1506 1198 1507
SAGSLOW 1194 1507 1198 1507
SAGSLOW 1198 1508 1198 1507
SAGSLOW 1203 1506 1198 1507
SAGSLOW 1195 1506 1198 1507
SAGSLOW 1200 1507 1198 1507
SAGSLOW 1199 1507 1198 1507
SAGSLOW 1195 1507 1198 1507
SAGSLOW 1202 1507 1198 1507
SAGSLOW 1202 1507 1198 1507
SAGSLOW 1196 1507 1198 1507
SAGSLOW 1193 1507 1198 1507
SAGSLOW 1195 1507 1198 1507
SAGSLOW 1195 1508 1198 1507
SAGSLOW 1195 1507 1198 1507
SAGSLOW 1195 1507 1198 1507
SAGSLOW 1198 1506 1198 1507
SAGSLOW 1203 1507 1198 1507
SAGSLOW 1196 1507 1198 1507
SAGSLOW 1196 1508 1198 1507
SAGSLOW 1198 1507 1198 1507
SAGSLOW 1196 1507 1198 1507
SAGSLOW 1194 1506 1198 1507
SAGSLOW 1202 1507 1198 1507
SAGSLOW 1197 1507 1198 1507
SAGSLOW 1199 1506 1198 1507
SAGSLOW 1200 1507 1198 1507
SAGSLOW 1200 1507 1198 1507
SAGSLOW 1196 1506 1198 1507
SAGSLOW 1194 1507 1198 1507
SAGSLOW 1195 1507 1198 1507
SAGSLOW 1196 1508 1198 1507
SAGSLOW 1194 1508 1198 1507
SAGSLOW 1201 1508 1198 1507
SAGSLOW 1201 1507 1198 1507
SAGSLOW 1201 1509 1198 1507
SAGSLOW 1191 1507 1198 1507
SAGSLOW 1200 1507 1198 1507
SAGSLOW 1198 1506 1198 1507
SAGSLOW 1202 1507 1198 1507
SAGSLOW 1196 1507 1198 1507
SAGSLOW 1196 1507 1198 1507
SAGSLOW 1198 1507 1198 1507
SAGSLOW 1202 1507 1198 1507
SAGSLOW 1199 1507 1198 1507
SAGSLOW 1195 1507 1198 1507
SAGSLOW 1200 1507 1198 1507
SAGSLOW 1196 1507 1198 1507
SAGSLOW 1201 1508 1198 1507
SAGSLOW 1199 1506 1198 1507
SAGSLOW 1194 1508 1198 1507
SAGSLOW 1199 1507 1198 1507
SAGSLOW 1200 1507 1198 1507
SAGSLOW 1196 1506 1198 1507
SAGSLOW 1198 1506 1198 1507
SAGSLOW 1195 1507 1198 1507
SAGSLOW 1199 1506 1198 1507
SAGSLOW 1196 1507 1198 1507
SAGSLOW 1190 1506 1198 1507
SAGSLOW 1204 1507 1198 1507
SAGSLOW 1198 1506 1198 1507
SAGSLOW 1201 1507 1198 1507
SAGSLOW 1196 1507 1198 1507
SAGSLOW 1199 1508 1198 1507
SAGSLOW 1200 1506 1198 1507
SAGSLOW 1201 1507 1198 1507
SAGSLOW 1197 1507 1198 1507
SAGSLOW 1199 1507 1198 1507
SAGSLOW 1195 1507 1198 1507
SAGSLOW 1196 1507 1198 1507
SAGSLOW 1201 1507 1198 1507
SAGSLOW 1202 1507 1198 1507
SAGSLOW 1196 1506 1198 1507
SAGSLOW 1203 1506 1198 1507
SAGSLOW 1195 1507 1198 1507
SAGSLOW 1192 1506 1198 1507
SAGSLOW 1197 1507 1198 1507
SAGSLOW 1197 1507 1198 1507
SAGSLOW 1193 1506 1198 1507
SAGSLOW 1195 1507 1198 1507
SAGSLOW 1196 1507 1198 1507
SAGSLOW 1192 1506 1198 1507
SAGSLOW 1197 1507 1198 1507
SAGSLOW 1198 1507 1198 1507
SAGSLOW 1200 1507 1198 1507
SAGSLOW 1201 1507 1198 1507
SAGSLOW 1193 1507 1198 1507
SAGSLOW 1194 1507 1198 1507
SAGSLOW 1198 1506 1198 1507
SAGSLOW 1204 1507 1198 1507
SAGSLOW 1197 1507 1198 1507
SAGSLOW 1196 1507 1198 1507
SAGSLOW 1194 1507 1198 1507
SAGSLOW 1197 1508 1198 1507
SAGSLOW 1199 1506 1198 1507
SAGSLOW 1197 1507 1198 1507
SAGSLOW 1195 1507 1198 1507
SAGSLOW 1195 1506 1198 1507
SAGSLOW 1199 1507 1198 1507
SAGSLOW 1203 1507 1198 1507
SAGSLOW 1189 1507 1198 1507
SAGSLOW 1198 1507 1198 1507
SAGSLOW 1198 1507 1198 1507
SAGSLOW 1202 1507 1198 1507
SAGSLOW 1197 1506 1198 1507
SAGSLOW 1199 1506 1198 1507
SAGSLOW 1190 1507 1198 1507
SAGSLOW 1199 1506 1198 1507
SAGSLOW 1207 1506 1198 1507
SAGSLOW 1196 1507 1198 1507
SAGSLOW 1198 1506 1198 1507
SAGSLOW 1198 1507 1198 1507
SAGSLOW 1197 1507 1198 1507
SAGSLOW 1195 1507 1198 1507
SAGSLOW 1196 1507 1198 1507
SAGSLOW 1198 1507 1198 1507
SAGSLOW 1200 1507 1198 1507
SAGSLOW 1197 1507 1198 1507
SAGSLOW 1201 1507 1198 1507
SAGSLOW 1196 1508 1198 1507
SAGSLOW 1195 1507 1198 1507
SAGSLOW 1194 1507 1198 1507
SAGSLOW 1195 1507 1198 1507
SAGSLOW 1197 1507 1198 1507
SAGSLOW 1196 1507 1198 1507
SAGSLOW 1195 1508 1198 1507
SAGSLOW 1195 1506 1198 1507
SAGSLOW 1198 1508 1198 1507
SAGSLOW 1198 1507 1198 1507
SAGSLOW 1198 1507 1198 1507
SAGSLOW 1196 1506 1198 1507
SAGSLOW 1195 1507 1198 1507
SAGSLOW 1194 1507 1198 1507
SAGSLOW 1199 1506 1198 1507
SAGSLOW 1202 1507 1198 1507
SAGSLOW 1196 1507 1198 1507
SAGSLOW 1198 1507 1198 1507
SAGSLOW 1191 1506 1198 1507
SAGSLOW 1197 1507 1198 1507
SAGSLOW 1196 1506 1198 1507
SAGSLOW 1196 1508 1198 1507
SAGSLOW 1203 1507 1198 1507
SAGSLOW 1203 1507 1198 1507
SAGSLOW 1195 1507 1198 1507
SAGSLOW 1197 1507 1198 1507
SAGSLOW 1197 1507 1198 1507
SAGSLOW 1193 1507 1198 1507
SAGSLOW 1198 1507 1198 1507
SAGSLOW 1195 1507 1198 1507
SAGSLOW 1197 1507 1198 1507
SAGSLOW 1199 1507 1198 1507
SAGSLOW 1195 1507 1198 1507
SAGSLOW 1195 1506 1198 1507
SAGSLOW 1198 1507 1198 1507
SAGSLOW 1194 1507 1198 1507
SAGSLOW 1194 1505 1198 1507
SAGSLOW 1197 1507 1198 1507
SAGSLOW 1191 1507 1197 1507
SAGSLOW 1197 1506 1197 1507
SAGSLOW 1199 1506 1197 1507
SAGSLOW 1199 1507 1198 1507
SAGSLOW 1196 1507 1198 1507
SAGSLOW 1196 1507 1198 1507
SAGSLOW 1202 1507 1198 1507
SAGSLOW 1200 1508 1198 1507
SAGSLOW 1205 1507 1198 1507
SAGSLOW 1200 1507 1198 1507
SAGSLOW 1199 1508 1198 1507
SAGSLOW 1201 1506 1198 1507
SAGSLOW 1197 1507 1198 1507
SAGSLOW 1198 1508 1198 1507
SAGSLOW 1203 1508 1198 1507
SAGSLOW 1196 1506 1198 1507
SAGEND
