# elf_crc32 63C0061D
# elf_sha256 828501C1596B3C1425F3D77CCE5AAEBDE343D25109FC0F7F0BACBA965B74D8D5
# started 2026-09-24T07:58:45
BEMFRUN handoff_ehz=200 target_duty_tenths=500 advance_level=22 total_ms=80000 inject=0
PREFLIGHT moe=0 ccr1=0 ccr2=0 ccr3=0 gates_low=1 en=0 nfault=1 verdict=PASS
POSTSTOP
PREFLIGHT moe=0 ccr1=0 ccr2=0 ccr3=0 gates_low=1 en=0 nfault=1 verdict=PASS
BEMFDONE reason=2 accepted=867480 forced=0 zc_acc=869612 too_early=8 unstable=1410250 ci_us=73 bus_ref=1215 bus_min=1095
BEMFSAG ref_bus=1215 ref_vref=1504 filt_bus=1196 filt_vref=1504 streak=0 tripped=0
BEMFGATE closed_ms=74776 hold_ms=54776 target_tenths=500 zc_per_s=11601 comm_per_s=11601 ehz_from_ci_last=2283 forced_pct=0
BEMFRATE hold_ms=54776 hold_accepted=709112 hold_forced=0 mean_ci_us=77 mean_sector_us=77 ehz_from_sector=2164 zc_per_s=12945 zc_expected_per_s=12987 zc_rate_permille_of_expected=996 hold_forced_pct=0
BEMFTAIL accepts=35982 span_us=2775162 start_before_stop_us=2775268 end_before_stop_us=106 window_us=2000000
BEMFRCOMP spent_max_us=11 late_arms=0 com_preempts=0 com_arm_preempts=0
BEMFSECTOR a1=65535 f1=0 a2=65535 f2=0 a3=65535 f3=0 a4=65535 f4=0 a5=65535 f5=0 a6=65535 f6=0
BEMFPHASE lt075=34938 to100=65535 to125=65535 to150=27024 gt150=4532
BEMFREVISIT r1=30377 v1=13785 r2=29567 v2=12189 r3=25263 v3=14714 r4=44601 v4=14951 r5=21936 v5=13219 r6=34285 v6=17596
BEMFDRIVEN entered=1 epochs=21 accepts=13 early=15 unstable=272 defers=2 retries=0 late_max_us=62 qual_intervals=12 qual_reanchors=0 qual_fault=0 fail=0 seeded=1 seed_step=3 seed_us=761 commanded_us=833 irq_peak_per_ms=50 closed_irq_peak_per_ms=64 storm=0 storm_step=0 cap_armed=1 comp_call_max_us=16 overrun=0 blank_arms=869596 blank_latched=0 com_count=869613 com_late_max_us=11
BEMFGUARD reason=0 ticks=786939 gap_max_us=106 track_fault=0 track_max_us=240 fast_events=860886 fast_min_us=32 loop_iters_closed=2355690 loop_gap_max_us=164 acquire_us=16798
BEMFDRVROWS 9:3:7647:866 10:4:706:670 11:5:840:740 12:6:614:534 13:1:801:496 14:2:646:325 15:3:752:224 16:4:680:74
BEMFDRVROWS 17:5:778:15 18:6:887:80 19:1:785:13 20:2:816:22 21:3:831:15
BEMFCURRENT blocks=7869 mean_residual=10987 mean_ma=1379 hold_blocks=5423 hold_ma=1760 zero_blocks=50 zero_start=617905 zero_end=616123 zero_drift_ma=-223 ref_ma=326 duty_tenths=500 ceiling_tenths=500 worst_residual=16972 worst_ma=2131
BEMFWITNESS samples=117986 bemf_min=0 bemf_max=0 mid=0 mid_fixed=0 alt=0 hyst_codes=12 driven_rotation=0
vsenc_min=0 vsenc_max=0 star_min=0 star_max=0 bus_ref=1215
BEMFCOAST reason=2 pp_first=0 pp_last=0 crossings=0 spun=1 comp_edges=1828 comp_hi=350299 comp_polls=551933
COASTTIMING trans=1436 offset_us=41 first_us=10 iv_us=227,236,227,233,229,237,228,236 ehz_first=2202
SAGSNAP judged=786916 fast_len=512 slow_len=1024 slow_every=32 frozen=1 num=95 den=100 streak_to_latch=3 adc_rail=4095
SAGROW 13862 1193 1506 1196 1504 0 1 500 62
SAGROW 13975 1191 1505 1196 1504 0 2 500 97
SAGROW 14082 1192 1505 1196 1504 0 4 500 60
SAGROW 14157 1192 1505 1196 1504 0 5 500 50
SAGROW 14270 1192 1505 1196 1504 0 6 500 82
SAGROW 14376 1192 1505 1196 1504 0 2 500 38
SAGROW 14454 1191 1505 1196 1504 0 3 500 116
SAGROW 14600 1191 1505 1196 1504 0 4 500 104
SAGROW 14681 1194 1505 1196 1504 0 6 500 116
SAGROW 14770 1196 1505 1196 1504 0 1 500 53
SAGROW 14877 1197 1505 1196 1504 0 2 500 81
SAGROW 14998 1196 1504 1196 1504 0 4 500 119
SAGROW 15068 1195 1504 1196 1504 0 4 500 110
SAGROW 15169 1195 1505 1196 1504 0 6 500 60
SAGROW 15291 1196 1505 1196 1504 0 1 500 97
SAGROW 15374 1196 1505 1196 1504 0 3 500 115
SAGROW 15486 1196 1505 1196 1504 0 4 500 69
SAGROW 15594 1197 1505 1196 1504 0 5 500 107
SAGROW 15701 1197 1505 1196 1504 0 1 500 52
SAGROW 15773 1197 1505 1196 1504 0 2 500 47
SAGROW 15870 1198 1505 1196 1504 0 3 500 74
SAGROW 16003 1196 1505 1196 1504 0 5 500 126
SAGROW 16083 1196 1505 1196 1504 0 6 500 59
SAGROW 16185 1195 1505 1196 1504 0 1 500 78
SAGROW 16292 1195 1506 1196 1504 0 3 500 101
SAGROW 16400 1194 1506 1196 1504 0 4 500 65
SAGROW 16492 1193 1506 1196 1504 0 5 500 76
SAGROW 16599 1192 1506 1196 1504 0 6 500 101
SAGROW 16694 1192 1506 1196 1504 0 2 500 44
SAGROW 16781 1194 1506 1196 1504 0 3 500 48
SAGROW 16909 1197 1506 1196 1504 0 4 500 102
SAGROW 16999 1199 1506 1196 1504 0 6 500 40
SAGROW 17097 1199 1505 1196 1504 0 1 500 69
SAGROW 17209 1200 1505 1196 1504 0 2 500 94
SAGROW 17309 1205 1505 1196 1504 0 4 500 120
SAGROW 17390 1206 1505 1196 1504 0 5 500 54
SAGROW 17509 1205 1505 1196 1504 0 6 500 92
SAGROW 17610 1205 1505 1196 1504 0 2 500 42
SAGROW 17686 1203 1505 1196 1504 0 3 500 120
SAGROW 17832 1201 1504 1196 1504 0 4 500 104
SAGROW 17917 1196 1504 1196 1504 0 6 500 39
SAGROW 18002 1193 1504 1196 1504 0 1 500 124
SAGROW 18101 1187 1504 1196 1504 0 2 500 65
SAGROW 18213 1189 1504 1196 1504 0 3 500 107
SAGROW 18306 1190 1504 1196 1504 0 5 500 48
SAGROW 18398 1188 1504 1196 1504 0 6 500 62
SAGROW 18534 1186 1504 1196 1504 0 1 500 115
SAGROW 18597 1188 1504 1196 1504 0 2 500 101
SAGROW 18712 1194 1504 1196 1504 0 4 500 65
SAGROW 18828 1194 1504 1196 1504 0 6 500 89
SAGROW 18917 1189 1504 1196 1504 0 1 500 121
SAGROW 19018 1188 1505 1196 1504 0 2 500 61
SAGROW 19126 1187 1505 1196 1504 0 3 500 90
SAGROW 19220 1186 1505 1196 1504 0 5 500 115
SAGROW 19316 1185 1504 1196 1504 0 6 500 61
SAGROW 19411 1186 1504 1196 1504 0 1 500 73
SAGROW 19529 1186 1505 1196 1504 0 2 500 112
SAGROW 19630 1188 1505 1196 1504 0 4 500 55
SAGROW 19748 1193 1504 1196 1504 0 5 500 94
SAGROW 19848 1194 1504 1196 1504 0 1 500 51
SAGROW 19913 1196 1504 1196 1504 0 2 500 115
SAGROW 20014 1198 1504 1196 1504 0 3 500 55
SAGROW 20140 1199 1504 1196 1504 0 4 500 103
SAGROW 20230 1199 1504 1196 1504 0 6 500 39
SAGROW 20328 1199 1504 1196 1504 0 1 500 70
SAGROW 20440 1199 1505 1196 1504 0 2 500 104
SAGROW 20547 1199 1505 1196 1504 0 4 500 48
SAGROW 20622 1198 1505 1196 1504 0 5 500 53
SAGROW 20740 1196 1505 1196 1504 0 6 500 91
SAGROW 20845 1197 1504 1196 1504 0 2 500 39
SAGROW 20922 1201 1505 1196 1504 0 3 500 43
SAGROW 21057 1201 1505 1196 1504 0 4 500 99
SAGROW 21134 1199 1504 1196 1504 0 5 500 106
SAGROW 21243 1199 1504 1196 1504 0 1 500 53
SAGROW 21341 1200 1504 1196 1504 0 2 500 73
SAGROW 21447 1200 1504 1196 1504 0 3 500 100
SAGROW 21537 1200 1504 1196 1504 0 4 500 121
SAGROW 21644 1202 1504 1196 1504 0 6 500 78
SAGROW 21767 1197 1504 1196 1504 0 2 500 38
SAGROW 21841 1197 1504 1196 1504 0 3 500 42
SAGROW 21944 1196 1504 1196 1504 0 4 500 67
SAGROW 22062 1197 1505 1196 1504 0 5 500 103
SAGROW 22162 1198 1505 1196 1504 0 1 500 51
SAGROW 22248 1197 1505 1196 1504 0 2 500 61
SAGROW 22370 1198 1505 1196 1504 0 3 500 82
SAGROW 22463 1196 1505 1196 1504 0 5 500 45
SAGROW 22541 1196 1506 1196 1504 0 6 500 43
SAGROW 22672 1197 1506 1196 1504 0 1 500 103
SAGROW 22768 1198 1506 1196 1504 0 3 500 38
SAGROW 22860 1197 1506 1196 1504 0 4 500 52
SAGROW 22955 1194 1505 1196 1504 0 5 500 75
SAGROW 23068 1194 1506 1196 1504 0 6 500 108
SAGROW 23147 1194 1505 1196 1504 0 2 500 41
SAGROW 23245 1199 1505 1196 1504 0 3 500 55
SAGROW 23372 1198 1505 1196 1504 0 4 500 103
SAGROW 23455 1196 1505 1196 1504 0 6 500 117
SAGROW 23561 1197 1505 1196 1504 0 1 500 62
SAGROW 23673 1198 1504 1196 1504 0 2 500 95
SAGROW 23769 1201 1505 1196 1504 0 4 500 122
SAGROW 23850 1201 1504 1196 1504 0 5 500 51
SAGROW 23972 1200 1505 1196 1504 0 6 500 93
SAGROW 24074 1196 1505 1196 1504 0 1 500 115
SAGROW 24156 1196 1505 1196 1504 0 3 500 117
SAGROW 24280 1198 1505 1196 1504 0 4 500 94
SAGROW 24379 1198 1505 1196 1504 0 6 500 88
SAGROW 24465 1198 1505 1196 1504 0 1 500 119
SAGROW 24562 1197 1506 1196 1504 0 2 500 64
SAGROW 24694 1195 1506 1196 1504 0 4 500 48
SAGROW 24774 1195 1506 1196 1504 0 5 500 44
SAGROW 24872 1194 1506 1196 1504 0 6 500 65
SAGROW 24994 1195 1506 1196 1504 0 1 500 115
SAGROW 25069 1196 1505 1196 1504 0 2 500 112
SAGROW 25183 1195 1505 1196 1504 0 4 500 67
SAGROW 25281 1194 1505 1196 1504 0 5 500 92
SAGROW 25392 1194 1505 1196 1504 0 1 500 53
SAGROW 25479 1197 1504 1196 1504 0 2 500 61
SAGROW 25599 1196 1505 1196 1504 0 3 500 100
SAGROW 25692 1198 1504 1196 1504 0 5 500 43
SAGROW 25770 1197 1505 1196 1504 0 6 500 42
SAGROW 25901 1196 1505 1196 1504 0 1 500 103
SAGROW 25997 1196 1504 1196 1504 0 3 500 39
SAGROW 26083 1196 1504 1196 1504 0 4 500 125
SAGROW 26184 1197 1505 1196 1504 0 5 500 74
SAGROW 26297 1194 1504 1196 1504 0 6 500 107
SAGROW 26374 1195 1504 1196 1504 0 2 500 107
SAGROW 26505 1195 1504 1196 1504 0 3 500 88
SAGROW 26607 1195 1504 1196 1504 0 5 500 39
SAGROW 26680 1197 1505 1196 1504 0 5 500 111
SAGROW 26793 1199 1505 1196 1504 0 1 500 64
SAGROW 26904 1199 1505 1196 1504 0 2 500 97
SAGROW 26987 1198 1505 1196 1504 0 3 500 111
SAGROW 27095 1199 1505 1196 1504 0 5 500 53
SAGROW 27200 1200 1505 1196 1504 0 6 500 95
SAGROW 27303 1200 1505 1196 1504 0 1 500 116
SAGROW 27387 1200 1505 1196 1504 0 3 500 41
SAGROW 27528 1199 1504 1196 1504 0 4 500 113
SAGROW 27597 1198 1504 1196 1504 0 6 500 95
SAGROW 27704 1200 1504 1196 1504 0 1 500 56
SAGROW 27822 1200 1504 1196 1504 0 2 500 96
SAGROW 27923 1199 1504 1196 1504 0 4 500 49
SAGROW 28001 1197 1504 1196 1504 0 5 500 43
SAGROW 28101 1198 1504 1196 1504 0 6 500 64
SAGROW 28223 1198 1504 1196 1504 0 1 500 115
SAGROW 28297 1198 1504 1196 1504 0 2 500 110
SAGROW 28428 1197 1504 1196 1504 0 4 500 77
SAGROW 28529 1195 1504 1196 1504 0 6 500 113
SAGROW 28637 1194 1504 1196 1504 0 1 500 52
SAGROW 28710 1194 1504 1196 1504 0 2 500 63
SAGROW 28853 1196 1504 1196 1504 0 4 500 48
SAGROW 28917 1196 1504 1196 1504 0 4 500 112
SAGROW 29005 1196 1504 1196 1504 0 6 500 48
SAGROW 29135 1196 1503 1196 1504 0 1 500 108
SAGROW 29218 1197 1504 1196 1504 0 2 500 113
SAGROW 29321 1195 1504 1196 1504 0 4 500 134
SAGROW 29414 1196 1504 1196 1504 0 5 500 76
SAGROW 29532 1198 1504 1196 1504 0 6 500 112
SAGROW 29625 1196 1504 1196 1504 0 2 500 60
SAGROW 29720 1195 1504 1196 1504 0 3 500 70
SAGROW 29835 1196 1504 1196 1504 0 4 500 107
SAGROW 29912 1196 1504 1196 1504 0 6 500 114
SAGROW 30020 1197 1504 1196 1504 0 1 500 62
SAGROW 30132 1199 1504 1196 1504 0 2 500 95
SAGROW 30227 1199 1504 1196 1504 0 4 500 122
SAGROW 30317 1199 1504 1196 1504 0 5 500 131
SAGROW 30430 1199 1504 1196 1504 0 6 500 52
SAGROW 30531 1197 1504 1196 1504 0 2 500 113
SAGROW 30630 1196 1504 1196 1504 0 3 500 62
SAGROW 30751 1197 1504 1196 1504 0 4 500 108
SAGROW 30838 1196 1504 1196 1504 0 6 500 43
SAGROW 30941 1195 1504 1196 1504 0 1 500 64
SAGROW 31035 1195 1504 1196 1504 0 2 500 78
SAGROW 31128 1193 1504 1196 1504 0 3 500 46
SAGROW 31234 1194 1504 1196 1504 0 5 500 45
SAGROW 31334 1196 1504 1196 1504 0 6 500 67
SAGROW 31457 1196 1504 1196 1504 0 2 500 39
SAGROW 31534 1194 1504 1196 1504 0 3 500 117
SAGROW 31659 1194 1505 1196 1504 0 4 500 69
SAGROW 31755 1194 1505 1196 1504 0 5 500 107
SAGROW 31839 1195 1504 1196 1504 0 1 500 63
SAGROW 31941 1195 1504 1196 1504 0 2 500 66
SAGROW 32045 1197 1504 1196 1504 0 3 500 87
SAGROW 32145 1194 1504 1196 1504 0 5 500 94
SAGROW 32246 1194 1504 1196 1504 0 6 500 59
SAGROW 32374 1194 1504 1196 1504 0 1 500 89
SAGROW 32449 1194 1504 1196 1504 0 3 500 103
SAGROW 32557 1194 1504 1196 1504 0 4 500 60
SAGROW 32638 1193 1504 1196 1504 0 5 500 70
SAGROW 32777 1193 1504 1196 1504 0 1 500 49
SAGROW 32846 1192 1504 1196 1504 0 1 500 118
SAGROW 32949 1193 1504 1196 1504 0 3 500 75
SAGROW 33069 1194 1504 1196 1504 0 4 500 113
SAGROW 33150 1193 1504 1196 1504 0 6 500 47
SAGROW 33264 1193 1504 1196 1504 0 1 500 74
SAGROW 33375 1193 1504 1196 1504 0 3 500 37
SAGROW 33447 1194 1504 1196 1504 0 3 500 109
SAGROW 33548 1195 1504 1196 1504 0 5 500 51
SAGROW 33668 1194 1504 1196 1504 0 6 500 68
SAGROW 33767 1196 1503 1196 1504 0 2 500 39
SAGROW 33850 1196 1503 1196 1504 0 3 500 122
SAGROW 33990 1195 1504 1196 1504 0 4 500 107
SAGROW 34065 1196 1504 1196 1504 0 5 500 108
SAGROW 34172 1196 1504 1196 1504 0 1 500 65
SAGROW 34279 1196 1504 1196 1504 0 2 500 93
SAGROW 34382 1197 1504 1196 1504 0 3 500 115
SAGROW 34459 1198 1505 1196 1504 0 5 500 43
SAGROW 34593 1197 1505 1196 1504 0 6 500 96
SAGROW 34683 1197 1505 1196 1504 0 1 500 116
SAGROW 34775 1198 1505 1196 1504 0 3 500 48
SAGROW 34904 1198 1504 1196 1504 0 4 500 98
SAGROW 34994 1196 1504 1196 1504 0 6 500 37
SAGROW 35079 1196 1504 1196 1504 0 1 500 123
SAGROW 35181 1194 1504 1196 1504 0 2 500 77
SAGROW 35294 1194 1504 1196 1504 0 3 500 107
SAGROW 35383 1193 1504 1196 1504 0 4 500 116
SAGROW 35484 1192 1504 1196 1504 0 6 500 68
SAGROW 35604 1193 1504 1196 1504 0 1 500 107
SAGROW 35679 1193 1504 1196 1504 0 3 500 103
SAGROW 35787 1194 1504 1196 1504 0 4 500 62
SAGROW 35896 1194 1504 1196 1504 0 5 500 91
SAGROW 35998 1194 1504 1196 1504 0 1 500 123
SAGROW 36084 1191 1504 1196 1504 0 2 500 49
SAGROW 36206 1192 1504 1196 1504 0 3 500 95
SAGROW 36300 1192 1504 1196 1504 0 5 500 116
SAGROW 36394 1190 1504 1196 1504 0 6 500 59
SAGROW 36490 1189 1504 1196 1504 0 1 500 71
SAGROW 36608 1190 1504 1196 1504 0 2 500 110
SAGROW 36708 1190 1504 1196 1504 0 4 500 52
SAGROW 36782 1191 1505 1196 1504 0 5 500 55
SAGROW 36901 1193 1505 1196 1504 0 6 500 95
SAGROW 36999 1195 1505 1196 1504 0 2 500 39
SAGROW 37086 1197 1505 1196 1504 0 3 500 45
SAGROW 37216 1199 1505 1196 1504 0 4 500 100
SAGROW 37306 1199 1505 1196 1504 0 6 500 39
SAGROW 37403 1199 1505 1196 1504 0 1 500 65
SAGROW 37510 1199 1504 1196 1504 0 2 500 92
SAGROW 37623 1200 1504 1196 1504 0 4 500 45
SAGROW 37698 1199 1504 1196 1504 0 5 500 50
SAGROW 37830 1198 1504 1196 1504 0 6 500 102
SAGROW 37919 1197 1504 1196 1504 0 2 500 112
SAGROW 37998 1195 1505 1196 1504 0 3 500 42
SAGROW 38135 1195 1505 1196 1504 0 4 500 98
SAGROW 38218 1195 1504 1196 1504 0 6 500 110
SAGROW 38300 1195 1505 1196 1504 0 6 500 114
SAGROW 38410 1194 1505 1196 1504 0 2 500 65
SAGROW 38517 1195 1505 1196 1504 0 3 500 94
SAGROW 38619 1195 1504 1196 1504 0 4 500 123
SAGROW 38707 1196 1504 1196 1504 0 6 500 50
SAGROW 38843 1196 1504 1196 1504 0 1 500 114
SAGROW 38912 1197 1504 1196 1504 0 3 500 105
SAGROW 39020 1197 1504 1196 1504 0 4 500 65
SAGROW 39125 1199 1504 1196 1504 0 5 500 86
SAGROW 39238 1199 1504 1196 1504 0 1 500 49
SAGROW 39327 1198 1503 1196 1504 0 2 500 58
SAGROW 39448 1196 1503 1196 1504 0 3 500 99
SAGROW 39539 1195 1504 1196 1504 0 5 500 41
SAGROW 39619 1194 1503 1196 1504 0 6 500 41
SAGROW 39715 1194 1503 1196 1504 0 1 500 67
SAGROW 39842 1194 1503 1196 1504 0 3 500 115
SAGROW 39931 1193 1503 1196 1504 0 4 500 121
SAGROW 40011 1193 1504 1196 1504 0 5 500 55
SAGROW 40143 1192 1504 1196 1504 0 6 500 105
SAGROW 40240 1194 1504 1196 1504 0 1 500 123
SAGROW 40325 1194 1505 1196 1504 0 3 500 54
SAGROW 40450 1195 1505 1196 1504 0 4 500 101
SAGROW 40532 1194 1505 1196 1504 0 6 500 113
SAGROW 40640 1194 1505 1196 1504 0 1 500 60
SAGROW 40753 1194 1505 1196 1504 0 2 500 95
SAGROW 40848 1192 1505 1196 1504 0 4 500 123
SAGROW 40937 1193 1504 1196 1504 0 5 500 130
SAGROW 41036 1191 1504 1196 1504 0 6 500 79
SAGROW 41155 1192 1504 1196 1504 0 1 500 114
SAGROW 41224 1190 1504 1196 1504 0 3 500 106
SAGROW 41372 1191 1503 1196 1504 0 4 500 105
SAGROW 41460 1192 1504 1196 1504 0 5 500 112
SAGROW 41547 1193 1504 1196 1504 0 1 500 116
SAGROW 41640 1195 1503 1196 1504 0 2 500 60
SAGROW 41761 1197 1503 1196 1504 0 3 500 95
SAGROW 41854 1200 1504 1196 1504 0 5 500 43
SAGROW 41932 1199 1504 1196 1504 0 6 500 42
SAGROW 42063 1199 1505 1196 1504 0 1 500 103
SAGROW 42159 1199 1505 1196 1504 0 3 500 39
SAGROW 42246 1198 1505 1196 1504 0 4 500 127
SAGROW 42342 1197 1505 1196 1504 0 5 500 75
SAGROW 42449 1197 1505 1196 1504 0 6 500 98
SAGROW 42555 1195 1505 1196 1504 0 2 500 58
SAGROW 42656 1193 1505 1196 1504 0 3 500 77
SAGROW 42771 1192 1505 1196 1504 0 4 500 109
SAGROW 42846 1192 1505 1196 1504 0 6 500 114
SAGROW 42967 1192 1505 1196 1504 0 1 500 69
SAGROW 43061 1194 1505 1196 1504 0 2 500 88
SAGROW 43181 1195 1505 1196 1504 0 4 500 59
SAGROW 43247 1195 1505 1196 1504 0 5 500 58
SAGROW 43374 1196 1505 1196 1504 0 6 500 106
SAGROW 43462 1198 1506 1196 1504 0 2 500 112
SAGROW 43569 1198 1505 1196 1504 0 3 500 60
SAGROW 43690 1200 1505 1196 1504 0 4 500 112
SAGROW 43758 1199 1505 1196 1504 0 5 500 97
SAGROW 43865 1198 1505 1196 1504 0 1 500 54
SAGROW 43992 1196 1505 1196 1504 0 2 500 102
SAGROW 44066 1197 1505 1196 1504 0 3 500 99
SAGROW 44167 1197 1505 1196 1504 0 5 500 47
SAGROW 44265 1194 1505 1196 1504 0 6 500 65
SAGROW 44387 1193 1505 1196 1504 0 1 500 117
SAGROW 44462 1192 1505 1196 1504 0 2 500 111
SAGROW 44600 1193 1505 1196 1504 0 4 500 92
SAGROW 44692 1192 1504 1196 1504 0 6 500 112
SAGROW 44778 1193 1504 1196 1504 0 1 500 119
SAGROW 44871 1194 1504 1196 1504 0 2 500 60
SAGROW 45016 1195 1504 1196 1504 0 4 500 48
SAGROW 45072 1198 1504 1196 1504 0 5 500 104
SAGROW 45165 1198 1504 1196 1504 0 6 500 44
SAGROW 45296 1198 1504 1196 1504 0 1 500 84
SAGROW 45379 1198 1504 1196 1504 0 2 500 112
SAGROW 45478 1197 1504 1196 1504 0 4 500 128
SAGROW 45572 1196 1504 1196 1504 0 5 500 69
SAGROW 45710 1196 1503 1196 1504 0 1 500 49
SAGROW 45783 1195 1503 1196 1504 0 2 500 42
SAGROW 45880 1195 1503 1196 1504 0 3 500 71
SAGROW 46016 1196 1504 1196 1504 0 5 500 39
SAGROW 46086 1196 1503 1196 1504 0 6 500 48
SAGROW 46187 1194 1503 1196 1504 0 1 500 64
SAGROW 46299 1195 1504 1196 1504 0 2 500 98
SAGROW 46389 1195 1504 1196 1504 0 4 500 118
SAGROW 46488 1195 1504 1196 1504 0 5 500 57
SAGROW 46602 1195 1503 1196 1504 0 6 500 85
SAGROW 46701 1194 1503 1196 1504 0 2 500 39
SAGROW 46781 1192 1503 1196 1504 0 3 500 44
SAGROW 46921 1193 1504 1196 1504 0 4 500 103
SAGROW 47002 1194 1504 1196 1504 0 6 500 46
SAGROW 47105 1194 1504 1196 1504 0 1 500 63
SAGROW 47199 1195 1504 1196 1504 0 2 500 78
SAGROW 47325 1195 1504 1196 1504 0 4 500 45
SAGROW 47401 1196 1504 1196 1504 0 5 500 51
SAGROW 47514 1195 1504 1196 1504 0 6 500 82
SAGROW 47620 1196 1505 1196 1504 0 2 500 40
SAGROW 47698 1197 1504 1196 1504 0 3 500 118
SAGROW 47810 1196 1504 1196 1504 0 4 500 70
SAGROW 47916 1197 1504 1196 1504 0 5 500 101
SAGROW 48025 1194 1504 1196 1504 0 1 500 133
SAGROW 48105 1195 1505 1196 1504 0 2 500 55
SAGROW 48223 1198 1505 1196 1504 0 3 500 103
SAGROW 48319 1198 1504 1196 1504 0 5 500 39
SAGROW 48410 1199 1504 1196 1504 0 6 500 60
SAGROW 48531 1200 1504 1196 1504 0 1 500 101
SAGROW 48606 1203 1504 1196 1504 0 2 500 96
SAGROW 48726 1200 1504 1196 1504 0 4 500 65
SAGROW 48799 1203 1504 1196 1504 0 5 500 59
SAGROW 48933 1202 1504 1196 1504 0 1 500 124
SAGROW 49012 1198 1504 1196 1504 0 2 500 41
SAGROW 49113 1199 1505 1196 1504 0 3 500 63
SAGROW 49233 1199 1505 1196 1504 0 4 500 114
SAGROW 49316 1198 1505 1196 1504 0 6 500 115
SAGROW 49428 1196 1505 1196 1504 0 1 500 77
SAGROW 49540 1197 1505 1196 1504 0 3 500 106
SAGROW 49634 1196 1505 1196 1504 0 4 500 52
SAGROW 49723 1195 1505 1196 1504 0 5 500 62
SAGROW 49835 1193 1505 1196 1504 0 6 500 106
SAGROW 49933 1193 1505 1196 1504 0 2 500 43
SAGROW 50018 1194 1505 1196 1504 0 3 500 127
SAGROW 50151 1193 1505 1196 1504 0 4 500 102
SAGROW 50243 1193 1505 1196 1504 0 6 500 42
SAGROW 50325 1191 1505 1196 1504 0 1 500 54
SAGROW 50444 1193 1505 1196 1504 0 2 500 95
SAGROW 50540 1194 1505 1196 1504 0 3 500 108
SAGROW 50627 1195 1505 1196 1504 0 5 500 47
SAGROW 50736 1194 1505 1196 1504 0 6 500 74
SAGROW 50852 1193 1505 1196 1504 0 2 500 42
SAGROW 50925 1194 1505 1196 1504 0 3 500 114
SAGROW 51036 1194 1505 1196 1504 0 4 500 67
SAGROW 51143 1195 1505 1196 1504 0 5 500 101
SAGROW 51246 1195 1505 1196 1504 0 1 500 126
SAGROW 51343 1194 1505 1196 1504 0 2 500 64
SAGROW 51455 1195 1505 1196 1504 0 3 500 106
SAGROW 51549 1195 1505 1196 1504 0 5 500 118
SAGROW 51642 1195 1505 1196 1504 0 6 500 63
SAGROW 51763 1196 1505 1196 1504 0 1 500 101
SAGROW 51837 1198 1505 1196 1504 0 2 500 99
SAGROW 51952 1198 1505 1196 1504 0 4 500 63
SAGROW 52033 1197 1505 1196 1504 0 5 500 55
SAGROW 52171 1199 1505 1196 1504 0 1 500 50
SAGROW 52234 1199 1505 1196 1504 0 2 500 112
SAGROW 52367 1199 1505 1196 1504 0 3 500 89
SAGROW 52462 1199 1505 1196 1504 0 5 500 115
SAGROW 52557 1196 1505 1196 1504 0 6 500 60
SAGROW 52653 1196 1504 1196 1504 0 1 500 72
SAGROW 52765 1195 1505 1196 1504 0 2 500 105
SAGROW 52860 1195 1505 1196 1504 0 4 500 123
SAGROW 52967 1193 1504 1196 1504 0 5 500 77
SAGROW 53062 1194 1505 1196 1504 0 6 500 93
SAGROW 53162 1194 1505 1196 1504 0 2 500 40
SAGROW 53247 1195 1506 1196 1504 0 3 500 125
SAGROW 53381 1196 1506 1196 1504 0 4 500 102
SAGROW 53471 1197 1506 1196 1504 0 6 500 42
SAGROW 53569 1198 1505 1196 1504 0 1 500 69
SAGROW 53682 1198 1505 1196 1504 0 2 500 104
SAGROW 53788 1200 1505 1196 1504 0 4 500 48
SAGROW 53863 1200 1504 1196 1504 0 5 500 53
SAGROW 53957 1200 1504 1196 1504 0 6 500 67
SAGROW 54074 1199 1504 1196 1504 0 2 500 38
SAGROW 54153 1199 1504 1196 1504 0 3 500 116
SAGROW 54300 1197 1504 1196 1504 0 4 500 100
SAGROW 54377 1197 1504 1196 1504 0 5 500 108
SAGROW 54486 1196 1504 1196 1504 0 1 500 55
SAGROW 54560 1196 1504 1196 1504 0 2 500 52
SAGROW 54687 1196 1505 1196 1504 0 3 500 110
SAGROW 54789 1195 1505 1196 1504 0 5 500 130
SAGROW 54867 1195 1505 1196 1504 0 6 500 60
SAGROW 55001 1195 1505 1196 1504 0 2 500 111
SAGROW 55075 1193 1505 1196 1504 0 3 500 106
SAGROW 55183 1196 1506 1196 1504 0 4 500 67
SAGROW 55299 1195 1505 1196 1504 0 6 500 90
SAGROW 55381 1194 1505 1196 1504 0 6 500 114
SAGROW 55476 1194 1505 1196 1504 0 2 500 47
SAGROW 55572 1194 1505 1196 1504 0 3 500 65
SAGROW 55701 1193 1506 1196 1504 0 5 500 41
SAGROW 55781 1195 1505 1196 1504 0 6 500 41
SAGROW 55911 1196 1505 1196 1504 0 1 500 102
SAGROW 56012 1194 1504 1196 1504 0 3 500 122
SAGROW 56080 1196 1504 1196 1504 0 3 500 101
SAGROW 56188 1196 1504 1196 1504 0 5 500 64
SAGROW 56300 1196 1504 1196 1504 0 6 500 100
SAGROW 56395 1195 1504 1196 1504 0 2 500 47
SAGROW 56487 1196 1504 1196 1504 0 3 500 57
SAGROW 56602 1196 1504 1196 1504 0 4 500 56
SAGROW 56703 1198 1504 1196 1504 0 5 500 86
SAGROW 56797 1197 1504 1196 1504 0 1 500 60
SAGROW 56909 1198 1504 1196 1504 0 2 500 102
SAGROW 57010 1197 1504 1196 1504 0 4 500 121
SAGROW 57091 1197 1505 1196 1504 0 5 500 51
SAGROW 57213 1197 1505 1196 1504 0 6 500 93
SAGROW 57316 1199 1505 1196 1504 0 1 500 115
SAGROW 57397 1198 1506 1196 1504 0 3 500 50
SAGROW 57537 1197 1505 1196 1504 0 4 500 108
SAGROW 57606 1198 1505 1196 1504 0 5 500 97
SAGROW 57714 1194 1506 1196 1504 0 1 500 54
SAGROW 57821 1194 1505 1196 1504 0 2 500 69
SAGROW 57917 1194 1505 1196 1504 0 3 500 107
SAGROW 58007 1194 1504 1196 1504 0 4 500 121
SAGROW 58093 1193 1504 1196 1504 0 6 500 45
SAGROW 58229 1192 1504 1196 1504 0 1 500 110
SAGROW 58312 1192 1504 1196 1504 0 2 500 113
SAGROW 58414 1192 1504 1196 1504 0 4 500 57
SAGROW 58532 1193 1504 1196 1504 0 5 500 102
SAGROW 58631 1193 1505 1196 1504 0 1 500 52
SAGROW 58720 1193 1505 1196 1504 0 2 500 61
SAGROW 58845 1192 1505 1196 1504 0 3 500 101
SAGROW 58920 1192 1504 1196 1504 0 5 500 102
SAGROW 59002 1192 1504 1196 1504 0 5 500 113
SAGROW 59129 1193 1504 1196 1504 0 1 500 77
SAGROW 59232 1194 1504 1196 1504 0 3 500 114
SAGROW 59322 1195 1503 1196 1504 0 4 500 122
SAGROW 59422 1196 1503 1196 1504 0 5 500 73
SAGROW 59535 1197 1503 1196 1504 0 6 500 105
SAGROW 59645 1197 1503 1196 1504 0 1 500 136
SAGROW 59718 1198 1504 1196 1504 0 3 500 57
SAGROW 59843 1200 1504 1196 1504 0 4 500 105
SAGROW 59925 1200 1504 1196 1504 0 6 500 117
SAGROW 60024 1201 1504 1196 1504 0 1 500 131
SAGROW 60143 1201 1504 1196 1504 0 2 500 94
SAGROW 60238 1201 1504 1196 1504 0 4 500 122
SAGROW 60320 1201 1504 1196 1504 0 5 500 50
SAGROW 60442 1201 1504 1196 1504 0 6 500 94
SAGROW 60545 1201 1504 1196 1504 0 1 500 115
SAGROW 60623 1199 1504 1196 1504 0 3 500 44
SAGROW 60750 1200 1504 1196 1504 0 4 500 94
SAGROW 60851 1198 1503 1196 1504 0 5 500 89
SAGROW 60935 1198 1503 1196 1504 0 1 500 117
SAGROW 61052 1196 1504 1196 1504 0 2 500 70
SAGROW 61155 1196 1503 1196 1504 0 4 500 115
SAGROW 61237 1196 1504 1196 1504 0 5 500 121
SAGROW 61341 1189 1504 1196 1504 0 6 500 62
SAGROW 61464 1190 1504 1196 1504 0 1 500 114
SAGROW 61559 1189 1504 1196 1504 0 3 500 130
SAGROW 61654 1190 1504 1196 1504 0 4 500 67
SAGROW 61770 1190 1504 1196 1504 0 5 500 110
SAGROW 61858 1191 1505 1196 1504 0 1 500 48
SAGROW 61947 1190 1505 1196 1504 0 2 500 59
SAGROW 62060 1189 1505 1196 1504 0 3 500 90
SAGROW 62158 1195 1505 1196 1504 0 5 500 38
SAGROW 62249 1194 1505 1196 1504 0 6 500 49
SAGROW 62372 1193 1505 1196 1504 0 1 500 94
SAGROW 62468 1192 1505 1196 1504 0 3 500 39
SAGROW 62557 1192 1505 1196 1504 0 4 500 125
SAGROW 62654 1191 1505 1196 1504 0 5 500 74
SAGROW 62766 1193 1505 1196 1504 0 6 500 107
SAGROW 62855 1195 1505 1196 1504 0 2 500 115
SAGROW 62953 1194 1505 1196 1504 0 3 500 59
SAGROW 63069 1194 1505 1196 1504 0 4 500 100
SAGROW 63164 1195 1505 1196 1504 0 6 500 46
SAGROW 63277 1195 1505 1196 1504 0 1 500 77
SAGROW 63369 1196 1505 1196 1504 0 2 500 87
SAGROW 63458 1196 1505 1196 1504 0 3 500 112
SAGROW 63576 1196 1504 1196 1504 0 4 500 148
SAGROW 63659 1194 1504 1196 1504 0 6 500 52
SAGROW 63780 1194 1504 1196 1504 0 2 500 43
SAGROW 63852 1196 1505 1196 1504 0 3 500 42
SAGROW 63992 1196 1505 1196 1504 0 4 500 107
SAGROW 64088 1198 1505 1196 1504 0 6 500 40
SAGROW 64172 1198 1504 1196 1504 0 1 500 54
SAGROW 64262 1199 1504 1196 1504 0 2 500 61
SAGROW 64388 1197 1505 1196 1504 0 3 500 100
SAGROW 64475 1198 1504 1196 1504 0 5 500 47
SAGROW 64575 1197 1504 1196 1504 0 6 500 67
SAGROW 64690 1197 1504 1196 1504 0 2 500 109
SAGROW 64773 1198 1504 1196 1504 0 3 500 115
SAGROW 64899 1197 1504 1196 1504 0 4 500 81
SAGROW 65000 1197 1504 1196 1504 0 6 500 113
SAGROW 65069 1197 1504 1196 1504 0 6 500 102
SAGROW 65188 1199 1505 1196 1504 0 2 500 40
SAGROW 65302 1198 1505 1196 1504 0 3 500 102
SAGROW 65387 1199 1504 1196 1504 0 5 500 38
SAGROW 65478 1198 1504 1196 1504 0 6 500 49
SAGSLOW 1192 1504 1196 1504
SAGSLOW 1204 1504 1196 1504
SAGSLOW 1197 1504 1196 1504
SAGSLOW 1198 1504 1196 1504
SAGSLOW 1194 1504 1196 1504
SAGSLOW 1192 1505 1196 1504
SAGSLOW 1191 1504 1196 1504
SAGSLOW 1199 1504 1196 1504
SAGSLOW 1193 1505 1196 1504
SAGSLOW 1184 1504 1196 1504
SAGSLOW 1196 1505 1196 1504
SAGSLOW 1197 1505 1196 1504
SAGSLOW 1199 1504 1196 1504
SAGSLOW 1197 1505 1196 1504
SAGSLOW 1196 1504 1196 1504
SAGSLOW 1198 1504 1196 1504
SAGSLOW 1195 1505 1196 1504
SAGSLOW 1200 1505 1196 1504
SAGSLOW 1193 1505 1196 1504
SAGSLOW 1191 1504 1196 1504
SAGSLOW 1192 1504 1196 1504
SAGSLOW 1195 1504 1196 1504
SAGSLOW 1194 1504 1196 1504
SAGSLOW 1194 1504 1196 1504
SAGSLOW 1197 1505 1196 1504
SAGSLOW 1199 1504 1196 1504
SAGSLOW 1187 1504 1196 1504
SAGSLOW 1191 1504 1196 1504
SAGSLOW 1193 1504 1196 1504
SAGSLOW 1201 1504 1196 1504
SAGSLOW 1194 1504 1196 1504
SAGSLOW 1198 1504 1196 1504
SAGSLOW 1194 1505 1196 1504
SAGSLOW 1193 1505 1196 1504
SAGSLOW 1195 1504 1196 1504
SAGSLOW 1202 1505 1196 1504
SAGSLOW 1199 1504 1196 1504
SAGSLOW 1192 1505 1196 1504
SAGSLOW 1198 1504 1196 1504
SAGSLOW 1197 1504 1196 1504
SAGSLOW 1196 1505 1196 1504
SAGSLOW 1196 1505 1196 1504
SAGSLOW 1199 1504 1196 1504
SAGSLOW 1195 1505 1196 1504
SAGSLOW 1198 1504 1196 1504
SAGSLOW 1201 1505 1196 1504
SAGSLOW 1196 1504 1196 1504
SAGSLOW 1196 1504 1196 1504
SAGSLOW 1193 1505 1196 1504
SAGSLOW 1194 1504 1196 1504
SAGSLOW 1198 1505 1196 1504
SAGSLOW 1200 1504 1196 1504
SAGSLOW 1192 1505 1196 1504
SAGSLOW 1195 1505 1196 1504
SAGSLOW 1197 1504 1196 1504
SAGSLOW 1200 1503 1196 1504
SAGSLOW 1194 1505 1196 1504
SAGSLOW 1194 1504 1196 1504
SAGSLOW 1194 1505 1196 1504
SAGSLOW 1200 1504 1196 1504
SAGSLOW 1198 1504 1196 1504
SAGSLOW 1192 1504 1196 1504
SAGSLOW 1195 1504 1196 1504
SAGSLOW 1194 1504 1196 1504
SAGSLOW 1194 1503 1196 1504
SAGSLOW 1198 1504 1196 1504
SAGSLOW 1195 1505 1196 1504
SAGSLOW 1203 1504 1196 1504
SAGSLOW 1200 1504 1196 1504
SAGSLOW 1192 1505 1196 1504
SAGSLOW 1197 1504 1196 1504
SAGSLOW 1194 1504 1196 1504
SAGSLOW 1194 1505 1196 1504
SAGSLOW 1196 1504 1196 1504
SAGSLOW 1194 1505 1196 1504
SAGSLOW 1192 1505 1196 1504
SAGSLOW 1191 1503 1196 1504
SAGSLOW 1193 1505 1196 1504
SAGSLOW 1195 1505 1196 1504
SAGSLOW 1194 1503 1196 1504
SAGSLOW 1198 1505 1196 1504
SAGSLOW 1199 1505 1196 1504
SAGSLOW 1195 1504 1196 1504
SAGSLOW 1197 1504 1196 1504
SAGSLOW 1196 1505 1196 1504
SAGSLOW 1195 1505 1196 1504
SAGSLOW 1199 1506 1196 1504
SAGSLOW 1196 1505 1196 1504
SAGSLOW 1196 1504 1196 1504
SAGSLOW 1196 1504 1196 1504
SAGSLOW 1195 1505 1196 1504
SAGSLOW 1191 1505 1196 1504
SAGSLOW 1191 1505 1196 1504
SAGSLOW 1196 1505 1196 1504
SAGSLOW 1196 1504 1196 1504
SAGSLOW 1196 1504 1196 1504
SAGSLOW 1202 1504 1196 1504
SAGSLOW 1199 1504 1196 1504
SAGSLOW 1197 1503 1196 1504
SAGSLOW 1191 1504 1196 1504
SAGSLOW 1193 1505 1196 1504
SAGSLOW 1193 1505 1196 1504
SAGSLOW 1201 1505 1196 1504
SAGSLOW 1190 1504 1196 1504
SAGSLOW 1201 1504 1196 1504
SAGSLOW 1192 1504 1196 1504
SAGSLOW 1198 1505 1196 1504
SAGSLOW 1202 1505 1196 1504
SAGSLOW 1196 1505 1196 1504
SAGSLOW 1191 1504 1196 1504
SAGSLOW 1195 1504 1196 1504
SAGSLOW 1200 1504 1196 1504
SAGSLOW 1195 1505 1196 1504
SAGSLOW 1198 1504 1196 1504
SAGSLOW 1197 1504 1196 1504
SAGSLOW 1200 1505 1196 1504
SAGSLOW 1198 1504 1196 1504
SAGSLOW 1195 1505 1196 1504
SAGSLOW 1196 1504 1196 1504
SAGSLOW 1198 1505 1196 1504
SAGSLOW 1196 1505 1196 1504
SAGSLOW 1190 1505 1196 1504
SAGSLOW 1194 1505 1196 1504
SAGSLOW 1194 1505 1196 1504
SAGSLOW 1195 1505 1196 1504
SAGSLOW 1195 1504 1196 1504
SAGSLOW 1197 1504 1196 1504
SAGSLOW 1199 1505 1196 1504
SAGSLOW 1194 1504 1196 1504
SAGSLOW 1199 1505 1196 1504
SAGSLOW 1195 1506 1196 1504
SAGSLOW 1200 1504 1196 1504
SAGSLOW 1197 1505 1196 1504
SAGSLOW 1198 1504 1196 1504
SAGSLOW 1188 1504 1196 1504
SAGSLOW 1197 1505 1196 1504
SAGSLOW 1192 1505 1196 1504
SAGSLOW 1198 1504 1196 1504
SAGSLOW 1199 1504 1196 1504
SAGSLOW 1198 1504 1196 1504
SAGSLOW 1195 1504 1196 1504
SAGSLOW 1197 1504 1196 1504
SAGSLOW 1196 1504 1196 1504
SAGSLOW 1199 1504 1196 1504
SAGSLOW 1195 1504 1196 1504
SAGSLOW 1194 1505 1196 1504
SAGSLOW 1199 1505 1196 1504
SAGSLOW 1195 1505 1196 1504
SAGSLOW 1198 1504 1196 1504
SAGSLOW 1196 1503 1196 1504
SAGSLOW 1198 1504 1196 1504
SAGSLOW 1192 1504 1196 1504
SAGSLOW 1193 1504 1196 1504
SAGSLOW 1194 1504 1196 1504
SAGSLOW 1193 1505 1196 1504
SAGSLOW 1199 1505 1196 1504
SAGSLOW 1194 1505 1196 1504
SAGSLOW 1196 1505 1196 1504
SAGSLOW 1195 1504 1196 1504
SAGSLOW 1195 1504 1196 1504
SAGSLOW 1200 1505 1196 1504
SAGSLOW 1195 1504 1196 1504
SAGSLOW 1196 1503 1196 1504
SAGSLOW 1199 1505 1196 1504
SAGSLOW 1196 1504 1196 1504
SAGSLOW 1195 1505 1196 1504
SAGSLOW 1199 1503 1196 1504
SAGSLOW 1196 1505 1196 1504
SAGSLOW 1196 1503 1196 1504
SAGSLOW 1200 1505 1196 1504
SAGSLOW 1195 1505 1196 1504
SAGSLOW 1194 1505 1196 1504
SAGSLOW 1196 1505 1196 1504
SAGSLOW 1194 1504 1196 1504
SAGSLOW 1192 1504 1196 1504
SAGSLOW 1196 1505 1196 1504
SAGSLOW 1201 1505 1196 1504
SAGSLOW 1190 1504 1196 1504
SAGSLOW 1198 1504 1196 1504
SAGSLOW 1196 1505 1196 1504
SAGSLOW 1197 1504 1196 1504
SAGSLOW 1196 1504 1196 1504
SAGSLOW 1200 1505 1196 1504
SAGSLOW 1198 1505 1196 1504
SAGSLOW 1196 1504 1196 1504
SAGSLOW 1196 1505 1196 1504
SAGSLOW 1200 1505 1196 1504
SAGSLOW 1196 1505 1196 1504
SAGSLOW 1197 1506 1196 1504
SAGSLOW 1192 1504 1196 1504
SAGSLOW 1195 1504 1196 1504
SAGSLOW 1196 1504 1196 1504
SAGSLOW 1200 1504 1196 1504
SAGSLOW 1195 1504 1196 1504
SAGSLOW 1196 1504 1196 1504
SAGSLOW 1195 1504 1196 1504
SAGSLOW 1204 1505 1196 1504
SAGSLOW 1193 1505 1196 1504
SAGSLOW 1198 1504 1196 1504
SAGSLOW 1194 1505 1196 1504
SAGSLOW 1198 1505 1196 1504
SAGSLOW 1191 1505 1196 1504
SAGSLOW 1196 1506 1196 1504
SAGSLOW 1193 1505 1196 1504
SAGSLOW 1192 1504 1196 1504
SAGSLOW 1197 1506 1196 1504
SAGSLOW 1193 1505 1196 1504
SAGSLOW 1195 1504 1196 1504
SAGSLOW 1198 1505 1196 1504
SAGSLOW 1195 1505 1196 1504
SAGSLOW 1199 1505 1196 1504
SAGSLOW 1199 1504 1196 1504
SAGSLOW 1195 1505 1196 1504
SAGSLOW 1193 1504 1196 1504
SAGSLOW 1194 1504 1196 1504
SAGSLOW 1192 1503 1196 1504
SAGSLOW 1192 1504 1196 1504
SAGSLOW 1190 1506 1196 1504
SAGSLOW 1196 1504 1196 1504
SAGSLOW 1197 1504 1196 1504
SAGSLOW 1197 1505 1196 1504
SAGSLOW 1195 1504 1196 1504
SAGSLOW 1195 1505 1196 1504
SAGSLOW 1196 1504 1196 1504
SAGSLOW 1194 1505 1196 1504
SAGSLOW 1191 1504 1196 1504
SAGSLOW 1196 1505 1196 1504
SAGSLOW 1194 1504 1196 1504
SAGSLOW 1195 1504 1196 1504
SAGSLOW 1197 1505 1196 1504
SAGSLOW 1196 1504 1196 1504
SAGSLOW 1194 1503 1196 1504
SAGSLOW 1199 1504 1196 1504
SAGSLOW 1194 1505 1196 1504
SAGSLOW 1190 1505 1196 1504
SAGSLOW 1192 1504 1196 1504
SAGSLOW 1200 1504 1196 1504
SAGSLOW 1196 1504 1196 1504
SAGSLOW 1196 1505 1196 1504
SAGSLOW 1192 1504 1196 1504
SAGSLOW 1197 1504 1196 1504
SAGSLOW 1191 1504 1196 1504
SAGSLOW 1200 1505 1196 1504
SAGSLOW 1193 1504 1196 1504
SAGSLOW 1197 1505 1196 1504
SAGSLOW 1197 1504 1196 1504
SAGSLOW 1200 1504 1196 1504
SAGSLOW 1199 1504 1196 1504
SAGSLOW 1195 1504 1196 1504
SAGSLOW 1200 1504 1196 1504
SAGSLOW 1196 1505 1196 1504
SAGSLOW 1195 1504 1196 1504
SAGSLOW 1197 1505 1196 1504
SAGSLOW 1198 1504 1196 1504
SAGSLOW 1195 1505 1196 1504
SAGSLOW 1195 1504 1196 1504
SAGSLOW 1199 1505 1196 1504
SAGSLOW 1199 1504 1196 1504
SAGSLOW 1202 1504 1196 1504
SAGSLOW 1193 1505 1196 1504
SAGSLOW 1193 1504 1196 1504
SAGSLOW 1195 1505 1196 1504
SAGSLOW 1193 1505 1196 1504
SAGSLOW 1195 1505 1196 1504
SAGSLOW 1195 1505 1196 1504
SAGSLOW 1192 1504 1196 1504
SAGSLOW 1191 1504 1196 1504
SAGSLOW 1197 1504 1196 1504
SAGSLOW 1199 1504 1196 1504
SAGSLOW 1202 1506 1196 1504
SAGSLOW 1201 1504 1196 1504
SAGSLOW 1190 1504 1196 1504
SAGSLOW 1196 1504 1196 1504
SAGSLOW 1194 1504 1196 1504
SAGSLOW 1196 1504 1196 1504
SAGSLOW 1193 1505 1196 1504
SAGSLOW 1194 1504 1196 1504
SAGSLOW 1192 1504 1196 1504
SAGSLOW 1195 1505 1196 1504
SAGSLOW 1197 1505 1196 1504
SAGSLOW 1197 1504 1196 1504
SAGSLOW 1196 1505 1196 1504
SAGSLOW 1200 1504 1196 1504
SAGSLOW 1195 1505 1196 1504
SAGSLOW 1192 1504 1196 1504
SAGSLOW 1193 1505 1196 1504
SAGSLOW 1195 1504 1196 1504
SAGSLOW 1195 1504 1196 1504
SAGSLOW 1195 1505 1196 1504
SAGSLOW 1196 1504 1196 1504
SAGSLOW 1194 1505 1196 1504
SAGSLOW 1195 1506 1196 1504
SAGSLOW 1194 1504 1196 1504
SAGSLOW 1199 1505 1196 1504
SAGSLOW 1200 1505 1196 1504
SAGSLOW 1192 1505 1196 1504
SAGSLOW 1200 1505 1196 1505
SAGSLOW 1194 1504 1196 1505
SAGSLOW 1196 1505 1196 1504
SAGSLOW 1194 1504 1196 1504
SAGSLOW 1203 1505 1196 1504
SAGSLOW 1199 1504 1196 1504
SAGSLOW 1201 1505 1196 1504
SAGSLOW 1196 1504 1196 1504
SAGSLOW 1203 1504 1196 1504
SAGSLOW 1200 1504 1196 1504
SAGSLOW 1192 1505 1196 1504
SAGSLOW 1197 1505 1196 1504
SAGSLOW 1198 1504 1196 1504
SAGSLOW 1192 1504 1196 1504
SAGSLOW 1192 1504 1196 1504
SAGSLOW 1199 1505 1196 1504
SAGSLOW 1196 1505 1196 1504
SAGSLOW 1198 1505 1196 1504
SAGSLOW 1195 1505 1196 1504
SAGSLOW 1195 1505 1196 1504
SAGSLOW 1193 1505 1196 1504
SAGSLOW 1200 1505 1196 1504
SAGSLOW 1197 1504 1196 1504
SAGSLOW 1198 1505 1196 1505
SAGSLOW 1196 1504 1196 1505
SAGSLOW 1195 1504 1196 1505
SAGSLOW 1200 1504 1196 1504
SAGSLOW 1195 1504 1196 1504
SAGSLOW 1194 1503 1196 1504
SAGSLOW 1194 1504 1196 1504
SAGSLOW 1197 1504 1196 1504
SAGSLOW 1193 1504 1196 1504
SAGSLOW 1194 1505 1196 1504
SAGSLOW 1195 1504 1196 1504
SAGSLOW 1196 1506 1196 1504
SAGSLOW 1194 1504 1196 1504
SAGSLOW 1201 1504 1196 1504
SAGSLOW 1198 1504 1196 1504
SAGSLOW 1196 1504 1196 1504
SAGSLOW 1193 1504 1196 1504
SAGSLOW 1196 1503 1196 1504
SAGSLOW 1190 1503 1196 1504
SAGSLOW 1195 1504 1196 1504
SAGSLOW 1192 1505 1196 1504
SAGSLOW 1195 1505 1196 1504
SAGSLOW 1193 1506 1196 1504
SAGSLOW 1192 1505 1196 1504
SAGSLOW 1199 1504 1196 1504
SAGSLOW 1201 1505 1196 1504
SAGSLOW 1196 1504 1196 1504
SAGSLOW 1197 1505 1196 1504
SAGSLOW 1200 1504 1196 1504
SAGSLOW 1168 1505 1196 1504
SAGSLOW 1198 1504 1196 1504
SAGSLOW 1191 1504 1196 1504
SAGSLOW 1192 1504 1196 1504
SAGSLOW 1200 1506 1196 1504
SAGSLOW 1196 1505 1196 1504
SAGSLOW 1194 1504 1196 1504
SAGSLOW 1198 1505 1196 1504
SAGSLOW 1193 1504 1196 1504
SAGSLOW 1194 1504 1196 1504
SAGSLOW 1189 1504 1196 1504
SAGSLOW 1195 1505 1196 1504
SAGSLOW 1195 1504 1196 1504
SAGSLOW 1193 1505 1196 1504
SAGSLOW 1202 1504 1195 1504
SAGSLOW 1199 1505 1196 1504
SAGSLOW 1199 1505 1196 1504
SAGSLOW 1198 1505 1196 1504
SAGSLOW 1196 1505 1196 1504
SAGSLOW 1200 1505 1196 1504
SAGSLOW 1197 1504 1196 1504
SAGSLOW 1192 1505 1196 1504
SAGSLOW 1198 1504 1196 1504
SAGSLOW 1194 1505 1196 1504
SAGSLOW 1201 1505 1196 1504
SAGSLOW 1194 1504 1196 1504
SAGSLOW 1197 1505 1196 1504
SAGSLOW 1194 1504 1196 1504
SAGSLOW 1193 1505 1196 1504
SAGSLOW 1199 1505 1196 1504
SAGSLOW 1198 1504 1196 1504
SAGSLOW 1193 1504 1196 1504
SAGSLOW 1197 1504 1196 1504
SAGSLOW 1197 1504 1196 1504
SAGSLOW 1198 1505 1196 1504
SAGSLOW 1195 1505 1196 1504
SAGSLOW 1191 1505 1196 1504
SAGSLOW 1197 1505 1196 1504
SAGSLOW 1195 1504 1196 1504
SAGSLOW 1198 1503 1196 1504
SAGSLOW 1196 1504 1196 1504
SAGSLOW 1194 1505 1196 1504
SAGSLOW 1194 1505 1196 1504
SAGSLOW 1190 1504 1196 1504
SAGSLOW 1195 1504 1196 1504
SAGSLOW 1198 1505 1196 1504
SAGSLOW 1196 1504 1196 1504
SAGSLOW 1198 1505 1196 1504
SAGSLOW 1198 1504 1196 1504
SAGSLOW 1199 1504 1196 1504
SAGSLOW 1194 1504 1196 1504
SAGSLOW 1199 1504 1196 1504
SAGSLOW 1203 1505 1196 1504
SAGSLOW 1202 1504 1196 1504
SAGSLOW 1195 1504 1196 1504
SAGSLOW 1193 1504 1196 1504
SAGSLOW 1197 1504 1196 1504
SAGSLOW 1199 1504 1196 1504
SAGSLOW 1197 1505 1196 1504
SAGSLOW 1194 1505 1196 1504
SAGSLOW 1201 1505 1196 1504
SAGSLOW 1193 1504 1196 1504
SAGSLOW 1198 1504 1196 1504
SAGSLOW 1203 1505 1196 1504
SAGSLOW 1197 1504 1196 1504
SAGSLOW 1196 1504 1196 1504
SAGSLOW 1190 1504 1196 1504
SAGSLOW 1195 1504 1196 1504
SAGSLOW 1195 1504 1196 1504
SAGSLOW 1191 1505 1196 1504
SAGSLOW 1192 1504 1196 1504
SAGSLOW 1201 1504 1196 1504
SAGSLOW 1199 1504 1196 1504
SAGSLOW 1194 1505 1196 1504
SAGSLOW 1193 1504 1196 1504
SAGSLOW 1194 1505 1196 1504
SAGSLOW 1195 1503 1196 1504
SAGSLOW 1200 1505 1196 1504
SAGSLOW 1199 1505 1196 1504
SAGSLOW 1199 1504 1196 1504
SAGSLOW 1196 1504 1196 1504
SAGSLOW 1191 1505 1196 1504
SAGSLOW 1195 1504 1196 1504
SAGSLOW 1199 1504 1196 1504
SAGSLOW 1195 1505 1196 1504
SAGSLOW 1195 1505 1196 1504
SAGSLOW 1194 1506 1196 1504
SAGSLOW 1195 1504 1196 1504
SAGSLOW 1193 1504 1196 1504
SAGSLOW 1202 1505 1196 1504
SAGSLOW 1196 1505 1196 1504
SAGSLOW 1197 1504 1196 1504
SAGSLOW 1196 1504 1196 1504
SAGSLOW 1192 1505 1196 1504
SAGSLOW 1198 1504 1196 1504
SAGSLOW 1196 1505 1196 1504
SAGSLOW 1194 1505 1196 1504
SAGSLOW 1195 1505 1196 1504
SAGSLOW 1196 1505 1196 1504
SAGSLOW 1198 1504 1196 1504
SAGSLOW 1198 1504 1196 1504
SAGSLOW 1193 1505 1196 1504
SAGSLOW 1202 1505 1196 1504
SAGSLOW 1196 1504 1196 1504
SAGSLOW 1195 1505 1196 1504
SAGSLOW 1195 1504 1196 1504
SAGSLOW 1195 1504 1196 1504
SAGSLOW 1195 1504 1196 1504
SAGSLOW 1195 1504 1196 1504
SAGSLOW 1192 1505 1196 1504
SAGSLOW 1194 1506 1196 1504
SAGSLOW 1195 1504 1196 1504
SAGSLOW 1199 1505 1196 1504
SAGSLOW 1197 1504 1196 1504
SAGSLOW 1198 1504 1196 1504
SAGSLOW 1193 1505 1196 1504
SAGSLOW 1196 1504 1196 1504
SAGSLOW 1197 1504 1196 1504
SAGSLOW 1191 1504 1196 1504
SAGSLOW 1192 1504 1196 1504
SAGSLOW 1200 1504 1196 1504
SAGSLOW 1195 1506 1196 1504
SAGSLOW 1193 1504 1196 1504
SAGSLOW 1195 1504 1196 1504
SAGSLOW 1195 1504 1196 1504
SAGSLOW 1204 1505 1196 1504
SAGSLOW 1198 1504 1196 1504
SAGSLOW 1195 1504 1196 1504
SAGSLOW 1197 1504 1196 1504
SAGSLOW 1195 1505 1196 1504
SAGSLOW 1196 1504 1196 1504
SAGSLOW 1194 1504 1196 1504
SAGSLOW 1199 1505 1196 1504
SAGSLOW 1198 1504 1196 1504
SAGSLOW 1200 1504 1196 1504
SAGSLOW 1198 1506 1196 1504
SAGSLOW 1201 1505 1196 1504
SAGSLOW 1197 1504 1196 1504
SAGSLOW 1195 1505 1196 1504
SAGSLOW 1196 1504 1196 1504
SAGSLOW 1196 1504 1196 1504
SAGSLOW 1197 1504 1196 1504
SAGSLOW 1198 1505 1196 1504
SAGSLOW 1192 1505 1196 1504
SAGSLOW 1194 1505 1196 1504
SAGSLOW 1195 1505 1196 1504
SAGSLOW 1196 1506 1196 1504
SAGSLOW 1194 1504 1196 1504
SAGSLOW 1193 1505 1196 1504
SAGSLOW 1196 1505 1196 1504
SAGSLOW 1195 1504 1196 1504
SAGSLOW 1193 1504 1196 1504
SAGSLOW 1193 1504 1196 1504
SAGSLOW 1194 1505 1196 1504
SAGSLOW 1194 1504 1196 1504
SAGSLOW 1203 1504 1196 1504
SAGSLOW 1199 1504 1196 1504
SAGSLOW 1197 1505 1196 1504
SAGSLOW 1197 1505 1196 1504
SAGSLOW 1196 1505 1196 1504
SAGSLOW 1200 1504 1196 1504
SAGSLOW 1184 1504 1196 1504
SAGSLOW 1200 1504 1196 1504
SAGSLOW 1196 1504 1196 1504
SAGSLOW 1195 1505 1196 1504
SAGSLOW 1193 1505 1196 1504
SAGSLOW 1193 1504 1196 1504
SAGSLOW 1195 1505 1196 1504
SAGSLOW 1200 1504 1196 1504
SAGSLOW 1194 1505 1196 1504
SAGSLOW 1198 1505 1196 1504
SAGSLOW 1193 1503 1196 1504
SAGSLOW 1194 1504 1196 1504
SAGSLOW 1196 1504 1196 1504
SAGSLOW 1194 1504 1196 1504
SAGSLOW 1193 1505 1196 1504
SAGSLOW 1198 1503 1196 1504
SAGSLOW 1196 1504 1196 1504
SAGSLOW 1195 1504 1196 1504
SAGSLOW 1196 1505 1196 1504
SAGSLOW 1196 1504 1196 1504
SAGSLOW 1195 1505 1196 1504
SAGSLOW 1192 1505 1196 1504
SAGSLOW 1195 1505 1196 1504
SAGSLOW 1194 1505 1196 1504
SAGSLOW 1194 1504 1196 1504
SAGSLOW 1192 1504 1196 1504
SAGSLOW 1193 1504 1196 1504
SAGSLOW 1190 1505 1196 1504
SAGSLOW 1195 1504 1196 1504
SAGSLOW 1195 1505 1196 1504
SAGSLOW 1201 1505 1196 1504
SAGSLOW 1197 1505 1196 1504
SAGSLOW 1197 1504 1196 1504
SAGSLOW 1194 1504 1196 1504
SAGSLOW 1194 1504 1196 1504
SAGSLOW 1196 1505 1196 1504
SAGSLOW 1196 1504 1196 1504
SAGSLOW 1192 1506 1196 1504
SAGSLOW 1197 1505 1196 1504
SAGSLOW 1191 1504 1196 1504
SAGSLOW 1198 1505 1196 1504
SAGSLOW 1200 1504 1196 1504
SAGSLOW 1201 1504 1196 1504
SAGSLOW 1191 1505 1196 1504
SAGSLOW 1198 1504 1196 1505
SAGSLOW 1198 1505 1196 1505
SAGSLOW 1195 1504 1196 1505
SAGSLOW 1201 1504 1196 1505
SAGSLOW 1198 1505 1196 1505
SAGSLOW 1197 1505 1196 1505
SAGSLOW 1195 1504 1196 1505
SAGSLOW 1197 1505 1196 1505
SAGSLOW 1192 1504 1196 1505
SAGSLOW 1193 1505 1196 1505
SAGSLOW 1198 1505 1196 1505
SAGSLOW 1194 1504 1196 1505
SAGSLOW 1203 1504 1196 1505
SAGSLOW 1191 1504 1196 1505
SAGSLOW 1194 1504 1196 1505
SAGSLOW 1195 1504 1196 1505
SAGSLOW 1195 1503 1196 1504
SAGSLOW 1195 1504 1196 1504
SAGSLOW 1197 1504 1196 1504
SAGSLOW 1200 1504 1196 1504
SAGSLOW 1192 1504 1196 1504
SAGSLOW 1198 1505 1196 1504
SAGSLOW 1194 1505 1196 1504
SAGSLOW 1193 1504 1196 1504
SAGSLOW 1197 1505 1196 1504
SAGSLOW 1191 1504 1196 1504
SAGSLOW 1199 1506 1196 1504
SAGSLOW 1194 1505 1196 1504
SAGSLOW 1192 1504 1196 1505
SAGSLOW 1196 1505 1196 1504
SAGSLOW 1194 1505 1196 1504
SAGSLOW 1197 1504 1196 1504
SAGSLOW 1193 1505 1196 1504
SAGSLOW 1196 1505 1196 1504
SAGSLOW 1197 1504 1196 1504
SAGSLOW 1194 1504 1196 1504
SAGSLOW 1196 1504 1196 1504
SAGSLOW 1199 1504 1196 1504
SAGSLOW 1197 1505 1196 1504
SAGSLOW 1194 1505 1196 1504
SAGSLOW 1193 1504 1196 1504
SAGSLOW 1195 1504 1196 1504
SAGSLOW 1199 1505 1196 1504
SAGSLOW 1195 1505 1196 1504
SAGSLOW 1198 1505 1196 1504
SAGSLOW 1199 1505 1196 1504
SAGSLOW 1195 1504 1196 1504
SAGSLOW 1190 1506 1196 1504
SAGSLOW 1199 1505 1196 1504
SAGSLOW 1194 1505 1196 1505
SAGSLOW 1196 1505 1196 1504
SAGSLOW 1197 1505 1196 1504
SAGSLOW 1197 1506 1196 1504
SAGSLOW 1194 1505 1196 1504
SAGSLOW 1203 1505 1196 1504
SAGSLOW 1195 1504 1196 1505
SAGSLOW 1196 1504 1196 1504
SAGSLOW 1193 1504 1196 1504
SAGSLOW 1200 1504 1196 1504
SAGSLOW 1195 1504 1196 1504
SAGSLOW 1197 1505 1196 1504
SAGSLOW 1198 1504 1196 1504
SAGSLOW 1196 1504 1196 1504
SAGSLOW 1194 1505 1196 1504
SAGSLOW 1197 1505 1196 1504
SAGSLOW 1191 1504 1196 1504
SAGSLOW 1198 1504 1196 1504
SAGSLOW 1194 1504 1196 1504
SAGSLOW 1193 1504 1196 1504
SAGSLOW 1193 1505 1196 1504
SAGSLOW 1196 1504 1196 1504
SAGSLOW 1195 1505 1196 1504
SAGSLOW 1195 1505 1196 1504
SAGSLOW 1195 1504 1196 1504
SAGSLOW 1193 1504 1196 1504
SAGSLOW 1193 1504 1196 1504
SAGSLOW 1201 1505 1196 1504
SAGSLOW 1198 1504 1196 1504
SAGSLOW 1193 1505 1196 1504
SAGSLOW 1200 1505 1196 1504
SAGSLOW 1194 1504 1196 1504
SAGSLOW 1190 1505 1196 1504
SAGSLOW 1199 1504 1196 1504
SAGSLOW 1198 1505 1196 1504
SAGSLOW 1205 1504 1196 1504
SAGSLOW 1196 1504 1196 1504
SAGSLOW 1194 1504 1196 1504
SAGSLOW 1196 1505 1196 1504
SAGSLOW 1194 1505 1196 1504
SAGSLOW 1197 1504 1196 1504
SAGSLOW 1193 1506 1196 1504
SAGSLOW 1198 1506 1196 1504
SAGSLOW 1202 1504 1196 1504
SAGSLOW 1190 1504 1196 1504
SAGSLOW 1200 1505 1196 1504
SAGSLOW 1188 1506 1196 1505
SAGSLOW 1199 1505 1196 1505
SAGSLOW 1192 1505 1196 1505
SAGSLOW 1197 1505 1196 1505
SAGSLOW 1196 1505 1196 1505
SAGSLOW 1197 1506 1196 1505
SAGSLOW 1193 1504 1196 1505
SAGSLOW 1199 1504 1196 1505
SAGSLOW 1199 1504 1196 1505
SAGSLOW 1194 1505 1196 1505
SAGSLOW 1198 1504 1196 1505
SAGSLOW 1195 1505 1196 1505
SAGSLOW 1194 1504 1196 1505
SAGSLOW 1193 1504 1196 1505
SAGSLOW 1195 1504 1196 1505
SAGSLOW 1198 1504 1196 1505
SAGSLOW 1194 1505 1196 1505
SAGSLOW 1197 1505 1196 1505
SAGSLOW 1198 1504 1196 1505
SAGSLOW 1198 1503 1196 1505
SAGSLOW 1201 1504 1196 1505
SAGSLOW 1201 1503 1196 1505
SAGSLOW 1198 1506 1196 1505
SAGSLOW 1195 1505 1196 1505
SAGSLOW 1195 1504 1196 1505
SAGSLOW 1195 1504 1196 1504
SAGSLOW 1196 1505 1196 1505
SAGSLOW 1197 1506 1196 1505
SAGSLOW 1200 1505 1196 1505
SAGSLOW 1195 1505 1196 1505
SAGSLOW 1192 1504 1196 1505
SAGSLOW 1191 1504 1196 1505
SAGSLOW 1196 1505 1196 1505
SAGSLOW 1194 1505 1196 1505
SAGSLOW 1198 1506 1196 1505
SAGSLOW 1194 1505 1196 1505
SAGSLOW 1196 1505 1196 1505
SAGSLOW 1199 1504 1196 1505
SAGSLOW 1199 1504 1196 1505
SAGSLOW 1199 1504 1196 1505
SAGSLOW 1197 1504 1196 1505
SAGSLOW 1199 1504 1196 1505
SAGSLOW 1193 1504 1196 1505
SAGSLOW 1193 1504 1196 1505
SAGSLOW 1193 1505 1196 1505
SAGSLOW 1197 1504 1196 1505
SAGSLOW 1195 1503 1196 1505
SAGSLOW 1195 1504 1196 1505
SAGSLOW 1197 1506 1196 1505
SAGSLOW 1194 1504 1196 1505
SAGSLOW 1198 1505 1196 1505
SAGSLOW 1199 1505 1196 1505
SAGSLOW 1195 1506 1196 1505
SAGSLOW 1193 1505 1196 1505
SAGSLOW 1195 1505 1196 1505
SAGSLOW 1197 1504 1196 1505
SAGSLOW 1196 1504 1196 1505
SAGSLOW 1193 1503 1196 1505
SAGSLOW 1198 1505 1196 1505
SAGSLOW 1198 1504 1196 1505
SAGSLOW 1196 1505 1196 1505
SAGSLOW 1195 1506 1196 1505
SAGSLOW 1200 1504 1196 1505
SAGSLOW 1198 1504 1196 1505
SAGSLOW 1197 1504 1196 1505
SAGSLOW 1197 1505 1196 1505
SAGSLOW 1199 1505 1196 1505
SAGSLOW 1195 1505 1196 1505
SAGSLOW 1196 1505 1196 1505
SAGSLOW 1190 1505 1196 1505
SAGSLOW 1198 1504 1196 1505
SAGSLOW 1197 1505 1196 1505
SAGSLOW 1199 1504 1196 1505
SAGSLOW 1194 1505 1196 1505
SAGSLOW 1197 1503 1196 1505
SAGSLOW 1191 1505 1196 1505
SAGSLOW 1195 1504 1196 1505
SAGSLOW 1191 1504 1196 1505
SAGSLOW 1197 1504 1196 1505
SAGSLOW 1193 1505 1196 1505
SAGSLOW 1192 1505 1196 1505
SAGSLOW 1193 1504 1196 1505
SAGSLOW 1193 1504 1196 1505
SAGSLOW 1193 1503 1196 1505
SAGSLOW 1197 1505 1196 1505
SAGSLOW 1200 1504 1196 1505
SAGSLOW 1195 1504 1196 1505
SAGSLOW 1198 1505 1196 1505
SAGSLOW 1198 1505 1196 1505
SAGSLOW 1195 1504 1196 1505
SAGSLOW 1200 1504 1196 1505
SAGSLOW 1201 1504 1196 1505
SAGSLOW 1197 1505 1196 1505
SAGSLOW 1190 1504 1196 1505
SAGSLOW 1193 1504 1196 1505
SAGSLOW 1194 1505 1196 1505
SAGSLOW 1196 1504 1196 1505
SAGSLOW 1197 1504 1196 1505
SAGSLOW 1194 1505 1196 1505
SAGSLOW 1189 1505 1196 1505
SAGSLOW 1197 1504 1196 1505
SAGSLOW 1194 1505 1196 1505
SAGSLOW 1193 1505 1196 1505
SAGSLOW 1191 1504 1196 1505
SAGSLOW 1195 1505 1196 1505
SAGSLOW 1196 1505 1196 1505
SAGSLOW 1199 1505 1196 1505
SAGSLOW 1197 1504 1196 1505
SAGSLOW 1198 1505 1196 1505
SAGSLOW 1197 1505 1196 1505
SAGSLOW 1198 1504 1196 1505
SAGSLOW 1197 1505 1196 1505
SAGSLOW 1193 1504 1196 1505
SAGSLOW 1195 1505 1196 1505
SAGSLOW 1199 1504 1196 1505
SAGSLOW 1200 1504 1196 1505
SAGSLOW 1200 1505 1196 1505
SAGSLOW 1197 1505 1196 1505
SAGSLOW 1199 1506 1196 1505
SAGSLOW 1194 1505 1196 1505
SAGSLOW 1194 1505 1196 1505
SAGSLOW 1194 1505 1196 1505
SAGSLOW 1200 1504 1196 1505
SAGSLOW 1197 1505 1196 1505
SAGSLOW 1194 1505 1196 1505
SAGSLOW 1193 1505 1196 1505
SAGSLOW 1195 1505 1196 1505
SAGSLOW 1201 1505 1196 1505
SAGSLOW 1194 1504 1196 1505
SAGSLOW 1196 1505 1196 1505
SAGSLOW 1191 1505 1196 1505
SAGSLOW 1197 1505 1196 1505
SAGSLOW 1199 1505 1196 1505
SAGSLOW 1197 1505 1196 1505
SAGSLOW 1190 1504 1196 1505
SAGSLOW 1197 1505 1196 1505
SAGSLOW 1198 1504 1196 1505
SAGSLOW 1199 1505 1196 1505
SAGSLOW 1193 1504 1196 1505
SAGSLOW 1195 1504 1196 1505
SAGSLOW 1199 1504 1196 1505
SAGSLOW 1197 1504 1196 1505
SAGSLOW 1197 1505 1196 1505
SAGSLOW 1194 1503 1196 1505
SAGSLOW 1197 1506 1196 1505
SAGSLOW 1198 1505 1196 1505
SAGSLOW 1193 1505 1196 1505
SAGSLOW 1200 1505 1196 1505
SAGSLOW 1197 1504 1196 1505
SAGSLOW 1193 1505 1196 1505
SAGSLOW 1193 1504 1196 1505
SAGSLOW 1201 1504 1196 1505
SAGSLOW 1196 1505 1196 1505
SAGSLOW 1198 1504 1196 1505
SAGSLOW 1198 1505 1196 1505
SAGSLOW 1193 1506 1196 1505
SAGSLOW 1194 1505 1196 1505
SAGSLOW 1193 1505 1196 1505
SAGSLOW 1194 1505 1196 1505
SAGSLOW 1195 1504 1196 1505
SAGSLOW 1201 1503 1196 1505
SAGSLOW 1194 1505 1196 1505
SAGSLOW 1198 1504 1196 1505
SAGSLOW 1193 1504 1196 1505
SAGSLOW 1198 1505 1196 1505
SAGSLOW 1197 1504 1196 1505
SAGSLOW 1199 1504 1196 1505
SAGSLOW 1197 1504 1196 1505
SAGSLOW 1193 1504 1196 1505
SAGSLOW 1189 1505 1196 1505
SAGSLOW 1198 1505 1196 1505
SAGSLOW 1196 1505 1196 1505
SAGSLOW 1197 1504 1196 1505
SAGSLOW 1198 1504 1196 1505
SAGSLOW 1197 1505 1196 1505
SAGSLOW 1194 1505 1196 1505
SAGSLOW 1199 1505 1196 1505
SAGSLOW 1198 1504 1196 1505
SAGSLOW 1196 1504 1196 1505
SAGSLOW 1197 1505 1196 1505
SAGSLOW 1189 1504 1196 1505
SAGSLOW 1197 1505 1196 1505
SAGSLOW 1195 1504 1196 1505
SAGSLOW 1194 1504 1196 1505
SAGSLOW 1199 1505 1196 1505
SAGSLOW 1192 1504 1196 1505
SAGSLOW 1197 1505 1196 1505
SAGSLOW 1192 1505 1196 1505
SAGSLOW 1196 1504 1196 1505
SAGSLOW 1193 1505 1196 1505
SAGSLOW 1196 1505 1196 1505
SAGSLOW 1194 1505 1196 1505
SAGSLOW 1190 1505 1196 1505
SAGSLOW 1194 1505 1196 1505
SAGSLOW 1199 1505 1196 1505
SAGSLOW 1199 1505 1196 1505
SAGSLOW 1191 1505 1196 1505
SAGSLOW 1197 1505 1196 1505
SAGSLOW 1202 1504 1196 1505
SAGSLOW 1199 1504 1196 1505
SAGSLOW 1198 1505 1196 1505
SAGSLOW 1194 1505 1196 1505
SAGSLOW 1197 1504 1196 1505
SAGSLOW 1200 1505 1196 1505
SAGSLOW 1194 1504 1196 1505
SAGSLOW 1197 1504 1196 1505
SAGSLOW 1197 1504 1196 1505
SAGSLOW 1196 1505 1196 1505
SAGSLOW 1199 1504 1196 1505
SAGSLOW 1200 1505 1196 1505
SAGSLOW 1202 1504 1196 1505
SAGSLOW 1192 1505 1196 1505
SAGSLOW 1200 1505 1196 1505
SAGSLOW 1196 1504 1196 1505
SAGSLOW 1192 1504 1196 1505
SAGSLOW 1196 1504 1196 1505
SAGSLOW 1196 1504 1196 1505
SAGSLOW 1199 1504 1196 1505
SAGSLOW 1194 1505 1196 1505
SAGSLOW 1202 1505 1196 1505
SAGSLOW 1194 1504 1196 1505
SAGSLOW 1194 1504 1196 1505
SAGSLOW 1198 1504 1196 1505
SAGSLOW 1196 1506 1196 1505
SAGSLOW 1196 1505 1196 1505
SAGSLOW 1194 1505 1196 1505
SAGSLOW 1192 1504 1196 1505
SAGSLOW 1197 1505 1196 1505
SAGSLOW 1192 1504 1196 1505
SAGSLOW 1193 1506 1196 1505
SAGSLOW 1198 1504 1196 1505
SAGSLOW 1198 1504 1196 1505
SAGSLOW 1201 1505 1196 1505
SAGSLOW 1195 1505 1196 1505
SAGSLOW 1197 1504 1196 1505
SAGSLOW 1196 1504 1196 1505
SAGSLOW 1194 1506 1196 1505
SAGSLOW 1202 1505 1196 1505
SAGSLOW 1201 1505 1196 1505
SAGSLOW 1197 1506 1196 1505
SAGSLOW 1192 1504 1196 1505
SAGSLOW 1200 1505 1196 1505
SAGSLOW 1196 1505 1196 1505
SAGSLOW 1197 1505 1196 1505
SAGSLOW 1194 1504 1196 1505
SAGSLOW 1201 1504 1196 1505
SAGSLOW 1198 1505 1196 1505
SAGSLOW 1194 1505 1196 1505
SAGSLOW 1203 1504 1196 1505
SAGSLOW 1203 1504 1196 1505
SAGSLOW 1197 1504 1196 1505
SAGSLOW 1195 1505 1196 1505
SAGSLOW 1203 1505 1196 1505
SAGSLOW 1198 1505 1196 1505
SAGSLOW 1189 1505 1196 1505
SAGSLOW 1199 1505 1196 1505
SAGSLOW 1200 1505 1196 1505
SAGSLOW 1194 1504 1196 1505
SAGSLOW 1190 1504 1196 1505
SAGSLOW 1196 1505 1196 1505
SAGSLOW 1194 1504 1196 1505
SAGSLOW 1201 1504 1196 1505
SAGSLOW 1197 1504 1196 1505
SAGSLOW 1193 1505 1196 1505
SAGSLOW 1201 1505 1196 1505
SAGSLOW 1196 1504 1196 1505
SAGSLOW 1196 1504 1196 1505
SAGSLOW 1196 1504 1196 1505
SAGSLOW 1193 1504 1196 1505
SAGSLOW 1194 1504 1196 1505
SAGSLOW 1189 1503 1196 1505
SAGSLOW 1194 1505 1196 1505
SAGSLOW 1196 1505 1196 1505
SAGSLOW 1196 1504 1196 1505
SAGSLOW 1197 1503 1196 1505
SAGSLOW 1200 1505 1196 1505
SAGSLOW 1194 1506 1196 1505
SAGSLOW 1198 1505 1196 1505
SAGSLOW 1196 1505 1196 1505
SAGSLOW 1192 1505 1196 1505
SAGSLOW 1192 1504 1196 1505
SAGSLOW 1194 1505 1196 1505
SAGSLOW 1195 1504 1196 1505
SAGSLOW 1197 1505 1196 1505
SAGSLOW 1201 1504 1196 1505
SAGSLOW 1193 1504 1196 1505
SAGSLOW 1200 1504 1196 1505
SAGSLOW 1189 1504 1196 1505
SAGSLOW 1192 1504 1196 1505
SAGSLOW 1194 1505 1196 1505
SAGSLOW 1197 1505 1196 1505
SAGSLOW 1193 1505 1196 1505
SAGSLOW 1197 1504 1196 1505
SAGSLOW 1188 1504 1196 1505
SAGSLOW 1193 1504 1196 1505
SAGSLOW 1195 1505 1196 1504
SAGSLOW 1193 1504 1196 1504
SAGSLOW 1196 1504 1196 1504
SAGSLOW 1197 1504 1196 1504
SAGSLOW 1199 1504 1196 1504
SAGSLOW 1195 1505 1196 1504
SAGSLOW 1196 1504 1196 1504
SAGSLOW 1198 1504 1196 1504
SAGSLOW 1199 1506 1196 1504
SAGSLOW 1201 1505 1196 1504
SAGSLOW 1194 1505 1196 1504
SAGSLOW 1197 1504 1196 1504
SAGSLOW 1194 1505 1196 1504
SAGSLOW 1195 1505 1196 1504
SAGSLOW 1193 1505 1196 1504
SAGSLOW 1191 1505 1196 1505
SAGSLOW 1192 1505 1196 1505
SAGSLOW 1199 1505 1196 1504
SAGSLOW 1195 1504 1196 1504
SAGSLOW 1193 1504 1196 1504
SAGSLOW 1197 1506 1196 1504
SAGSLOW 1198 1505 1196 1504
SAGSLOW 1195 1504 1196 1504
SAGSLOW 1192 1505 1196 1504
SAGSLOW 1195 1505 1196 1504
SAGSLOW 1197 1505 1196 1504
SAGSLOW 1196 1504 1196 1504
SAGSLOW 1194 1504 1196 1504
SAGSLOW 1196 1504 1196 1504
SAGSLOW 1197 1504 1196 1504
SAGSLOW 1198 1504 1196 1504
SAGSLOW 1200 1505 1196 1504
SAGSLOW 1192 1505 1196 1504
SAGSLOW 1197 1505 1196 1504
SAGSLOW 1200 1505 1196 1504
SAGSLOW 1196 1504 1196 1504
SAGSLOW 1193 1504 1196 1504
SAGSLOW 1195 1504 1196 1504
SAGSLOW 1198 1503 1196 1504
SAGSLOW 1195 1504 1196 1504
SAGSLOW 1198 1504 1196 1504
SAGSLOW 1195 1504 1196 1504
SAGSLOW 1194 1504 1196 1504
SAGSLOW 1193 1504 1196 1504
SAGSLOW 1193 1504 1196 1504
SAGSLOW 1198 1505 1196 1504
SAGSLOW 1195 1505 1196 1504
SAGSLOW 1196 1505 1196 1504
SAGSLOW 1199 1505 1196 1504
SAGSLOW 1199 1504 1196 1504
SAGSLOW 1198 1505 1196 1504
SAGSLOW 1195 1504 1196 1504
SAGSLOW 1198 1505 1196 1504
SAGSLOW 1198 1505 1196 1504
SAGSLOW 1195 1504 1196 1504
SAGSLOW 1196 1505 1196 1504
SAGSLOW 1195 1504 1196 1504
SAGSLOW 1195 1505 1196 1504
SAGSLOW 1196 1504 1196 1504
SAGSLOW 1195 1505 1196 1504
SAGSLOW 1199 1504 1196 1504
SAGSLOW 1191 1504 1196 1504
SAGSLOW 1195 1505 1196 1504
SAGSLOW 1194 1504 1196 1504
SAGSLOW 1195 1505 1196 1504
SAGSLOW 1192 1506 1196 1504
SAGSLOW 1196 1504 1196 1504
SAGSLOW 1194 1505 1196 1504
SAGSLOW 1195 1504 1196 1504
SAGSLOW 1196 1504 1196 1504
SAGSLOW 1192 1504 1196 1504
SAGSLOW 1191 1504 1196 1504
SAGSLOW 1198 1503 1196 1504
SAGSLOW 1195 1505 1196 1504
SAGSLOW 1195 1503 1196 1504
SAGSLOW 1198 1504 1196 1504
SAGSLOW 1199 1505 1196 1504
SAGSLOW 1194 1505 1196 1504
SAGSLOW 1193 1505 1196 1504
SAGSLOW 1190 1505 1196 1504
SAGSLOW 1199 1505 1196 1504
SAGEND
