# elf_crc32 63C0061D
# elf_sha256 828501C1596B3C1425F3D77CCE5AAEBDE343D25109FC0F7F0BACBA965B74D8D5
# started 2026-09-24T08:31:40
BEMFRUN handoff_ehz=200 target_duty_tenths=500 advance_level=22 total_ms=80000 inject=0
PREFLIGHT moe=0 ccr1=0 ccr2=0 ccr3=0 gates_low=1 en=0 nfault=1 verdict=PASS
POSTSTOP
PREFLIGHT moe=0 ccr1=0 ccr2=0 ccr3=0 gates_low=1 en=0 nfault=1 verdict=PASS
BEMFDONE reason=2 accepted=838890 forced=0 zc_acc=840250 too_early=0 unstable=1462836 ci_us=81 bus_ref=1218 bus_min=1044
BEMFSAG ref_bus=1218 ref_vref=1506 filt_bus=1132 filt_vref=1507 streak=0 tripped=0
BEMFGATE closed_ms=74776 hold_ms=54776 target_tenths=500 zc_per_s=11218 comm_per_s=11218 ehz_from_ci_last=2057 forced_pct=0
BEMFRATE hold_ms=54776 hold_accepted=680674 hold_forced=0 mean_ci_us=80 mean_sector_us=80 ehz_from_sector=2083 zc_per_s=12426 zc_expected_per_s=12500 zc_rate_permille_of_expected=994 hold_forced_pct=0
BEMFTAIL accepts=34176 span_us=2775092 start_before_stop_us=2775211 end_before_stop_us=119 window_us=2000000
BEMFRCOMP spent_max_us=11 late_arms=0 com_preempts=0 com_arm_preempts=0
BEMFSECTOR a1=65535 f1=0 a2=65535 f2=0 a3=65535 f3=0 a4=65535 f4=0 a5=65535 f5=0 a6=65535 f6=0
BEMFPHASE lt075=26409 to100=65535 to125=65535 to150=16783 gt150=2896
BEMFREVISIT r1=30108 v1=11200 r2=27520 v2=13911 r3=23429 v3=17051 r4=40408 v4=16045 r5=17395 v5=11504 r6=34124 v6=20069
BEMFDRIVEN entered=1 epochs=21 accepts=13 early=24 unstable=275 defers=1 retries=0 late_max_us=22 qual_intervals=12 qual_reanchors=0 qual_fault=0 fail=0 seeded=1 seed_step=3 seed_us=756 commanded_us=833 irq_peak_per_ms=54 closed_irq_peak_per_ms=60 storm=0 storm_step=0 cap_armed=1 comp_call_max_us=16 overrun=0 blank_arms=840251 blank_latched=0 com_count=840251 com_late_max_us=11
BEMFGUARD reason=0 ticks=786939 gap_max_us=108 track_fault=0 track_max_us=240 fast_events=831547 fast_min_us=44 loop_iters_closed=2392846 loop_gap_max_us=166 acquire_us=16804
BEMFDRVROWS 9:3:7710:927 10:4:648:628 11:5:797:697 12:6:689:568 13:1:778:509 14:2:636:325 15:3:777:245 16:4:618:38
BEMFDRVROWS 17:5:821:18 18:6:880:76 19:1:783:13 20:2:818:18 21:3:835:15
BEMFCURRENT blocks=7869 mean_residual=10500 mean_ma=1318 hold_blocks=5423 hold_ma=1657 zero_blocks=50 zero_start=618798 zero_end=617042 zero_drift_ma=-220 ref_ma=326 duty_tenths=500 ceiling_tenths=500 worst_residual=16276 worst_ma=2043
BEMFWITNESS samples=119307 bemf_min=0 bemf_max=0 mid=0 mid_fixed=0 alt=0 hyst_codes=12 driven_rotation=0
vsenc_min=0 vsenc_max=0 star_min=0 star_max=0 bus_ref=1218
BEMFCOAST reason=2 pp_first=0 pp_last=0 crossings=0 spun=1 comp_edges=1707 comp_hi=357978 comp_polls=551699
COASTTIMING trans=1357 offset_us=39 first_us=166 iv_us=247,239,249,240,249,243,246,243 ehz_first=2024
SAGSNAP judged=786913 fast_len=512 slow_len=1024 slow_every=32 frozen=1 num=95 den=100 streak_to_latch=3 adc_rail=4095
SAGROW 47830 1131 1508 1132 1507 0 6 500 115
SAGROW 47920 1131 1508 1132 1507 0 1 500 123
SAGROW 48041 1131 1508 1132 1507 0 2 500 80
SAGROW 48157 1133 1508 1132 1507 0 4 500 45
SAGROW 48238 1134 1508 1132 1507 0 5 500 40
SAGROW 48328 1136 1508 1132 1507 0 6 500 46
SAGROW 48429 1135 1508 1132 1507 0 1 500 65
SAGROW 48541 1136 1508 1132 1507 0 2 500 95
SAGROW 48642 1136 1508 1132 1507 0 3 500 91
SAGROW 48734 1136 1508 1132 1507 0 5 500 52
SAGROW 48825 1136 1508 1132 1507 0 5 500 142
SAGROW 48954 1136 1508 1132 1507 0 1 500 109
SAGROW 49037 1135 1508 1132 1507 0 2 500 111
SAGROW 49133 1133 1507 1132 1507 0 4 500 124
SAGROW 49232 1133 1507 1132 1507 0 5 500 58
SAGROW 49338 1133 1507 1132 1507 0 6 500 79
SAGROW 49460 1132 1506 1132 1507 0 2 500 38
SAGROW 49558 1133 1506 1132 1507 0 2 500 136
SAGROW 49656 1134 1506 1132 1507 0 4 500 71
SAGROW 49737 1134 1506 1132 1507 0 5 500 75
SAGROW 49875 1134 1506 1132 1507 0 1 500 49
SAGROW 49948 1136 1506 1132 1507 0 1 500 122
SAGROW 50048 1137 1506 1132 1507 0 3 500 59
SAGROW 50164 1138 1507 1132 1507 0 4 500 96
SAGROW 50266 1138 1507 1132 1507 0 5 500 91
SAGROW 50340 1137 1507 1132 1507 0 6 500 105
SAGROW 50454 1137 1507 1132 1507 0 2 500 69
SAGROW 50547 1137 1507 1132 1507 0 3 500 79
SAGROW 50675 1138 1507 1132 1507 0 5 500 41
SAGROW 50764 1137 1507 1132 1507 0 6 500 43
SAGROW 50862 1137 1507 1132 1507 0 1 500 62
SAGROW 50961 1136 1507 1132 1507 0 2 500 79
SAGROW 51074 1136 1507 1132 1507 0 3 500 107
SAGROW 51170 1137 1507 1132 1507 0 5 500 43
SAGROW 51262 1136 1507 1132 1507 0 6 500 55
SAGROW 51358 1137 1507 1132 1507 0 1 500 74
SAGROW 51470 1137 1507 1132 1507 0 2 500 106
SAGROW 51558 1138 1507 1132 1507 0 3 500 112
SAGROW 51655 1137 1507 1132 1507 0 5 500 42
SAGROW 51803 1137 1507 1132 1507 0 6 500 99
SAGROW 51891 1136 1508 1132 1507 0 1 500 109
SAGROW 51971 1135 1507 1132 1507 0 2 500 112
SAGROW 52078 1137 1507 1132 1507 0 4 500 56
SAGROW 52170 1136 1507 1132 1507 0 5 500 77
SAGROW 52282 1137 1507 1132 1507 0 6 500 99
SAGROW 52381 1136 1507 1132 1507 0 2 500 38
SAGROW 52460 1136 1507 1132 1507 0 3 500 117
SAGROW 52599 1135 1506 1132 1507 0 4 500 93
SAGROW 52681 1136 1506 1132 1507 0 5 500 67
SAGROW 52774 1137 1506 1132 1507 0 6 500 105
SAGROW 52870 1135 1507 1132 1507 0 2 500 48
SAGROW 52982 1134 1507 1132 1507 0 3 500 77
SAGROW 53101 1133 1507 1132 1507 0 4 500 114
SAGROW 53195 1132 1507 1132 1507 0 6 500 40
SAGROW 53281 1133 1507 1132 1507 0 1 500 126
SAGROW 53380 1132 1507 1132 1507 0 2 500 61
SAGROW 53506 1131 1507 1132 1507 0 3 500 100
SAGROW 53596 1130 1507 1132 1507 0 5 500 40
SAGROW 53681 1131 1507 1132 1507 0 6 500 46
SAGROW 53784 1130 1507 1132 1507 0 1 500 64
SAGROW 53910 1130 1507 1132 1507 0 2 500 109
SAGROW 54006 1130 1507 1132 1507 0 4 500 122
SAGROW 54090 1128 1507 1132 1507 0 5 500 42
SAGROW 54190 1128 1507 1132 1507 0 6 500 60
SAGROW 54305 1129 1507 1132 1507 0 1 500 96
SAGROW 54408 1128 1507 1132 1507 0 3 500 41
SAGROW 54486 1127 1507 1132 1507 0 3 500 119
SAGROW 54599 1126 1506 1132 1507 0 5 500 64
SAGROW 54693 1126 1506 1132 1507 0 6 500 79
SAGROW 54816 1126 1506 1132 1507 0 2 500 39
SAGROW 54894 1127 1506 1132 1507 0 2 500 118
SAGROW 55002 1127 1506 1132 1507 0 4 500 56
SAGROW 55090 1126 1506 1132 1507 0 5 500 68
SAGROW 55228 1128 1506 1132 1507 0 1 500 49
SAGROW 55293 1128 1506 1132 1507 0 2 500 113
SAGROW 55394 1128 1506 1132 1507 0 3 500 52
SAGROW 55533 1127 1507 1132 1507 0 4 500 109
SAGROW 55613 1128 1507 1132 1507 0 5 500 105
SAGROW 55722 1129 1507 1132 1507 0 1 500 133
SAGROW 55803 1128 1507 1132 1507 0 2 500 50
SAGROW 55896 1128 1507 1132 1507 0 3 500 61
SAGROW 56022 1127 1506 1132 1507 0 4 500 105
SAGROW 56104 1127 1507 1132 1507 0 6 500 114
SAGROW 56212 1128 1507 1132 1507 0 1 500 56
SAGROW 56318 1129 1507 1132 1507 0 2 500 82
SAGROW 56425 1129 1507 1132 1507 0 3 500 101
SAGROW 56525 1128 1507 1132 1507 0 5 500 126
SAGROW 56610 1128 1507 1132 1507 0 6 500 46
SAGROW 56740 1129 1507 1132 1507 0 1 500 102
SAGROW 56837 1129 1507 1132 1507 0 3 500 37
SAGROW 56941 1130 1507 1132 1507 0 4 500 59
SAGROW 57016 1131 1507 1132 1507 0 5 500 50
SAGROW 57143 1130 1507 1132 1507 0 6 500 80
SAGROW 57245 1129 1507 1132 1507 0 1 500 113
SAGROW 57333 1128 1507 1132 1507 0 2 500 119
SAGROW 57421 1128 1507 1132 1507 0 4 500 119
SAGROW 57516 1126 1507 1132 1507 0 5 500 66
SAGROW 57645 1125 1507 1132 1507 0 6 500 114
SAGROW 57738 1124 1507 1132 1507 0 2 500 43
SAGROW 57815 1121 1508 1132 1507 0 3 500 119
SAGROW 57948 1122 1508 1132 1507 0 4 500 88
SAGROW 58037 1123 1508 1132 1507 0 5 500 61
SAGROW 58143 1125 1508 1132 1507 0 1 500 118
SAGROW 58239 1125 1508 1132 1507 0 2 500 135
SAGROW 58334 1126 1508 1132 1507 0 3 500 71
SAGROW 58454 1126 1508 1132 1507 0 4 500 104
SAGROW 58537 1125 1507 1132 1507 0 5 500 113
SAGROW 58644 1126 1507 1132 1507 0 1 500 53
SAGROW 58736 1126 1507 1132 1507 0 2 500 65
SAGROW 58849 1127 1508 1132 1507 0 3 500 93
SAGROW 58943 1126 1507 1132 1507 0 5 500 106
SAGROW 59033 1127 1508 1132 1507 0 5 500 124
SAGROW 59137 1127 1507 1132 1507 0 1 500 62
SAGROW 59263 1127 1507 1132 1507 0 2 500 109
SAGROW 59359 1129 1507 1132 1507 0 4 500 122
SAGROW 59444 1128 1507 1132 1507 0 5 500 41
SAGROW 59547 1128 1507 1132 1507 0 6 500 61
SAGROW 59661 1127 1507 1132 1507 0 1 500 69
SAGROW 59760 1127 1507 1132 1507 0 2 500 113
SAGROW 59860 1125 1507 1132 1507 0 4 500 48
SAGROW 59955 1124 1507 1132 1507 0 5 500 69
SAGROW 60047 1124 1507 1132 1507 0 6 500 82
SAGROW 60170 1123 1507 1132 1507 0 1 500 117
SAGROW 60244 1124 1507 1132 1507 0 2 500 112
SAGROW 60364 1124 1507 1132 1507 0 4 500 67
SAGROW 60457 1123 1507 1132 1507 0 5 500 61
SAGROW 60563 1123 1507 1132 1507 0 6 500 104
SAGROW 60658 1124 1507 1132 1507 0 2 500 44
SAGROW 60751 1124 1507 1132 1507 0 3 500 57
SAGROW 60856 1123 1507 1132 1507 0 4 500 81
SAGROW 60978 1124 1507 1132 1507 0 5 500 116
SAGROW 61079 1125 1507 1132 1507 0 1 500 53
SAGROW 61158 1124 1507 1132 1507 0 2 500 51
SAGROW 61268 1125 1507 1132 1507 0 3 500 67
SAGROW 61382 1124 1507 1132 1507 0 4 500 109
SAGROW 61459 1124 1507 1132 1507 0 6 500 115
SAGROW 61567 1124 1507 1132 1507 0 1 500 58
SAGROW 61686 1125 1507 1132 1507 0 2 500 96
SAGROW 61782 1125 1507 1132 1507 0 3 500 110
SAGROW 61879 1124 1507 1132 1507 0 5 500 41
SAGROW 61957 1125 1507 1132 1507 0 6 500 119
SAGROW 62066 1125 1507 1132 1507 0 1 500 63
SAGROW 62171 1126 1507 1132 1507 0 2 500 88
SAGROW 62266 1127 1507 1132 1507 0 3 500 108
SAGROW 62361 1128 1506 1132 1507 0 5 500 125
SAGROW 62481 1128 1507 1132 1507 0 6 500 78
SAGROW 62590 1127 1507 1132 1507 0 1 500 96
SAGROW 62684 1125 1507 1132 1507 0 3 500 116
SAGROW 62774 1125 1507 1132 1507 0 4 500 122
SAGROW 62872 1126 1507 1132 1507 0 5 500 59
SAGROW 62983 1126 1507 1132 1507 0 6 500 87
SAGROW 63088 1128 1507 1132 1507 0 2 500 40
SAGROW 63167 1127 1507 1132 1507 0 3 500 118
SAGROW 63293 1128 1507 1132 1507 0 4 500 80
SAGROW 63379 1128 1507 1132 1507 0 5 500 81
SAGROW 63492 1129 1507 1132 1507 0 6 500 111
SAGROW 63588 1129 1507 1132 1507 0 2 500 42
SAGROW 63673 1128 1507 1132 1507 0 3 500 127
SAGROW 63807 1128 1506 1132 1507 0 4 500 101
SAGROW 63890 1125 1507 1132 1507 0 5 500 108
SAGROW 63999 1125 1507 1132 1507 0 1 500 53
SAGROW 64087 1125 1507 1132 1507 0 2 500 61
SAGROW 64182 1125 1507 1132 1507 0 3 500 72
SAGROW 64315 1125 1507 1132 1507 0 4 500 123
SAGROW 64389 1126 1507 1132 1507 0 5 500 113
SAGROW 64496 1126 1507 1132 1507 0 1 500 57
SAGROW 64608 1127 1507 1132 1507 0 2 500 88
SAGROW 64715 1127 1507 1132 1507 0 3 500 120
SAGROW 64800 1126 1507 1132 1507 0 5 500 44
SAGROW 64896 1126 1507 1132 1507 0 6 500 57
SAGROW 65017 1126 1508 1132 1507 0 1 500 93
SAGROW 65119 1126 1508 1132 1507 0 2 500 115
SAGROW 65220 1125 1508 1132 1507 0 4 500 51
SAGROW 65302 1123 1508 1132 1507 0 5 500 134
SAGROW 65419 1122 1507 1132 1507 0 6 500 87
SAGROW 65516 1122 1507 1132 1507 0 1 500 110
SAGROW 62 1121 1507 1132 1507 0 2 500 113
SAGROW 182 1123 1507 1132 1507 0 4 500 67
SAGROW 275 1123 1506 1132 1507 0 5 500 76
SAGROW 387 1121 1506 1132 1507 0 6 500 105
SAGROW 483 1122 1506 1132 1507 0 1 500 118
SAGROW 563 1121 1506 1132 1507 0 2 500 118
SAGROW 709 1122 1506 1132 1507 0 4 500 101
SAGROW 792 1122 1506 1132 1507 0 5 500 109
SAGROW 875 1122 1506 1132 1507 0 6 500 113
SAGROW 975 1118 1506 1132 1507 0 2 500 46
SAGROW 1068 1117 1506 1132 1507 0 3 500 57
SAGROW 1193 1116 1507 1132 1507 0 4 500 100
SAGROW 1286 1116 1506 1132 1507 0 5 500 87
SAGROW 1395 1116 1506 1132 1507 0 1 500 102
SAGROW 1476 1115 1506 1132 1507 0 2 500 56
SAGROW 1580 1114 1506 1132 1507 0 3 500 84
SAGROW 1695 1115 1506 1132 1507 0 4 500 110
SAGROW 1778 1116 1506 1132 1507 0 6 500 121
SAGROW 1886 1117 1506 1132 1507 0 1 500 60
SAGROW 2012 1117 1507 1132 1507 0 2 500 100
SAGROW 2113 1118 1507 1132 1507 0 3 500 123
SAGROW 2189 1121 1507 1132 1507 0 5 500 109
SAGROW 2288 1123 1507 1132 1507 0 6 500 55
SAGROW 2418 1123 1507 1132 1507 0 1 500 110
SAGROW 2499 1123 1507 1132 1507 0 2 500 113
SAGROW 2582 1125 1507 1132 1507 0 3 500 114
SAGROW 2684 1126 1507 1132 1507 0 5 500 46
SAGROW 2798 1129 1506 1132 1507 0 6 500 80
SAGROW 2920 1131 1507 1132 1507 0 1 500 102
SAGROW 3000 1130 1507 1132 1507 0 2 500 119
SAGROW 3113 1128 1507 1132 1507 0 4 500 68
SAGROW 3193 1129 1507 1132 1507 0 5 500 74
SAGROW 3332 1129 1507 1132 1507 0 1 500 48
SAGROW 3404 1128 1507 1132 1507 0 1 500 120
SAGROW 3489 1129 1507 1132 1507 0 3 500 41
SAGROW 3610 1127 1507 1132 1507 0 4 500 81
SAGROW 3723 1126 1507 1132 1507 0 5 500 107
SAGROW 3829 1125 1507 1132 1507 0 1 500 53
SAGROW 3902 1126 1507 1132 1507 0 2 500 43
SAGROW 4004 1126 1507 1132 1507 0 3 500 71
SAGROW 4124 1127 1507 1132 1507 0 4 500 104
SAGROW 4207 1130 1507 1132 1507 0 5 500 113
SAGROW 4313 1128 1507 1132 1507 0 1 500 54
SAGROW 4406 1128 1507 1132 1507 0 2 500 64
SAGROW 4540 1128 1507 1132 1507 0 3 500 114
SAGROW 4637 1129 1507 1132 1507 0 4 500 129
SAGROW 4706 1130 1507 1132 1507 0 6 500 93
SAGROW 4821 1131 1507 1132 1507 0 1 500 77
SAGROW 4908 1132 1506 1132 1507 0 2 500 80
SAGROW 5017 1131 1506 1132 1507 0 3 500 107
SAGROW 5113 1132 1506 1132 1507 0 5 500 41
SAGROW 5222 1133 1506 1132 1507 0 6 500 66
SAGROW 5341 1133 1506 1132 1507 0 1 500 96
SAGROW 5433 1133 1506 1132 1507 0 3 500 114
SAGROW 5523 1134 1506 1132 1507 0 4 500 124
SAGROW 5615 1134 1507 1132 1507 0 5 500 60
SAGROW 5742 1132 1507 1132 1507 0 6 500 99
SAGROW 5841 1131 1507 1132 1507 0 2 500 39
SAGROW 5919 1131 1507 1132 1507 0 3 500 117
SAGROW 6045 1130 1506 1132 1507 0 4 500 78
SAGROW 6158 1130 1506 1132 1507 0 5 500 107
SAGROW 6238 1131 1507 1132 1507 0 6 500 106
SAGROW 6346 1131 1507 1132 1507 0 2 500 134
SAGROW 6421 1129 1507 1132 1507 0 3 500 51
SAGROW 6561 1129 1507 1132 1507 0 4 500 104
SAGROW 6644 1130 1507 1132 1507 0 5 500 113
SAGROW 6752 1129 1507 1132 1507 0 1 500 55
SAGROW 6824 1130 1507 1132 1507 0 2 500 46
SAGROW 6964 1130 1507 1132 1507 0 3 500 96
SAGROW 7055 1129 1507 1132 1507 0 5 500 39
SAGROW 7141 1129 1507 1132 1507 0 6 500 125
SAGROW 7244 1129 1507 1132 1507 0 1 500 63
SAGROW 7339 1130 1507 1132 1507 0 2 500 79
SAGROW 7469 1130 1507 1132 1507 0 4 500 45
SAGROW 7549 1132 1507 1132 1507 0 5 500 40
SAGROW 7646 1132 1507 1132 1507 0 6 500 54
SAGROW 7778 1132 1507 1132 1507 0 1 500 101
SAGROW 7858 1132 1507 1132 1507 0 2 500 104
SAGROW 7960 1131 1507 1132 1507 0 4 500 125
SAGROW 8039 1132 1507 1132 1507 0 5 500 46
SAGROW 8153 1132 1506 1132 1507 0 6 500 81
SAGROW 8275 1133 1507 1132 1507 0 1 500 117
SAGROW 8350 1131 1507 1132 1507 0 2 500 111
SAGROW 8446 1130 1506 1132 1507 0 4 500 124
SAGROW 8578 1129 1507 1132 1507 0 5 500 80
SAGROW 8680 1129 1507 1132 1507 0 1 500 114
SAGROW 8758 1129 1507 1132 1507 0 1 500 117
SAGROW 8848 1129 1507 1132 1507 0 3 500 43
SAGROW 8990 1129 1507 1132 1507 0 4 500 107
SAGROW 9079 1129 1507 1132 1507 0 5 500 112
SAGROW 9185 1129 1507 1132 1507 0 1 500 51
SAGROW 9250 1130 1507 1132 1507 0 2 500 116
SAGROW 9367 1132 1507 1132 1507 0 3 500 47
SAGROW 9472 1132 1507 1132 1507 0 4 500 56
SAGROW 9576 1132 1507 1132 1507 0 6 500 89
SAGROW 9662 1131 1507 1132 1507 0 1 500 118
SAGROW 9774 1131 1506 1132 1507 0 2 500 78
SAGROW 9882 1131 1507 1132 1507 0 3 500 95
SAGROW 9983 1132 1506 1132 1507 0 4 500 122
SAGROW 10058 1132 1507 1132 1507 0 5 500 112
SAGROW 10169 1131 1506 1132 1507 0 1 500 142
SAGROW 10289 1131 1506 1132 1507 0 2 500 100
SAGROW 10399 1132 1506 1132 1507 0 4 500 44
SAGROW 10477 1131 1507 1132 1507 0 5 500 48
SAGROW 10571 1131 1507 1132 1507 0 6 500 60
SAGROW 10701 1130 1506 1132 1507 0 1 500 108
SAGROW 10782 1127 1506 1132 1507 0 2 500 106
SAGROW 10885 1126 1506 1132 1507 0 4 500 126
SAGROW 10974 1127 1506 1132 1507 0 5 500 131
SAGROW 11098 1126 1506 1132 1507 0 6 500 96
SAGROW 11196 1126 1506 1132 1507 0 2 500 42
SAGROW 11275 1125 1506 1132 1507 0 3 500 120
SAGROW 11383 1125 1506 1132 1507 0 4 500 64
SAGROW 11478 1126 1506 1132 1507 0 5 500 74
SAGROW 11614 1127 1506 1132 1507 0 1 500 46
SAGROW 11695 1127 1507 1132 1507 0 2 500 43
SAGROW 11781 1127 1507 1132 1507 0 3 500 129
SAGROW 11915 1125 1507 1132 1507 0 4 500 102
SAGROW 11998 1126 1507 1132 1507 0 5 500 109
SAGROW 12106 1127 1507 1132 1507 0 1 500 52
SAGROW 12190 1127 1507 1132 1507 0 2 500 55
SAGROW 12310 1126 1507 1132 1507 0 3 500 81
SAGROW 12417 1124 1506 1132 1507 0 4 500 118
SAGROW 12491 1125 1506 1132 1507 0 5 500 110
SAGROW 12598 1125 1507 1132 1507 0 1 500 57
SAGROW 12691 1126 1507 1132 1507 0 2 500 63
SAGROW 12818 1127 1507 1132 1507 0 4 500 117
SAGROW 12902 1129 1507 1132 1507 0 5 500 38
SAGROW 12991 1129 1506 1132 1507 0 6 500 45
SAGROW 13108 1130 1507 1132 1507 0 1 500 79
SAGROW 13207 1131 1507 1132 1507 0 2 500 93
SAGROW 13314 1130 1507 1132 1507 0 4 500 98
SAGROW 13401 1130 1507 1131 1507 0 5 500 47
SAGROW 13502 1132 1507 1131 1507 0 6 500 57
SAGROW 13625 1134 1506 1131 1507 0 1 500 112
SAGROW 13716 1135 1507 1132 1507 0 3 500 41
SAGROW 13819 1136 1507 1132 1507 0 4 500 62
SAGROW 13920 1135 1506 1132 1507 0 5 500 79
SAGROW 14019 1136 1507 1132 1507 0 6 500 93
SAGROW 14123 1139 1507 1132 1507 0 1 500 118
SAGROW 14226 1139 1507 1132 1507 0 2 500 139
SAGROW 14337 1139 1507 1132 1507 0 4 500 87
SAGROW 14432 1137 1507 1132 1507 0 5 500 108
SAGROW 14541 1137 1507 1132 1507 0 1 500 52
SAGROW 14606 1132 1507 1132 1507 0 2 500 117
SAGROW 14707 1133 1508 1132 1507 0 3 500 53
SAGROW 14832 1131 1508 1132 1507 0 4 500 98
SAGROW 14910 1131 1508 1132 1507 0 5 500 70
SAGROW 15022 1129 1508 1132 1507 0 1 500 50
SAGROW 15131 1130 1507 1132 1507 0 2 500 80
SAGROW 15239 1128 1508 1132 1507 0 3 500 106
SAGROW 15333 1127 1508 1132 1507 0 5 500 119
SAGROW 15426 1132 1507 1132 1507 0 6 500 43
SAGROW 15528 1133 1507 1132 1507 0 1 500 63
SAGROW 15634 1133 1507 1132 1507 0 2 500 87
SAGROW 15753 1133 1507 1132 1507 0 4 500 44
SAGROW 15829 1134 1507 1132 1507 0 5 500 46
SAGROW 15938 1132 1507 1132 1507 0 6 500 70
SAGROW 16026 1131 1507 1132 1507 0 1 500 79
SAGROW 16149 1131 1507 1132 1507 0 3 500 38
SAGROW 16253 1132 1507 1132 1507 0 4 500 61
SAGROW 16328 1132 1507 1132 1507 0 5 500 52
SAGROW 16426 1133 1507 1132 1507 0 6 500 68
SAGROW 16559 1133 1507 1132 1507 0 1 500 121
SAGROW 16643 1139 1507 1132 1507 0 3 500 41
SAGROW 16752 1138 1507 1132 1507 0 4 500 68
SAGROW 16839 1141 1506 1132 1507 0 5 500 81
SAGROW 16954 1140 1507 1132 1507 0 6 500 113
SAGROW 17045 1140 1507 1132 1507 0 2 500 39
SAGROW 17141 1138 1506 1132 1507 0 3 500 53
SAGROW 17269 1137 1506 1132 1507 0 4 500 99
SAGROW 17352 1136 1506 1132 1507 0 5 500 110
SAGROW 17459 1130 1506 1132 1507 0 1 500 51
SAGROW 17543 1130 1506 1132 1507 0 2 500 56
SAGROW 17649 1133 1507 1132 1507 0 3 500 77
SAGROW 17770 1134 1507 1132 1507 0 4 500 119
SAGROW 17845 1135 1507 1132 1507 0 5 500 110
SAGROW 17954 1137 1507 1132 1507 0 1 500 137
SAGROW 18068 1139 1507 1132 1507 0 2 500 87
SAGROW 18175 1140 1507 1132 1507 0 3 500 120
SAGROW 18257 1139 1507 1132 1507 0 4 500 104
SAGROW 18358 1143 1507 1132 1507 0 6 500 60
SAGROW 18453 1140 1507 1132 1507 0 1 500 69
SAGROW 18579 1140 1506 1132 1507 0 2 500 114
SAGROW 18675 1133 1506 1132 1507 0 3 500 127
SAGROW 18744 1133 1506 1132 1507 0 5 500 102
SAGROW 18877 1133 1506 1132 1507 0 6 500 86
SAGROW 18975 1135 1506 1132 1507 0 1 500 110
SAGROW 19058 1133 1506 1132 1507 0 2 500 113
SAGROW 19172 1133 1506 1132 1507 0 4 500 63
SAGROW 19273 1134 1506 1132 1507 0 5 500 79
SAGROW 19379 1133 1506 1132 1507 0 6 500 93
SAGROW 19476 1140 1506 1132 1507 0 1 500 118
SAGROW 19563 1142 1506 1132 1507 0 3 500 125
SAGROW 19675 1137 1506 1132 1507 0 4 500 72
SAGROW 19784 1137 1506 1132 1507 0 5 500 107
SAGROW 19890 1140 1506 1132 1507 0 1 500 49
SAGROW 19962 1138 1507 1132 1507 0 1 500 121
SAGROW 20075 1136 1507 1132 1507 0 3 500 70
SAGROW 20197 1136 1507 1132 1507 0 4 500 107
SAGROW 20297 1134 1507 1132 1507 0 5 500 127
SAGROW 20377 1134 1507 1132 1507 0 1 500 53
SAGROW 20483 1139 1507 1132 1507 0 2 500 81
SAGROW 20592 1138 1507 1132 1507 0 3 500 106
SAGROW 20686 1136 1507 1132 1507 0 5 500 120
SAGROW 20779 1137 1507 1132 1507 0 6 500 43
SAGROW 20880 1137 1507 1132 1507 0 1 500 64
SAGROW 20997 1137 1507 1132 1507 0 2 500 80
SAGROW 21111 1138 1507 1132 1507 0 4 500 49
SAGROW 21175 1136 1507 1132 1507 0 4 500 113
SAGROW 21277 1135 1507 1132 1507 0 6 500 61
SAGROW 21406 1135 1507 1132 1507 0 1 500 106
SAGROW 21502 1135 1507 1132 1507 0 3 500 39
SAGROW 21588 1134 1507 1132 1507 0 4 500 124
SAGROW 21677 1134 1507 1132 1507 0 5 500 131
SAGROW 21803 1134 1507 1132 1507 0 6 500 95
SAGROW 21903 1133 1506 1132 1507 0 2 500 42
SAGROW 21981 1133 1506 1132 1507 0 3 500 120
SAGROW 22122 1132 1506 1132 1507 0 4 500 97
SAGROW 22184 1131 1507 1132 1507 0 5 500 74
SAGROW 22322 1130 1507 1132 1507 0 1 500 46
SAGROW 22400 1131 1507 1132 1507 0 2 500 42
SAGROW 22486 1129 1507 1132 1507 0 3 500 43
SAGROW 22627 1127 1507 1132 1507 0 4 500 109
SAGROW 22712 1127 1507 1132 1507 0 6 500 40
SAGROW 22790 1126 1507 1132 1507 0 6 500 118
SAGROW 22886 1126 1506 1132 1507 0 2 500 45
SAGROW 22998 1126 1506 1132 1507 0 3 500 77
SAGROW 23104 1127 1506 1132 1507 0 4 500 100
SAGROW 23217 1125 1506 1132 1507 0 5 500 108
SAGROW 23298 1124 1506 1132 1507 0 1 500 58
SAGROW 23424 1124 1506 1132 1507 0 2 500 105
SAGROW 23512 1125 1506 1132 1507 0 3 500 112
SAGROW 23609 1125 1506 1132 1507 0 5 500 42
SAGROW 23697 1126 1506 1132 1507 0 6 500 48
SAGROW 23849 1125 1506 1132 1507 0 1 500 109
SAGROW 23934 1126 1507 1132 1507 0 3 500 40
SAGROW 24013 1127 1507 1132 1507 0 3 500 119
SAGROW 24107 1127 1507 1132 1507 0 5 500 55
SAGROW 24207 1128 1507 1132 1507 0 6 500 70
SAGROW 24330 1127 1507 1132 1507 0 1 500 117
SAGROW 24421 1128 1508 1132 1507 0 3 500 41
SAGROW 24512 1129 1507 1132 1507 0 4 500 52
SAGROW 24607 1128 1507 1132 1507 0 5 500 67
SAGROW 24745 1128 1507 1132 1507 0 1 500 45
SAGROW 24817 1128 1506 1132 1507 0 1 500 119
SAGROW 24916 1129 1506 1132 1507 0 3 500 58
SAGROW 25022 1128 1506 1132 1507 0 4 500 81
SAGROW 25134 1130 1507 1132 1507 0 5 500 106
SAGROW 25235 1129 1507 1132 1507 0 6 500 128
SAGROW 25312 1128 1507 1132 1507 0 2 500 42
SAGROW 25426 1129 1507 1132 1507 0 3 500 82
SAGROW 25540 1129 1507 1132 1507 0 4 500 108
SAGROW 25622 1131 1507 1132 1507 0 6 500 118
SAGROW 25731 1130 1508 1132 1507 0 1 500 57
SAGROW 25843 1133 1508 1132 1507 0 2 500 89
SAGROW 25946 1134 1508 1132 1507 0 3 500 90
SAGROW 26034 1136 1508 1132 1507 0 4 500 118
SAGROW 26117 1133 1508 1132 1507 0 6 500 118
SAGROW 26231 1128 1508 1132 1507 0 1 500 76
SAGROW 26343 1128 1508 1132 1507 0 2 500 107
SAGROW 26439 1129 1508 1132 1507 0 4 500 121
SAGROW 26523 1130 1508 1132 1507 0 5 500 41
SAGROW 26652 1129 1508 1132 1507 0 6 500 87
SAGROW 26768 1130 1507 1132 1507 0 1 500 101
SAGROW 26843 1130 1508 1132 1507 0 3 500 114
SAGROW 26935 1134 1507 1132 1507 0 4 500 123
SAGROW 27034 1141 1507 1132 1507 0 5 500 71
SAGROW 27162 1144 1507 1132 1507 0 6 500 114
SAGROW 27245 1145 1506 1132 1507 0 2 500 115
SAGROW 27345 1146 1507 1132 1507 0 3 500 52
SAGROW 27473 1146 1507 1132 1507 0 4 500 97
SAGROW 27556 1148 1507 1132 1507 0 5 500 109
SAGROW 27664 1149 1507 1132 1507 0 1 500 53
SAGROW 27747 1147 1507 1132 1507 0 2 500 55
SAGROW 27834 1147 1507 1132 1507 0 3 500 60
SAGROW 27975 1146 1507 1132 1507 0 4 500 118
SAGROW 28049 1146 1507 1132 1507 0 5 500 109
SAGROW 28158 1146 1507 1132 1507 0 1 500 137
SAGROW 28272 1148 1507 1132 1507 0 2 500 85
SAGROW 28373 1147 1507 1132 1507 0 3 500 114
SAGROW 28464 1147 1507 1132 1507 0 5 500 43
SAGROW 28560 1151 1507 1132 1507 0 6 500 50
SAGROW 28655 1150 1507 1132 1507 0 1 500 67
SAGROW 28749 1152 1507 1132 1507 0 2 500 79
SAGROW 28861 1151 1507 1132 1507 0 3 500 106
SAGROW 28954 1151 1507 1132 1507 0 5 500 48
SAGROW 29060 1150 1507 1132 1507 0 6 500 64
SAGROW 29183 1150 1507 1132 1507 0 1 500 112
SAGROW 29274 1148 1507 1132 1507 0 3 500 41
SAGROW 29378 1145 1507 1132 1507 0 4 500 63
SAGROW 29452 1145 1507 1132 1507 0 5 500 54
SAGROW 29576 1143 1507 1132 1507 0 6 500 95
SAGROW 29677 1143 1507 1132 1507 0 2 500 87
SAGROW 29754 1142 1507 1132 1507 0 3 500 110
SAGROW 29907 1142 1507 1132 1507 0 4 500 107
SAGROW 29974 1141 1507 1132 1507 0 5 500 79
SAGROW 30075 1143 1507 1132 1507 0 6 500 113
SAGROW 30165 1146 1507 1132 1507 0 1 500 119
SAGROW 30270 1146 1507 1132 1507 0 3 500 59
SAGROW 30395 1144 1507 1132 1507 0 4 500 104
SAGROW 30495 1145 1507 1132 1507 0 6 500 41
SAGROW 30579 1146 1507 1132 1507 0 1 500 51
SAGROW 30687 1147 1507 1132 1507 0 2 500 78
SAGROW 30786 1148 1508 1132 1507 0 3 500 94
SAGROW 30895 1147 1507 1132 1507 0 4 500 122
SAGROW 30985 1147 1508 1132 1507 0 6 500 46
SAGROW 31083 1147 1507 1132 1507 0 1 500 61
SAGROW 31197 1148 1507 1132 1507 0 2 500 94
SAGROW 31292 1147 1507 1132 1507 0 3 500 116
SAGROW 31382 1147 1507 1132 1507 0 5 500 41
SAGROW 31479 1147 1507 1132 1507 0 6 500 58
SAGROW 31608 1146 1507 1132 1507 0 1 500 103
SAGROW 31700 1144 1507 1132 1507 0 3 500 116
SAGROW 31790 1145 1507 1132 1507 0 4 500 122
SAGROW 31882 1145 1507 1132 1507 0 5 500 60
SAGROW 32011 1145 1507 1132 1507 0 6 500 98
SAGROW 32109 1145 1507 1132 1507 0 2 500 43
SAGROW 32185 1145 1507 1132 1507 0 3 500 118
SAGROW 32313 1144 1507 1132 1507 0 4 500 82
SAGROW 32385 1145 1507 1132 1507 0 5 500 67
SAGROW 32489 1145 1507 1132 1507 0 6 500 92
SAGROW 32598 1145 1507 1132 1507 0 1 500 94
SAGROW 32696 1145 1507 1132 1507 0 3 500 62
SAGROW 32810 1144 1508 1132 1507 0 4 500 81
SAGROW 32906 1144 1508 1132 1507 0 5 500 107
SAGROW 33012 1145 1508 1132 1507 0 1 500 52
SAGROW 33105 1146 1508 1132 1507 0 2 500 61
SAGROW 33205 1145 1508 1132 1507 0 3 500 78
SAGROW 33312 1145 1507 1132 1507 0 5 500 101
SAGROW 33403 1145 1507 1132 1507 0 6 500 123
SAGROW 33506 1145 1507 1132 1507 0 1 500 61
SAGROW 33592 1144 1506 1132 1507 0 2 500 68
SAGROW 33719 1145 1506 1132 1507 0 3 500 112
SAGROW 33815 1146 1506 1132 1507 0 5 500 41
SAGROW 33917 1144 1506 1132 1507 0 6 500 60
SAGSLOW 1122 1506 1130 1507
SAGSLOW 1122 1507 1130 1507
SAGSLOW 1130 1507 1130 1507
SAGSLOW 1128 1507 1130 1507
SAGSLOW 1136 1507 1130 1507
SAGSLOW 1127 1506 1130 1507
SAGSLOW 1142 1508 1130 1507
SAGSLOW 1147 1505 1130 1507
SAGSLOW 1136 1507 1130 1507
SAGSLOW 1128 1506 1130 1507
SAGSLOW 1133 1507 1130 1507
SAGSLOW 1133 1507 1131 1507
SAGSLOW 1134 1508 1131 1507
SAGSLOW 1126 1507 1131 1507
SAGSLOW 1121 1507 1131 1507
SAGSLOW 1123 1507 1130 1507
SAGSLOW 1125 1507 1130 1507
SAGSLOW 1123 1507 1130 1507
SAGSLOW 1126 1507 1130 1507
SAGSLOW 1116 1506 1130 1507
SAGSLOW 1123 1507 1130 1507
SAGSLOW 1118 1507 1130 1507
SAGSLOW 1117 1507 1130 1507
SAGSLOW 1113 1506 1130 1507
SAGSLOW 1131 1507 1129 1507
SAGSLOW 1129 1507 1130 1507
SAGSLOW 1120 1507 1129 1507
SAGSLOW 1122 1507 1129 1507
SAGSLOW 1130 1507 1129 1507
SAGSLOW 1127 1507 1129 1507
SAGSLOW 1117 1507 1129 1507
SAGSLOW 1124 1506 1129 1507
SAGSLOW 1117 1506 1129 1507
SAGSLOW 1115 1506 1129 1507
SAGSLOW 1119 1507 1128 1507
SAGSLOW 1123 1507 1128 1507
SAGSLOW 1127 1507 1128 1507
SAGSLOW 1121 1507 1128 1507
SAGSLOW 1116 1507 1128 1507
SAGSLOW 1122 1506 1128 1507
SAGSLOW 1120 1507 1128 1507
SAGSLOW 1139 1506 1128 1507
SAGSLOW 1138 1506 1128 1507
SAGSLOW 1126 1507 1128 1507
SAGSLOW 1126 1507 1128 1507
SAGSLOW 1126 1507 1128 1507
SAGSLOW 1125 1507 1128 1507
SAGSLOW 1126 1506 1128 1507
SAGSLOW 1126 1507 1128 1507
SAGSLOW 1119 1507 1127 1507
SAGSLOW 1128 1507 1127 1507
SAGSLOW 1124 1505 1127 1507
SAGSLOW 1122 1507 1127 1507
SAGSLOW 1125 1507 1127 1507
SAGSLOW 1122 1506 1127 1507
SAGSLOW 1135 1507 1127 1507
SAGSLOW 1129 1506 1127 1507
SAGSLOW 1134 1507 1127 1507
SAGSLOW 1133 1508 1127 1507
SAGSLOW 1128 1508 1127 1507
SAGSLOW 1133 1507 1127 1507
SAGSLOW 1128 1506 1127 1507
SAGSLOW 1130 1507 1127 1507
SAGSLOW 1120 1506 1127 1507
SAGSLOW 1131 1508 1127 1507
SAGSLOW 1137 1507 1128 1507
SAGSLOW 1138 1508 1128 1507
SAGSLOW 1132 1508 1128 1507
SAGSLOW 1132 1507 1128 1507
SAGSLOW 1133 1505 1128 1507
SAGSLOW 1133 1507 1128 1507
SAGSLOW 1126 1507 1128 1507
SAGSLOW 1116 1507 1128 1507
SAGSLOW 1126 1506 1128 1507
SAGSLOW 1128 1506 1128 1507
SAGSLOW 1125 1507 1128 1507
SAGSLOW 1128 1507 1128 1507
SAGSLOW 1146 1507 1128 1507
SAGSLOW 1139 1507 1128 1507
SAGSLOW 1134 1507 1128 1507
SAGSLOW 1131 1507 1128 1507
SAGSLOW 1130 1508 1128 1507
SAGSLOW 1133 1506 1129 1507
SAGSLOW 1128 1507 1129 1507
SAGSLOW 1136 1507 1129 1507
SAGSLOW 1127 1506 1129 1507
SAGSLOW 1136 1506 1129 1507
SAGSLOW 1125 1506 1129 1507
SAGSLOW 1126 1507 1129 1507
SAGSLOW 1139 1507 1129 1507
SAGSLOW 1125 1507 1129 1507
SAGSLOW 1129 1506 1129 1507
SAGSLOW 1126 1506 1129 1507
SAGSLOW 1129 1507 1129 1507
SAGSLOW 1123 1507 1129 1507
SAGSLOW 1124 1507 1129 1507
SAGSLOW 1133 1508 1129 1507
SAGSLOW 1131 1507 1129 1507
SAGSLOW 1131 1506 1129 1507
SAGSLOW 1140 1506 1129 1507
SAGSLOW 1132 1507 1129 1507
SAGSLOW 1129 1508 1129 1507
SAGSLOW 1133 1505 1129 1507
SAGSLOW 1129 1507 1129 1507
SAGSLOW 1125 1508 1129 1507
SAGSLOW 1134 1507 1129 1507
SAGSLOW 1130 1507 1129 1507
SAGSLOW 1130 1507 1129 1507
SAGSLOW 1129 1506 1129 1507
SAGSLOW 1122 1506 1129 1507
SAGSLOW 1130 1507 1129 1507
SAGSLOW 1135 1507 1129 1507
SAGSLOW 1129 1506 1129 1507
SAGSLOW 1137 1507 1129 1507
SAGSLOW 1135 1506 1129 1507
SAGSLOW 1140 1507 1129 1507
SAGSLOW 1129 1506 1129 1507
SAGSLOW 1136 1506 1129 1507
SAGSLOW 1137 1506 1130 1507
SAGSLOW 1133 1506 1130 1507
SAGSLOW 1126 1507 1130 1507
SAGSLOW 1133 1507 1130 1507
SAGSLOW 1141 1506 1130 1507
SAGSLOW 1137 1507 1130 1507
SAGSLOW 1132 1506 1130 1507
SAGSLOW 1136 1507 1130 1507
SAGSLOW 1131 1506 1130 1507
SAGSLOW 1139 1508 1130 1507
SAGSLOW 1142 1507 1130 1507
SAGSLOW 1134 1508 1130 1507
SAGSLOW 1134 1505 1131 1507
SAGSLOW 1145 1506 1131 1507
SAGSLOW 1137 1507 1131 1507
SAGSLOW 1147 1506 1131 1507
SAGSLOW 1139 1507 1131 1507
SAGSLOW 1142 1507 1131 1507
SAGSLOW 1133 1507 1131 1507
SAGSLOW 1143 1507 1132 1507
SAGSLOW 1139 1507 1132 1507
SAGSLOW 1131 1507 1132 1507
SAGSLOW 1129 1507 1132 1507
SAGSLOW 1137 1507 1132 1507
SAGSLOW 1138 1508 1132 1507
SAGSLOW 1141 1507 1132 1507
SAGSLOW 1133 1507 1132 1507
SAGSLOW 1133 1507 1132 1507
SAGSLOW 1128 1506 1132 1507
SAGSLOW 1131 1507 1132 1507
SAGSLOW 1124 1507 1132 1507
SAGSLOW 1129 1507 1132 1507
SAGSLOW 1138 1507 1132 1507
SAGSLOW 1139 1507 1132 1507
SAGSLOW 1130 1507 1132 1507
SAGSLOW 1126 1507 1132 1507
SAGSLOW 1123 1505 1132 1507
SAGSLOW 1122 1507 1132 1507
SAGSLOW 1126 1507 1132 1507
SAGSLOW 1130 1506 1131 1507
SAGSLOW 1135 1506 1131 1507
SAGSLOW 1137 1507 1132 1507
SAGSLOW 1134 1507 1132 1507
SAGSLOW 1136 1507 1132 1507
SAGSLOW 1128 1507 1132 1507
SAGSLOW 1133 1507 1132 1507
SAGSLOW 1131 1507 1132 1507
SAGSLOW 1136 1507 1132 1507
SAGSLOW 1142 1507 1132 1507
SAGSLOW 1133 1507 1132 1507
SAGSLOW 1140 1506 1132 1507
SAGSLOW 1141 1507 1132 1507
SAGSLOW 1137 1507 1132 1507
SAGSLOW 1135 1508 1132 1507
SAGSLOW 1136 1507 1132 1507
SAGSLOW 1136 1507 1133 1507
SAGSLOW 1137 1507 1133 1507
SAGSLOW 1141 1506 1133 1507
SAGSLOW 1133 1507 1133 1507
SAGSLOW 1125 1507 1133 1507
SAGSLOW 1131 1507 1133 1507
SAGSLOW 1152 1507 1133 1507
SAGSLOW 1146 1507 1133 1507
SAGSLOW 1136 1507 1133 1507
SAGSLOW 1138 1506 1133 1507
SAGSLOW 1148 1507 1133 1507
SAGSLOW 1132 1505 1133 1507
SAGSLOW 1137 1508 1133 1507
SAGSLOW 1123 1507 1133 1507
SAGSLOW 1131 1507 1133 1507
SAGSLOW 1134 1507 1133 1507
SAGSLOW 1134 1507 1133 1507
SAGSLOW 1124 1506 1133 1507
SAGSLOW 1138 1507 1133 1507
SAGSLOW 1132 1507 1133 1507
SAGSLOW 1130 1507 1133 1507
SAGSLOW 1142 1506 1133 1507
SAGSLOW 1138 1507 1133 1507
SAGSLOW 1133 1506 1133 1507
SAGSLOW 1137 1507 1133 1507
SAGSLOW 1129 1507 1133 1507
SAGSLOW 1134 1508 1133 1507
SAGSLOW 1120 1507 1133 1507
SAGSLOW 1135 1506 1133 1507
SAGSLOW 1137 1506 1133 1507
SAGSLOW 1133 1507 1133 1507
SAGSLOW 1133 1507 1133 1507
SAGSLOW 1138 1506 1133 1507
SAGSLOW 1137 1507 1133 1507
SAGSLOW 1138 1506 1134 1507
SAGSLOW 1143 1507 1134 1507
SAGSLOW 1136 1506 1134 1507
SAGSLOW 1134 1507 1134 1507
SAGSLOW 1138 1507 1134 1507
SAGSLOW 1135 1506 1134 1507
SAGSLOW 1132 1507 1134 1507
SAGSLOW 1128 1507 1134 1507
SAGSLOW 1129 1507 1134 1507
SAGSLOW 1133 1508 1134 1507
SAGSLOW 1132 1506 1134 1507
SAGSLOW 1137 1507 1134 1507
SAGSLOW 1139 1507 1134 1507
SAGSLOW 1137 1506 1134 1507
SAGSLOW 1143 1506 1134 1507
SAGSLOW 1133 1508 1134 1507
SAGSLOW 1130 1507 1134 1507
SAGSLOW 1135 1507 1134 1507
SAGSLOW 1147 1507 1134 1507
SAGSLOW 1141 1507 1134 1507
SAGSLOW 1139 1508 1134 1507
SAGSLOW 1127 1506 1134 1507
SAGSLOW 1130 1506 1134 1507
SAGSLOW 1125 1507 1134 1507
SAGSLOW 1133 1507 1134 1507
SAGSLOW 1143 1507 1134 1507
SAGSLOW 1140 1507 1134 1507
SAGSLOW 1136 1507 1134 1507
SAGSLOW 1140 1507 1134 1507
SAGSLOW 1132 1507 1135 1507
SAGSLOW 1138 1506 1134 1507
SAGSLOW 1135 1506 1135 1507
SAGSLOW 1133 1507 1134 1507
SAGSLOW 1127 1507 1134 1507
SAGSLOW 1132 1506 1134 1507
SAGSLOW 1129 1506 1134 1507
SAGSLOW 1135 1507 1134 1507
SAGSLOW 1147 1507 1134 1507
SAGSLOW 1142 1507 1134 1507
SAGSLOW 1135 1507 1134 1507
SAGSLOW 1141 1506 1135 1507
SAGSLOW 1133 1507 1135 1507
SAGSLOW 1135 1507 1135 1507
SAGSLOW 1132 1506 1134 1507
SAGSLOW 1137 1507 1134 1507
SAGSLOW 1130 1507 1134 1507
SAGSLOW 1131 1507 1134 1507
SAGSLOW 1137 1507 1134 1507
SAGSLOW 1139 1506 1134 1507
SAGSLOW 1142 1507 1134 1507
SAGSLOW 1136 1506 1134 1507
SAGSLOW 1136 1507 1134 1507
SAGSLOW 1133 1507 1135 1507
SAGSLOW 1129 1506 1134 1507
SAGSLOW 1132 1507 1134 1507
SAGSLOW 1149 1507 1134 1507
SAGSLOW 1143 1506 1135 1507
SAGSLOW 1136 1506 1135 1507
SAGSLOW 1140 1507 1135 1507
SAGSLOW 1140 1506 1135 1507
SAGSLOW 1143 1506 1135 1507
SAGSLOW 1140 1507 1135 1507
SAGSLOW 1127 1506 1135 1507
SAGSLOW 1135 1507 1135 1507
SAGSLOW 1130 1507 1135 1507
SAGSLOW 1126 1507 1135 1507
SAGSLOW 1129 1506 1135 1507
SAGSLOW 1132 1507 1135 1507
SAGSLOW 1137 1507 1135 1507
SAGSLOW 1137 1507 1135 1507
SAGSLOW 1133 1507 1135 1507
SAGSLOW 1139 1506 1135 1507
SAGSLOW 1147 1507 1135 1507
SAGSLOW 1140 1506 1135 1507
SAGSLOW 1129 1506 1135 1507
SAGSLOW 1130 1507 1135 1507
SAGSLOW 1131 1507 1135 1507
SAGSLOW 1124 1506 1135 1507
SAGSLOW 1130 1508 1135 1507
SAGSLOW 1126 1506 1134 1507
SAGSLOW 1131 1507 1134 1507
SAGSLOW 1126 1505 1134 1507
SAGSLOW 1135 1507 1134 1507
SAGSLOW 1142 1506 1134 1507
SAGSLOW 1134 1506 1134 1507
SAGSLOW 1143 1506 1134 1507
SAGSLOW 1148 1507 1135 1507
SAGSLOW 1134 1508 1135 1507
SAGSLOW 1130 1507 1135 1507
SAGSLOW 1133 1507 1134 1507
SAGSLOW 1129 1507 1134 1507
SAGSLOW 1139 1507 1134 1507
SAGSLOW 1142 1507 1134 1507
SAGSLOW 1146 1507 1134 1507
SAGSLOW 1144 1507 1135 1507
SAGSLOW 1141 1507 1135 1507
SAGSLOW 1130 1507 1135 1507
SAGSLOW 1130 1507 1135 1507
SAGSLOW 1122 1506 1134 1507
SAGSLOW 1143 1507 1134 1507
SAGSLOW 1135 1507 1135 1507
SAGSLOW 1128 1507 1134 1507
SAGSLOW 1131 1506 1134 1507
SAGSLOW 1137 1507 1134 1507
SAGSLOW 1131 1507 1134 1507
SAGSLOW 1134 1506 1134 1507
SAGSLOW 1133 1508 1134 1507
SAGSLOW 1135 1507 1134 1507
SAGSLOW 1133 1507 1134 1507
SAGSLOW 1135 1507 1134 1507
SAGSLOW 1128 1506 1134 1507
SAGSLOW 1138 1507 1134 1507
SAGSLOW 1132 1507 1134 1507
SAGSLOW 1136 1507 1134 1507
SAGSLOW 1146 1506 1134 1507
SAGSLOW 1139 1507 1134 1507
SAGSLOW 1142 1506 1134 1507
SAGSLOW 1136 1507 1134 1507
SAGSLOW 1131 1507 1134 1507
SAGSLOW 1129 1506 1134 1507
SAGSLOW 1135 1507 1134 1507
SAGSLOW 1130 1507 1134 1507
SAGSLOW 1138 1507 1134 1507
SAGSLOW 1134 1507 1134 1507
SAGSLOW 1134 1506 1134 1507
SAGSLOW 1131 1506 1134 1507
SAGSLOW 1124 1507 1134 1507
SAGSLOW 1135 1507 1134 1507
SAGSLOW 1130 1506 1134 1507
SAGSLOW 1142 1507 1134 1507
SAGSLOW 1147 1507 1134 1507
SAGSLOW 1142 1507 1134 1507
SAGSLOW 1142 1507 1134 1507
SAGSLOW 1138 1507 1135 1507
SAGSLOW 1141 1507 1135 1507
SAGSLOW 1135 1506 1135 1507
SAGSLOW 1128 1506 1134 1507
SAGSLOW 1131 1506 1134 1507
SAGSLOW 1136 1506 1134 1507
SAGSLOW 1138 1507 1134 1507
SAGSLOW 1132 1507 1134 1507
SAGSLOW 1123 1506 1134 1507
SAGSLOW 1128 1507 1134 1507
SAGSLOW 1136 1507 1134 1507
SAGSLOW 1127 1507 1134 1507
SAGSLOW 1137 1506 1134 1507
SAGSLOW 1137 1507 1134 1507
SAGSLOW 1137 1508 1134 1507
SAGSLOW 1138 1506 1134 1507
SAGSLOW 1133 1506 1134 1507
SAGSLOW 1136 1506 1134 1507
SAGSLOW 1135 1506 1134 1507
SAGSLOW 1145 1506 1134 1507
SAGSLOW 1145 1507 1135 1507
SAGSLOW 1140 1507 1135 1507
SAGSLOW 1135 1506 1135 1507
SAGSLOW 1131 1507 1135 1507
SAGSLOW 1140 1506 1135 1507
SAGSLOW 1134 1507 1135 1507
SAGSLOW 1142 1507 1135 1507
SAGSLOW 1138 1507 1135 1507
SAGSLOW 1126 1507 1135 1507
SAGSLOW 1124 1506 1135 1507
SAGSLOW 1127 1506 1135 1507
SAGSLOW 1136 1506 1134 1507
SAGSLOW 1133 1506 1134 1507
SAGSLOW 1129 1508 1134 1507
SAGSLOW 1130 1507 1134 1507
SAGSLOW 1141 1506 1134 1507
SAGSLOW 1142 1507 1134 1507
SAGSLOW 1127 1508 1134 1507
SAGSLOW 1129 1507 1134 1507
SAGSLOW 1138 1507 1134 1507
SAGSLOW 1136 1507 1134 1507
SAGSLOW 1141 1507 1134 1507
SAGSLOW 1135 1507 1135 1507
SAGSLOW 1138 1507 1135 1507
SAGSLOW 1140 1507 1135 1507
SAGSLOW 1136 1507 1135 1507
SAGSLOW 1137 1506 1135 1507
SAGSLOW 1130 1507 1135 1507
SAGSLOW 1130 1507 1135 1507
SAGSLOW 1129 1506 1135 1507
SAGSLOW 1133 1507 1135 1507
SAGSLOW 1131 1507 1134 1507
SAGSLOW 1138 1507 1134 1507
SAGSLOW 1144 1506 1135 1507
SAGSLOW 1130 1506 1134 1507
SAGSLOW 1128 1507 1134 1507
SAGSLOW 1125 1507 1134 1507
SAGSLOW 1127 1507 1134 1507
SAGSLOW 1140 1507 1134 1507
SAGSLOW 1136 1506 1134 1507
SAGSLOW 1137 1506 1134 1507
SAGSLOW 1137 1505 1134 1507
SAGSLOW 1140 1507 1134 1507
SAGSLOW 1129 1506 1134 1507
SAGSLOW 1132 1506 1134 1507
SAGSLOW 1145 1506 1134 1507
SAGSLOW 1138 1506 1134 1507
SAGSLOW 1127 1507 1134 1507
SAGSLOW 1128 1507 1134 1507
SAGSLOW 1132 1507 1134 1507
SAGSLOW 1122 1507 1134 1507
SAGSLOW 1134 1508 1134 1507
SAGSLOW 1138 1507 1134 1507
SAGSLOW 1125 1506 1134 1507
SAGSLOW 1136 1506 1134 1507
SAGSLOW 1135 1506 1134 1507
SAGSLOW 1121 1507 1134 1507
SAGSLOW 1131 1507 1134 1507
SAGSLOW 1141 1507 1134 1507
SAGSLOW 1142 1507 1134 1507
SAGSLOW 1131 1507 1134 1507
SAGSLOW 1134 1507 1134 1507
SAGSLOW 1132 1506 1134 1507
SAGSLOW 1129 1507 1134 1507
SAGSLOW 1131 1507 1134 1507
SAGSLOW 1133 1507 1134 1507
SAGSLOW 1133 1506 1134 1507
SAGSLOW 1135 1507 1134 1507
SAGSLOW 1131 1507 1134 1507
SAGSLOW 1138 1507 1134 1507
SAGSLOW 1138 1507 1134 1507
SAGSLOW 1142 1507 1134 1507
SAGSLOW 1141 1506 1134 1507
SAGSLOW 1134 1506 1135 1507
SAGSLOW 1136 1506 1135 1507
SAGSLOW 1145 1506 1135 1507
SAGSLOW 1140 1506 1135 1507
SAGSLOW 1133 1507 1135 1507
SAGSLOW 1127 1507 1135 1507
SAGSLOW 1128 1507 1135 1507
SAGSLOW 1124 1507 1135 1507
SAGSLOW 1132 1507 1135 1507
SAGSLOW 1136 1507 1134 1507
SAGSLOW 1138 1507 1135 1507
SAGSLOW 1141 1507 1135 1507
SAGSLOW 1135 1507 1135 1507
SAGSLOW 1148 1507 1135 1507
SAGSLOW 1140 1507 1135 1507
SAGSLOW 1139 1507 1135 1507
SAGSLOW 1141 1508 1135 1507
SAGSLOW 1142 1507 1135 1507
SAGSLOW 1128 1506 1135 1507
SAGSLOW 1128 1507 1135 1507
SAGSLOW 1126 1506 1135 1507
SAGSLOW 1128 1507 1135 1507
SAGSLOW 1130 1507 1135 1507
SAGSLOW 1140 1505 1135 1507
SAGSLOW 1139 1507 1135 1507
SAGSLOW 1138 1506 1135 1507
SAGSLOW 1134 1507 1135 1507
SAGSLOW 1133 1507 1135 1507
SAGSLOW 1143 1507 1135 1507
SAGSLOW 1130 1507 1135 1507
SAGSLOW 1139 1507 1135 1507
SAGSLOW 1126 1507 1135 1507
SAGSLOW 1131 1506 1135 1507
SAGSLOW 1140 1506 1135 1507
SAGSLOW 1135 1507 1135 1507
SAGSLOW 1129 1507 1135 1507
SAGSLOW 1130 1506 1135 1507
SAGSLOW 1128 1507 1135 1507
SAGSLOW 1122 1506 1135 1507
SAGSLOW 1116 1506 1134 1507
SAGSLOW 1130 1506 1134 1507
SAGSLOW 1144 1507 1134 1507
SAGSLOW 1133 1506 1134 1507
SAGSLOW 1128 1507 1134 1507
SAGSLOW 1134 1507 1134 1507
SAGSLOW 1127 1507 1134 1507
SAGSLOW 1123 1506 1134 1507
SAGSLOW 1130 1507 1134 1507
SAGSLOW 1132 1507 1134 1507
SAGSLOW 1140 1507 1134 1507
SAGSLOW 1132 1506 1134 1507
SAGSLOW 1131 1506 1134 1507
SAGSLOW 1142 1506 1134 1507
SAGSLOW 1138 1507 1134 1507
SAGSLOW 1130 1507 1134 1507
SAGSLOW 1126 1506 1134 1507
SAGSLOW 1126 1507 1134 1507
SAGSLOW 1126 1507 1134 1507
SAGSLOW 1122 1506 1133 1507
SAGSLOW 1135 1507 1133 1507
SAGSLOW 1124 1507 1133 1507
SAGSLOW 1131 1507 1133 1507
SAGSLOW 1129 1507 1133 1507
SAGSLOW 1130 1506 1133 1507
SAGSLOW 1137 1506 1133 1507
SAGSLOW 1134 1507 1133 1507
SAGSLOW 1134 1506 1133 1507
SAGSLOW 1136 1507 1133 1507
SAGSLOW 1137 1507 1133 1507
SAGSLOW 1126 1507 1133 1507
SAGSLOW 1135 1507 1133 1507
SAGSLOW 1127 1507 1133 1507
SAGSLOW 1141 1507 1133 1507
SAGSLOW 1134 1506 1133 1507
SAGSLOW 1130 1507 1133 1507
SAGSLOW 1135 1507 1133 1507
SAGSLOW 1136 1507 1133 1507
SAGSLOW 1134 1506 1133 1507
SAGSLOW 1139 1507 1133 1507
SAGSLOW 1138 1506 1133 1507
SAGSLOW 1131 1506 1133 1507
SAGSLOW 1133 1506 1133 1507
SAGSLOW 1137 1507 1133 1507
SAGSLOW 1145 1507 1133 1507
SAGSLOW 1141 1507 1134 1507
SAGSLOW 1141 1507 1134 1507
SAGSLOW 1137 1507 1134 1507
SAGSLOW 1134 1507 1134 1507
SAGSLOW 1126 1507 1134 1507
SAGSLOW 1120 1506 1134 1507
SAGSLOW 1130 1507 1133 1507
SAGSLOW 1136 1507 1134 1507
SAGSLOW 1132 1507 1134 1507
SAGSLOW 1132 1506 1133 1507
SAGSLOW 1133 1507 1133 1507
SAGSLOW 1139 1507 1134 1507
SAGSLOW 1143 1508 1134 1507
SAGSLOW 1134 1508 1134 1507
SAGSLOW 1147 1506 1134 1507
SAGSLOW 1142 1507 1134 1507
SAGSLOW 1138 1507 1134 1507
SAGSLOW 1131 1507 1134 1507
SAGSLOW 1135 1507 1134 1507
SAGSLOW 1138 1507 1134 1507
SAGSLOW 1138 1507 1134 1507
SAGSLOW 1142 1506 1134 1507
SAGSLOW 1134 1507 1134 1507
SAGSLOW 1134 1507 1134 1507
SAGSLOW 1130 1507 1134 1507
SAGSLOW 1132 1506 1134 1507
SAGSLOW 1132 1508 1134 1507
SAGSLOW 1124 1506 1134 1507
SAGSLOW 1126 1507 1134 1507
SAGSLOW 1132 1507 1134 1507
SAGSLOW 1132 1507 1134 1507
SAGSLOW 1130 1506 1134 1507
SAGSLOW 1127 1507 1134 1507
SAGSLOW 1130 1506 1134 1507
SAGSLOW 1127 1506 1133 1507
SAGSLOW 1134 1507 1133 1507
SAGSLOW 1124 1507 1133 1507
SAGSLOW 1116 1507 1133 1507
SAGSLOW 1123 1506 1133 1507
SAGSLOW 1133 1507 1133 1507
SAGSLOW 1127 1507 1133 1507
SAGSLOW 1133 1505 1133 1507
SAGSLOW 1125 1507 1133 1507
SAGSLOW 1122 1508 1133 1507
SAGSLOW 1118 1507 1133 1507
SAGSLOW 1126 1507 1132 1507
SAGSLOW 1130 1507 1132 1507
SAGSLOW 1129 1507 1132 1507
SAGSLOW 1125 1507 1132 1507
SAGSLOW 1133 1508 1132 1507
SAGSLOW 1131 1506 1132 1507
SAGSLOW 1134 1507 1132 1507
SAGSLOW 1134 1508 1132 1507
SAGSLOW 1136 1507 1132 1507
SAGSLOW 1129 1507 1132 1507
SAGSLOW 1127 1506 1132 1507
SAGSLOW 1134 1507 1132 1507
SAGSLOW 1136 1507 1132 1507
SAGSLOW 1128 1508 1132 1507
SAGSLOW 1122 1507 1132 1507
SAGSLOW 1130 1507 1132 1507
SAGSLOW 1129 1505 1132 1507
SAGSLOW 1128 1507 1132 1507
SAGSLOW 1122 1508 1132 1507
SAGSLOW 1129 1507 1132 1507
SAGSLOW 1118 1507 1132 1507
SAGSLOW 1126 1507 1131 1507
SAGSLOW 1124 1507 1131 1507
SAGSLOW 1117 1507 1131 1507
SAGSLOW 1131 1506 1131 1507
SAGSLOW 1126 1507 1131 1507
SAGSLOW 1134 1507 1131 1507
SAGSLOW 1130 1506 1131 1507
SAGSLOW 1131 1507 1131 1507
SAGSLOW 1128 1507 1131 1507
SAGSLOW 1122 1506 1131 1507
SAGSLOW 1137 1507 1131 1507
SAGSLOW 1130 1506 1131 1507
SAGSLOW 1127 1507 1131 1507
SAGSLOW 1135 1507 1131 1507
SAGSLOW 1132 1506 1131 1507
SAGSLOW 1131 1506 1131 1507
SAGSLOW 1135 1507 1131 1507
SAGSLOW 1133 1507 1131 1507
SAGSLOW 1127 1507 1131 1507
SAGSLOW 1128 1507 1131 1507
SAGSLOW 1125 1506 1131 1507
SAGSLOW 1137 1507 1131 1507
SAGSLOW 1125 1507 1131 1507
SAGSLOW 1139 1506 1131 1507
SAGSLOW 1134 1507 1131 1507
SAGSLOW 1135 1506 1131 1507
SAGSLOW 1125 1507 1131 1507
SAGSLOW 1127 1507 1131 1507
SAGSLOW 1133 1506 1131 1507
SAGSLOW 1128 1506 1131 1507
SAGSLOW 1133 1507 1131 1507
SAGSLOW 1132 1507 1131 1507
SAGSLOW 1144 1507 1132 1507
SAGSLOW 1143 1507 1132 1507
SAGSLOW 1135 1507 1132 1507
SAGSLOW 1138 1506 1132 1507
SAGSLOW 1139 1507 1132 1507
SAGSLOW 1140 1507 1132 1507
SAGSLOW 1155 1506 1132 1507
SAGSLOW 1141 1507 1132 1507
SAGSLOW 1131 1506 1133 1507
SAGSLOW 1134 1507 1132 1507
SAGSLOW 1147 1506 1133 1507
SAGSLOW 1138 1507 1133 1507
SAGSLOW 1137 1507 1133 1507
SAGSLOW 1129 1507 1133 1507
SAGSLOW 1136 1506 1133 1507
SAGSLOW 1134 1507 1133 1507
SAGSLOW 1138 1506 1133 1507
SAGSLOW 1136 1507 1133 1507
SAGSLOW 1140 1506 1133 1507
SAGSLOW 1138 1506 1133 1507
SAGSLOW 1139 1507 1133 1507
SAGSLOW 1133 1506 1134 1507
SAGSLOW 1131 1507 1133 1507
SAGSLOW 1130 1507 1133 1507
SAGSLOW 1143 1508 1133 1507
SAGSLOW 1151 1507 1134 1507
SAGSLOW 1138 1507 1134 1507
SAGSLOW 1143 1507 1134 1507
SAGSLOW 1139 1507 1134 1507
SAGSLOW 1145 1508 1134 1507
SAGSLOW 1144 1507 1134 1507
SAGSLOW 1132 1507 1134 1507
SAGSLOW 1131 1507 1134 1507
SAGSLOW 1136 1507 1134 1507
SAGSLOW 1135 1507 1134 1507
SAGSLOW 1132 1507 1134 1507
SAGSLOW 1134 1507 1134 1507
SAGSLOW 1136 1506 1134 1507
SAGSLOW 1130 1507 1134 1507
SAGSLOW 1134 1507 1134 1507
SAGSLOW 1135 1507 1134 1507
SAGSLOW 1147 1507 1134 1507
SAGSLOW 1135 1506 1134 1507
SAGSLOW 1129 1507 1134 1507
SAGSLOW 1126 1507 1134 1507
SAGSLOW 1127 1507 1134 1507
SAGSLOW 1137 1507 1134 1507
SAGSLOW 1136 1507 1134 1507
SAGSLOW 1134 1507 1134 1507
SAGSLOW 1134 1506 1134 1507
SAGSLOW 1132 1507 1134 1507
SAGSLOW 1141 1506 1134 1507
SAGSLOW 1126 1507 1134 1507
SAGSLOW 1123 1507 1134 1507
SAGSLOW 1131 1507 1134 1507
SAGSLOW 1126 1506 1134 1507
SAGSLOW 1133 1508 1133 1507
SAGSLOW 1129 1508 1133 1507
SAGSLOW 1130 1507 1133 1507
SAGSLOW 1130 1506 1133 1507
SAGSLOW 1137 1506 1133 1507
SAGSLOW 1143 1507 1133 1507
SAGSLOW 1143 1507 1133 1507
SAGSLOW 1138 1506 1134 1507
SAGSLOW 1135 1508 1134 1507
SAGSLOW 1134 1508 1134 1507
SAGSLOW 1136 1506 1134 1507
SAGSLOW 1137 1507 1134 1507
SAGSLOW 1135 1507 1134 1507
SAGSLOW 1122 1506 1134 1507
SAGSLOW 1132 1507 1134 1507
SAGSLOW 1135 1507 1134 1507
SAGSLOW 1136 1507 1134 1507
SAGSLOW 1138 1506 1134 1507
SAGSLOW 1131 1507 1134 1507
SAGSLOW 1134 1507 1134 1507
SAGSLOW 1138 1507 1134 1507
SAGSLOW 1142 1507 1134 1507
SAGSLOW 1139 1507 1134 1507
SAGSLOW 1137 1507 1134 1507
SAGSLOW 1135 1506 1134 1507
SAGSLOW 1136 1506 1134 1507
SAGSLOW 1123 1507 1134 1507
SAGSLOW 1133 1507 1134 1507
SAGSLOW 1127 1506 1134 1507
SAGSLOW 1131 1507 1134 1507
SAGSLOW 1132 1506 1134 1507
SAGSLOW 1134 1507 1134 1507
SAGSLOW 1134 1506 1134 1507
SAGSLOW 1147 1507 1134 1507
SAGSLOW 1144 1508 1134 1507
SAGSLOW 1136 1507 1134 1507
SAGSLOW 1134 1506 1134 1507
SAGSLOW 1133 1507 1134 1507
SAGSLOW 1137 1507 1134 1507
SAGSLOW 1131 1507 1134 1507
SAGSLOW 1129 1506 1134 1507
SAGSLOW 1136 1506 1134 1507
SAGSLOW 1137 1507 1134 1507
SAGSLOW 1139 1506 1134 1507
SAGSLOW 1141 1508 1134 1507
SAGSLOW 1133 1507 1134 1507
SAGSLOW 1136 1506 1134 1507
SAGSLOW 1129 1507 1134 1507
SAGSLOW 1132 1508 1134 1507
SAGSLOW 1134 1507 1134 1507
SAGSLOW 1129 1506 1134 1507
SAGSLOW 1134 1506 1134 1507
SAGSLOW 1133 1506 1134 1507
SAGSLOW 1136 1507 1134 1507
SAGSLOW 1140 1507 1134 1507
SAGSLOW 1133 1508 1134 1507
SAGSLOW 1123 1506 1134 1507
SAGSLOW 1130 1506 1134 1507
SAGSLOW 1137 1506 1133 1507
SAGSLOW 1141 1506 1134 1507
SAGSLOW 1140 1506 1134 1507
SAGSLOW 1126 1506 1134 1507
SAGSLOW 1122 1506 1134 1507
SAGSLOW 1134 1507 1133 1507
SAGSLOW 1134 1507 1133 1507
SAGSLOW 1130 1507 1133 1507
SAGSLOW 1122 1506 1133 1507
SAGSLOW 1127 1506 1133 1507
SAGSLOW 1135 1507 1133 1507
SAGSLOW 1131 1508 1133 1507
SAGSLOW 1132 1507 1133 1507
SAGSLOW 1133 1507 1133 1507
SAGSLOW 1128 1507 1133 1507
SAGSLOW 1134 1507 1133 1507
SAGSLOW 1143 1507 1133 1507
SAGSLOW 1139 1506 1133 1507
SAGSLOW 1125 1507 1133 1507
SAGSLOW 1131 1506 1133 1507
SAGSLOW 1128 1507 1133 1507
SAGSLOW 1131 1506 1133 1507
SAGSLOW 1131 1506 1133 1507
SAGSLOW 1129 1506 1133 1507
SAGSLOW 1130 1506 1133 1507
SAGSLOW 1131 1506 1133 1507
SAGSLOW 1131 1507 1133 1507
SAGSLOW 1138 1506 1132 1507
SAGSLOW 1126 1507 1133 1507
SAGSLOW 1125 1507 1132 1507
SAGSLOW 1126 1507 1132 1507
SAGSLOW 1140 1506 1132 1507
SAGSLOW 1141 1507 1132 1507
SAGSLOW 1137 1506 1133 1507
SAGSLOW 1126 1507 1133 1507
SAGSLOW 1131 1507 1132 1507
SAGSLOW 1126 1506 1132 1507
SAGSLOW 1125 1507 1132 1507
SAGSLOW 1122 1507 1132 1507
SAGSLOW 1120 1507 1132 1507
SAGSLOW 1119 1507 1132 1507
SAGSLOW 1128 1507 1132 1507
SAGSLOW 1138 1507 1132 1507
SAGSLOW 1131 1506 1132 1507
SAGSLOW 1121 1507 1132 1507
SAGSLOW 1126 1507 1132 1507
SAGSLOW 1119 1507 1131 1507
SAGSLOW 1122 1507 1131 1507
SAGSLOW 1117 1506 1131 1507
SAGSLOW 1117 1507 1131 1507
SAGSLOW 1119 1507 1131 1507
SAGSLOW 1129 1506 1131 1507
SAGSLOW 1127 1507 1131 1507
SAGSLOW 1122 1506 1131 1507
SAGSLOW 1119 1508 1131 1507
SAGSLOW 1123 1506 1130 1507
SAGSLOW 1129 1508 1130 1507
SAGSLOW 1124 1506 1130 1507
SAGSLOW 1135 1507 1130 1507
SAGSLOW 1131 1507 1130 1507
SAGSLOW 1135 1507 1130 1507
SAGSLOW 1129 1506 1130 1507
SAGSLOW 1136 1506 1131 1507
SAGSLOW 1137 1506 1131 1507
SAGSLOW 1126 1506 1131 1507
SAGSLOW 1131 1507 1131 1507
SAGSLOW 1132 1506 1131 1507
SAGSLOW 1125 1507 1131 1507
SAGSLOW 1138 1508 1131 1507
SAGSLOW 1148 1507 1131 1507
SAGSLOW 1134 1507 1131 1507
SAGSLOW 1135 1507 1131 1507
SAGSLOW 1140 1507 1131 1507
SAGSLOW 1133 1507 1131 1507
SAGSLOW 1154 1506 1132 1507
SAGSLOW 1146 1507 1132 1507
SAGSLOW 1131 1507 1132 1507
SAGSLOW 1130 1508 1132 1507
SAGSLOW 1126 1507 1132 1507
SAGSLOW 1132 1506 1132 1507
SAGSLOW 1137 1507 1132 1507
SAGSLOW 1133 1506 1132 1507
SAGSLOW 1137 1507 1132 1507
SAGSLOW 1133 1506 1132 1507
SAGSLOW 1131 1507 1132 1507
SAGSLOW 1128 1506 1132 1507
SAGSLOW 1140 1507 1132 1507
SAGSLOW 1142 1506 1132 1507
SAGSLOW 1130 1507 1132 1507
SAGSLOW 1131 1508 1132 1507
SAGSLOW 1144 1507 1132 1507
SAGSLOW 1128 1507 1132 1507
SAGSLOW 1134 1507 1132 1507
SAGSLOW 1133 1507 1132 1507
SAGSLOW 1136 1507 1132 1507
SAGSLOW 1136 1507 1132 1507
SAGSLOW 1133 1507 1133 1507
SAGSLOW 1134 1507 1133 1507
SAGSLOW 1126 1506 1133 1507
SAGSLOW 1132 1506 1132 1507
SAGSLOW 1131 1507 1132 1507
SAGSLOW 1135 1506 1132 1507
SAGSLOW 1127 1507 1132 1507
SAGSLOW 1133 1507 1132 1507
SAGSLOW 1137 1507 1132 1507
SAGSLOW 1134 1506 1132 1507
SAGSLOW 1138 1507 1133 1507
SAGSLOW 1119 1506 1133 1507
SAGSLOW 1129 1507 1132 1507
SAGSLOW 1132 1507 1132 1507
SAGSLOW 1134 1507 1132 1507
SAGSLOW 1128 1507 1132 1507
SAGSLOW 1124 1507 1132 1507
SAGSLOW 1121 1506 1132 1507
SAGSLOW 1128 1505 1132 1507
SAGSLOW 1125 1507 1132 1507
SAGSLOW 1126 1507 1132 1507
SAGSLOW 1123 1506 1131 1507
SAGSLOW 1126 1507 1131 1507
SAGSLOW 1128 1506 1131 1507
SAGSLOW 1129 1507 1131 1507
SAGSLOW 1132 1506 1131 1507
SAGSLOW 1140 1507 1131 1507
SAGSLOW 1135 1507 1131 1507
SAGSLOW 1135 1507 1132 1507
SAGSLOW 1128 1507 1131 1507
SAGSLOW 1125 1507 1131 1507
SAGSLOW 1124 1507 1131 1507
SAGSLOW 1129 1507 1131 1507
SAGSLOW 1131 1507 1131 1507
SAGSLOW 1134 1508 1131 1507
SAGSLOW 1134 1506 1131 1507
SAGSLOW 1134 1507 1131 1507
SAGSLOW 1127 1506 1131 1507
SAGSLOW 1130 1506 1131 1507
SAGSLOW 1140 1507 1131 1507
SAGSLOW 1130 1507 1131 1507
SAGSLOW 1129 1507 1131 1507
SAGSLOW 1135 1506 1131 1507
SAGSLOW 1147 1507 1131 1507
SAGSLOW 1130 1507 1131 1507
SAGSLOW 1137 1508 1131 1507
SAGSLOW 1141 1506 1131 1507
SAGSLOW 1130 1507 1131 1507
SAGSLOW 1129 1506 1131 1507
SAGSLOW 1139 1506 1131 1507
SAGSLOW 1144 1508 1131 1507
SAGSLOW 1140 1507 1132 1507
SAGSLOW 1146 1508 1132 1507
SAGSLOW 1141 1507 1132 1507
SAGSLOW 1134 1507 1132 1507
SAGSLOW 1136 1507 1132 1507
SAGSLOW 1132 1506 1132 1507
SAGSLOW 1129 1507 1132 1507
SAGSLOW 1133 1507 1132 1507
SAGSLOW 1136 1507 1132 1507
SAGSLOW 1137 1507 1132 1507
SAGSLOW 1141 1507 1132 1507
SAGSLOW 1141 1507 1132 1507
SAGSLOW 1136 1507 1132 1507
SAGSLOW 1140 1506 1132 1507
SAGSLOW 1129 1507 1132 1507
SAGSLOW 1129 1507 1132 1507
SAGSLOW 1141 1508 1132 1507
SAGSLOW 1140 1508 1132 1507
SAGSLOW 1129 1507 1132 1507
SAGSLOW 1128 1508 1132 1507
SAGSLOW 1133 1507 1132 1507
SAGSLOW 1139 1508 1132 1507
SAGSLOW 1143 1507 1132 1507
SAGSLOW 1137 1506 1133 1507
SAGSLOW 1128 1507 1133 1507
SAGSLOW 1121 1507 1132 1507
SAGSLOW 1124 1507 1132 1507
SAGSLOW 1126 1506 1132 1507
SAGSLOW 1124 1507 1132 1507
SAGSLOW 1136 1507 1132 1507
SAGSLOW 1137 1507 1132 1507
SAGSLOW 1142 1507 1132 1507
SAGSLOW 1144 1506 1132 1507
SAGSLOW 1135 1507 1133 1507
SAGSLOW 1127 1507 1133 1507
SAGSLOW 1127 1507 1132 1507
SAGSLOW 1138 1507 1132 1507
SAGSLOW 1136 1507 1132 1507
SAGSLOW 1136 1507 1133 1507
SAGSLOW 1134 1507 1133 1507
SAGSLOW 1129 1506 1133 1507
SAGSLOW 1143 1505 1133 1507
SAGSLOW 1141 1507 1133 1507
SAGSLOW 1141 1508 1133 1507
SAGSLOW 1131 1507 1133 1507
SAGSLOW 1142 1506 1133 1507
SAGSLOW 1131 1506 1133 1507
SAGSLOW 1136 1507 1133 1507
SAGSLOW 1132 1507 1133 1507
SAGSLOW 1123 1506 1133 1507
SAGSLOW 1126 1507 1133 1507
SAGSLOW 1124 1506 1133 1507
SAGSLOW 1124 1507 1133 1507
SAGSLOW 1134 1508 1133 1507
SAGSLOW 1135 1507 1133 1507
SAGSLOW 1159 1507 1133 1507
SAGSLOW 1137 1507 1133 1507
SAGSLOW 1135 1507 1133 1507
SAGSLOW 1143 1506 1133 1507
SAGSLOW 1128 1506 1133 1507
SAGSLOW 1125 1507 1133 1507
SAGSLOW 1132 1507 1133 1507
SAGSLOW 1131 1507 1133 1507
SAGSLOW 1126 1507 1133 1507
SAGSLOW 1135 1507 1133 1507
SAGSLOW 1129 1507 1133 1507
SAGSLOW 1133 1506 1133 1507
SAGSLOW 1137 1506 1133 1507
SAGSLOW 1137 1507 1133 1507
SAGSLOW 1137 1506 1133 1507
SAGSLOW 1136 1508 1133 1507
SAGSLOW 1129 1507 1133 1507
SAGSLOW 1130 1506 1133 1507
SAGSLOW 1145 1506 1133 1507
SAGSLOW 1142 1506 1133 1507
SAGSLOW 1132 1506 1133 1507
SAGSLOW 1141 1507 1134 1507
SAGSLOW 1141 1507 1134 1507
SAGSLOW 1150 1506 1134 1507
SAGSLOW 1153 1506 1134 1507
SAGSLOW 1148 1507 1134 1507
SAGSLOW 1138 1507 1134 1507
SAGSLOW 1140 1506 1134 1507
SAGSLOW 1133 1507 1135 1507
SAGSLOW 1143 1507 1135 1507
SAGSLOW 1143 1507 1135 1507
SAGSLOW 1137 1507 1135 1507
SAGSLOW 1134 1508 1135 1507
SAGSLOW 1142 1507 1135 1507
SAGSLOW 1135 1507 1135 1507
SAGSLOW 1133 1505 1135 1507
SAGSLOW 1127 1506 1135 1507
SAGSLOW 1132 1507 1135 1507
SAGSLOW 1128 1506 1135 1507
SAGSLOW 1125 1506 1135 1507
SAGSLOW 1125 1507 1134 1507
SAGSLOW 1128 1507 1134 1507
SAGSLOW 1121 1507 1134 1507
SAGSLOW 1126 1506 1134 1507
SAGSLOW 1128 1504 1134 1507
SAGSLOW 1134 1507 1134 1507
SAGSLOW 1133 1507 1134 1507
SAGSLOW 1138 1507 1134 1507
SAGSLOW 1124 1507 1134 1507
SAGSLOW 1132 1507 1134 1507
SAGSLOW 1131 1507 1133 1507
SAGSLOW 1131 1506 1133 1507
SAGSLOW 1125 1507 1133 1507
SAGSLOW 1122 1507 1133 1507
SAGSLOW 1128 1507 1133 1507
SAGSLOW 1113 1507 1133 1507
SAGSLOW 1129 1506 1133 1507
SAGSLOW 1142 1506 1133 1507
SAGSLOW 1137 1507 1133 1507
SAGSLOW 1127 1507 1133 1507
SAGSLOW 1128 1507 1133 1507
SAGSLOW 1127 1507 1133 1507
SAGSLOW 1128 1507 1133 1507
SAGSLOW 1125 1507 1133 1507
SAGSLOW 1129 1507 1132 1507
SAGSLOW 1123 1507 1132 1507
SAGSLOW 1134 1507 1132 1507
SAGSLOW 1141 1506 1132 1507
SAGSLOW 1129 1507 1132 1507
SAGSLOW 1130 1507 1132 1507
SAGSLOW 1134 1508 1132 1507
SAGSLOW 1133 1506 1132 1507
SAGSLOW 1138 1508 1132 1507
SAGSLOW 1129 1507 1132 1507
SAGSLOW 1134 1507 1132 1507
SAGSLOW 1133 1507 1132 1507
SAGSLOW 1130 1508 1132 1507
SAGSLOW 1136 1507 1132 1507
SAGSLOW 1128 1507 1132 1507
SAGSLOW 1128 1507 1132 1507
SAGSLOW 1124 1507 1132 1507
SAGSLOW 1125 1507 1132 1507
SAGSLOW 1114 1506 1132 1507
SAGSLOW 1131 1507 1132 1507
SAGSLOW 1132 1507 1132 1507
SAGSLOW 1125 1506 1132 1507
SAGSLOW 1137 1507 1132 1507
SAGSLOW 1134 1507 1132 1507
SAGSLOW 1137 1507 1132 1507
SAGSLOW 1128 1507 1132 1507
SAGSLOW 1146 1507 1132 1507
SAGSLOW 1147 1507 1132 1507
SAGSLOW 1144 1506 1132 1507
SAGEND
