# elf_crc32 63C0061D
# elf_sha256 828501C1596B3C1425F3D77CCE5AAEBDE343D25109FC0F7F0BACBA965B74D8D5
# started 2026-09-24T08:36:58
BEMFRUN handoff_ehz=200 target_duty_tenths=500 advance_level=22 total_ms=80000 inject=0
PREFLIGHT moe=0 ccr1=0 ccr2=0 ccr3=0 gates_low=1 en=0 nfault=1 verdict=PASS
POSTSTOP
PREFLIGHT moe=0 ccr1=0 ccr2=0 ccr3=0 gates_low=1 en=0 nfault=1 verdict=PASS
BEMFDONE reason=2 accepted=852048 forced=0 zc_acc=853780 too_early=1 unstable=1455095 ci_us=76 bus_ref=1216 bus_min=1066
BEMFSAG ref_bus=1216 ref_vref=1504 filt_bus=1157 filt_vref=1504 streak=0 tripped=0
BEMFGATE closed_ms=74776 hold_ms=54776 target_tenths=500 zc_per_s=11394 comm_per_s=11394 ehz_from_ci_last=2192 forced_pct=0
BEMFRATE hold_ms=54776 hold_accepted=693192 hold_forced=0 mean_ci_us=79 mean_sector_us=79 ehz_from_sector=2109 zc_per_s=12655 zc_expected_per_s=12658 zc_rate_permille_of_expected=999 hold_forced_pct=0
BEMFTAIL accepts=34991 span_us=2774810 start_before_stop_us=2774933 end_before_stop_us=123 window_us=2000000
BEMFRCOMP spent_max_us=11 late_arms=0 com_preempts=0 com_arm_preempts=0
BEMFSECTOR a1=65535 f1=0 a2=65535 f2=0 a3=65535 f3=0 a4=65535 f4=0 a5=65535 f5=0 a6=65535 f6=0
BEMFPHASE lt075=31775 to100=65535 to125=65535 to150=20654 gt150=3948
BEMFREVISIT r1=29130 v1=13376 r2=29243 v2=12766 r3=24297 v3=16122 r4=42616 v4=15014 r5=20350 v5=12730 r6=35935 v6=19400
BEMFDRIVEN entered=1 epochs=21 accepts=13 early=26 unstable=261 defers=0 retries=0 late_max_us=62 qual_intervals=12 qual_reanchors=0 qual_fault=0 fail=0 seeded=1 seed_step=3 seed_us=755 commanded_us=833 irq_peak_per_ms=60 closed_irq_peak_per_ms=65 storm=0 storm_step=0 cap_armed=1 comp_call_max_us=16 overrun=0 blank_arms=853777 blank_latched=0 com_count=853781 com_late_max_us=11
BEMFGUARD reason=0 ticks=786939 gap_max_us=110 track_fault=0 track_max_us=240 fast_events=845065 fast_min_us=44 loop_iters_closed=2368316 loop_gap_max_us=164 acquire_us=16804
BEMFDRVROWS 9:3:7727:946 10:4:629:618 11:5:775:674 12:6:693:550 13:1:727:435 14:2:705:326 15:3:754:221 16:4:642:39
BEMFDRVROWS 17:5:820:18 18:6:881:77 19:1:782:13 20:2:818:17 21:3:836:15
BEMFCURRENT blocks=7869 mean_residual=10399 mean_ma=1305 hold_blocks=5423 hold_ma=1651 zero_blocks=50 zero_start=618130 zero_end=616351 zero_drift_ma=-223 ref_ma=326 duty_tenths=500 ceiling_tenths=500 worst_residual=16456 worst_ma=2066
BEMFWITNESS samples=119958 bemf_min=0 bemf_max=0 mid=0 mid_fixed=0 alt=0 hyst_codes=12 driven_rotation=0
vsenc_min=0 vsenc_max=0 star_min=0 star_max=0 bus_ref=1216
BEMFCOAST reason=2 pp_first=0 pp_last=0 crossings=0 spun=1 comp_edges=1853 comp_hi=350669 comp_polls=551927
COASTTIMING trans=1421 offset_us=37 first_us=160 iv_us=238,235,241,234,242,234,244,232 ehz_first=2100
SAGSNAP judged=786914 fast_len=512 slow_len=1024 slow_every=32 frozen=1 num=95 den=100 streak_to_latch=3 adc_rail=4095
SAGROW 18651 1151 1504 1157 1504 0 6 500 43
SAGROW 18753 1152 1504 1157 1504 0 1 500 63
SAGROW 18866 1153 1504 1157 1504 0 2 500 107
SAGROW 18954 1152 1504 1157 1504 0 3 500 114
SAGROW 19055 1152 1504 1157 1504 0 5 500 49
SAGROW 19156 1153 1504 1157 1504 0 6 500 54
SAGROW 19270 1154 1504 1157 1504 0 2 500 113
SAGROW 19352 1153 1504 1157 1504 0 2 500 116
SAGROW 19467 1153 1504 1157 1504 0 4 500 66
SAGROW 19583 1151 1504 1157 1504 0 6 500 89
SAGROW 19665 1151 1505 1157 1504 0 6 500 114
SAGROW 19758 1149 1505 1157 1504 0 2 500 42
SAGROW 19898 1149 1505 1157 1504 0 3 500 102
SAGROW 19988 1147 1505 1157 1504 0 5 500 40
SAGROW 20061 1148 1505 1157 1504 0 5 500 112
SAGROW 20179 1148 1505 1157 1504 0 1 500 63
SAGROW 20298 1148 1505 1157 1504 0 2 500 106
SAGROW 20378 1150 1505 1157 1504 0 3 500 108
SAGROW 20469 1150 1505 1157 1504 0 5 500 43
SAGROW 20591 1152 1505 1157 1504 0 6 500 79
SAGROW 20701 1151 1505 1157 1504 0 2 500 95
SAGROW 20778 1153 1505 1157 1504 0 3 500 110
SAGROW 20886 1153 1504 1157 1504 0 4 500 67
SAGROW 21004 1154 1504 1157 1504 0 5 500 103
SAGROW 21104 1156 1504 1157 1504 0 1 500 50
SAGROW 21169 1155 1504 1157 1504 0 2 500 114
SAGROW 21269 1156 1504 1157 1504 0 3 500 55
SAGROW 21396 1156 1504 1157 1504 0 4 500 99
SAGROW 21498 1157 1504 1157 1504 0 6 500 41
SAGROW 21583 1158 1504 1157 1504 0 1 500 52
SAGROW 21691 1158 1504 1157 1504 0 2 500 80
SAGROW 21804 1158 1504 1157 1504 0 3 500 107
SAGROW 21882 1155 1503 1157 1504 0 5 500 109
SAGROW 21988 1153 1503 1157 1504 0 6 500 64
SAGROW 22084 1153 1504 1157 1504 0 1 500 75
SAGROW 22218 1153 1504 1157 1504 0 3 500 42
SAGROW 22282 1152 1504 1157 1504 0 3 500 106
SAGROW 22398 1150 1503 1157 1504 0 5 500 75
SAGROW 22511 1151 1504 1157 1504 0 6 500 107
SAGROW 22607 1153 1504 1157 1504 0 2 500 42
SAGROW 22701 1158 1505 1157 1504 0 3 500 64
SAGROW 22830 1159 1505 1157 1504 0 4 500 103
SAGROW 22913 1159 1505 1157 1504 0 6 500 116
SAGROW 23002 1159 1505 1157 1504 0 1 500 121
SAGROW 23095 1161 1504 1157 1504 0 2 500 55
SAGROW 23187 1161 1504 1157 1504 0 3 500 78
SAGROW 23316 1159 1504 1157 1504 0 5 500 41
SAGROW 23392 1154 1504 1157 1504 0 6 500 118
SAGROW 23527 1151 1503 1157 1504 0 1 500 92
SAGROW 23621 1152 1503 1157 1504 0 2 500 115
SAGROW 23711 1152 1503 1157 1504 0 4 500 122
SAGROW 23805 1149 1503 1157 1504 0 5 500 46
SAGROW 23931 1147 1504 1157 1504 0 6 500 100
SAGROW 24021 1148 1504 1157 1504 0 1 500 116
SAGROW 24114 1146 1504 1157 1504 0 3 500 48
SAGROW 24242 1146 1504 1157 1504 0 4 500 97
SAGROW 24332 1145 1504 1157 1504 0 6 500 113
SAGROW 24421 1143 1504 1157 1504 0 1 500 123
SAGROW 24506 1143 1505 1157 1504 0 2 500 45
SAGROW 24606 1144 1505 1157 1504 0 3 500 59
SAGROW 24731 1144 1504 1157 1504 0 4 500 107
SAGROW 24814 1144 1505 1157 1504 0 6 500 122
SAGROW 24961 1146 1505 1157 1504 0 1 500 94
SAGROW 25042 1146 1504 1157 1504 0 2 500 106
SAGROW 25137 1147 1505 1157 1504 0 4 500 51
SAGROW 25218 1146 1504 1157 1504 0 5 500 44
SAGROW 25315 1146 1504 1157 1504 0 6 500 63
SAGROW 25437 1147 1504 1157 1504 0 1 500 113
SAGROW 25528 1148 1504 1157 1504 0 3 500 43
SAGROW 25632 1147 1504 1157 1504 0 4 500 65
SAGROW 25759 1149 1504 1157 1504 0 5 500 101
SAGROW 25841 1150 1504 1157 1504 0 1 500 114
SAGROW 25936 1149 1504 1157 1504 0 2 500 55
SAGROW 26029 1150 1504 1157 1504 0 3 500 59
SAGROW 26148 1148 1504 1157 1504 0 4 500 105
SAGROW 26225 1148 1504 1157 1504 0 5 500 111
SAGROW 26333 1148 1504 1157 1504 0 1 500 55
SAGROW 26445 1148 1504 1157 1504 0 2 500 87
SAGROW 26532 1146 1504 1157 1504 0 3 500 48
SAGROW 26653 1146 1504 1157 1504 0 5 500 44
SAGROW 26728 1147 1503 1157 1504 0 6 500 50
SAGROW 26861 1148 1503 1157 1504 0 1 500 106
SAGROW 26942 1150 1503 1157 1504 0 2 500 106
SAGROW 27051 1151 1504 1157 1504 0 4 500 57
SAGROW 27143 1151 1504 1157 1504 0 5 500 77
SAGROW 27256 1151 1504 1157 1504 0 6 500 107
SAGROW 27344 1153 1504 1157 1504 0 2 500 115
SAGROW 27437 1154 1504 1157 1504 0 3 500 57
SAGROW 27577 1154 1505 1157 1504 0 4 500 115
SAGROW 27652 1153 1505 1157 1504 0 5 500 107
SAGROW 27752 1152 1505 1157 1504 0 1 500 55
SAGROW 27839 1152 1505 1157 1504 0 2 500 64
SAGROW 27968 1151 1505 1157 1504 0 3 500 108
SAGROW 28078 1151 1505 1157 1504 0 4 500 137
SAGROW 28144 1151 1505 1157 1504 0 6 500 43
SAGROW 28278 1151 1505 1157 1504 0 1 500 104
SAGROW 28374 1151 1505 1157 1504 0 3 500 37
SAGROW 28459 1152 1505 1157 1504 0 4 500 122
SAGROW 28554 1154 1505 1157 1504 0 5 500 66
SAGROW 28647 1154 1505 1157 1504 0 6 500 80
SAGROW 28766 1155 1504 1157 1504 0 1 500 114
SAGROW 28860 1155 1504 1157 1504 0 3 500 49
SAGROW 28987 1154 1504 1157 1504 0 4 500 104
SAGROW 29076 1154 1504 1157 1504 0 5 500 113
SAGROW 29166 1154 1503 1157 1504 0 1 500 121
SAGROW 29261 1154 1503 1157 1504 0 2 500 55
SAGROW 29370 1153 1504 1157 1504 0 3 500 82
SAGROW 29478 1154 1504 1157 1504 0 4 500 121
SAGROW 29553 1154 1504 1157 1504 0 5 500 112
SAGROW 29669 1155 1504 1157 1504 0 1 500 76
SAGROW 29782 1155 1503 1157 1504 0 2 500 107
SAGROW 29878 1157 1503 1157 1504 0 4 500 125
SAGROW 29967 1156 1503 1157 1504 0 5 500 130
SAGROW 30091 1157 1503 1157 1504 0 6 500 95
SAGROW 30190 1157 1503 1157 1504 0 2 500 39
SAGROW 30268 1157 1503 1157 1504 0 3 500 117
SAGROW 30381 1157 1503 1157 1504 0 4 500 68
SAGROW 30488 1158 1503 1157 1504 0 5 500 89
SAGROW 30595 1159 1503 1157 1504 0 1 500 49
SAGROW 30675 1159 1504 1157 1504 0 2 500 48
SAGROW 30785 1158 1504 1157 1504 0 3 500 72
SAGROW 30899 1159 1504 1157 1504 0 4 500 108
SAGROW 30976 1159 1504 1157 1504 0 6 500 115
SAGROW 31084 1159 1504 1157 1504 0 1 500 62
SAGROW 31204 1159 1504 1157 1504 0 2 500 93
SAGROW 31310 1159 1504 1157 1504 0 4 500 58
SAGROW 31385 1159 1504 1157 1504 0 5 500 48
SAGROW 31483 1155 1504 1157 1504 0 6 500 66
SAGROW 31605 1156 1505 1157 1504 0 1 500 116
SAGROW 31680 1156 1504 1157 1504 0 2 500 113
SAGROW 31800 1157 1505 1157 1504 0 4 500 68
SAGROW 31913 1155 1505 1157 1504 0 5 500 80
SAGROW 32014 1155 1505 1157 1504 0 1 500 48
SAGROW 32086 1154 1505 1157 1504 0 1 500 120
SAGROW 32185 1154 1505 1157 1504 0 3 500 57
SAGROW 32311 1159 1505 1157 1504 0 4 500 103
SAGROW 32388 1157 1504 1157 1504 0 5 500 108
SAGROW 32494 1157 1504 1157 1504 0 1 500 54
SAGROW 32600 1156 1504 1157 1504 0 2 500 78
SAGROW 32728 1156 1504 1157 1504 0 4 500 44
SAGROW 32804 1157 1505 1157 1504 0 5 500 48
SAGROW 32899 1155 1504 1157 1504 0 6 500 61
SAGROW 33020 1154 1504 1157 1504 0 1 500 94
SAGROW 33111 1154 1504 1157 1504 0 3 500 40
SAGROW 33214 1153 1504 1157 1504 0 4 500 67
SAGROW 33333 1153 1504 1157 1504 0 5 500 101
SAGROW 33433 1153 1504 1157 1504 0 1 500 49
SAGROW 33497 1154 1504 1157 1504 0 2 500 113
SAGROW 33598 1152 1504 1157 1504 0 3 500 53
SAGROW 33724 1154 1504 1157 1504 0 4 500 97
SAGROW 33826 1154 1504 1157 1504 0 6 500 38
SAGROW 33909 1154 1503 1157 1504 0 1 500 121
SAGROW 34001 1154 1503 1157 1504 0 2 500 61
SAGROW 34145 1152 1504 1157 1504 0 4 500 44
SAGROW 34226 1152 1503 1157 1504 0 5 500 42
SAGROW 34314 1151 1504 1157 1504 0 6 500 61
SAGROW 34442 1152 1504 1157 1504 0 1 500 105
SAGROW 34538 1152 1504 1157 1504 0 3 500 42
SAGROW 34628 1150 1505 1157 1504 0 4 500 58
SAGROW 34722 1149 1505 1157 1504 0 5 500 74
SAGROW 34840 1149 1505 1157 1504 0 6 500 109
SAGROW 34927 1150 1505 1157 1504 0 2 500 48
SAGROW 35019 1150 1506 1157 1504 0 3 500 58
SAGROW 35140 1152 1506 1157 1504 0 4 500 97
SAGROW 35247 1152 1505 1157 1504 0 6 500 122
SAGROW 35326 1152 1505 1157 1504 0 1 500 112
SAGROW 35419 1155 1505 1157 1504 0 2 500 61
SAGROW 35547 1155 1505 1157 1504 0 3 500 107
SAGROW 35649 1155 1505 1157 1504 0 5 500 127
SAGROW 35730 1156 1505 1157 1504 0 6 500 48
SAGROW 35826 1157 1504 1157 1504 0 1 500 70
SAGROW 35954 1154 1504 1157 1504 0 3 500 38
SAGROW 36039 1155 1505 1157 1504 0 4 500 123
SAGROW 36121 1153 1505 1157 1504 0 5 500 52
SAGROW 36245 1153 1505 1157 1504 0 6 500 97
SAGROW 36337 1154 1505 1157 1504 0 2 500 39
SAGROW 36421 1156 1505 1157 1504 0 2 500 122
SAGROW 36539 1153 1505 1157 1504 0 4 500 74
SAGROW 36638 1154 1505 1157 1504 0 5 500 94
SAGROW 36726 1155 1505 1157 1504 0 6 500 99
SAGROW 36843 1153 1505 1157 1504 0 2 500 39
SAGROW 36934 1155 1505 1157 1504 0 3 500 73
SAGROW 37055 1156 1505 1157 1504 0 4 500 116
SAGROW 37148 1156 1505 1157 1504 0 6 500 47
SAGROW 37242 1157 1505 1157 1504 0 1 500 68
SAGROW 37368 1160 1505 1157 1504 0 2 500 115
SAGROW 37475 1161 1505 1157 1504 0 4 500 53
SAGROW 37537 1162 1504 1157 1504 0 5 500 121
SAGROW 37662 1164 1504 1157 1504 0 6 500 83
SAGROW 37768 1165 1504 1157 1504 0 2 500 37
SAGROW 37846 1164 1504 1157 1504 0 3 500 115
SAGROW 37959 1163 1504 1157 1504 0 4 500 69
SAGROW 38066 1162 1504 1157 1504 0 5 500 101
SAGROW 38167 1161 1505 1157 1504 0 1 500 123
SAGROW 38254 1159 1505 1157 1504 0 2 500 47
SAGROW 38348 1160 1505 1157 1504 0 3 500 70
SAGROW 38477 1160 1505 1157 1504 0 5 500 37
SAGROW 38554 1160 1506 1157 1504 0 6 500 114
SAGROW 38662 1160 1506 1157 1504 0 1 500 62
SAGROW 38775 1160 1506 1157 1504 0 2 500 105
SAGROW 38863 1159 1506 1157 1504 0 3 500 111
SAGROW 38966 1159 1506 1157 1504 0 5 500 133
SAGROW 39080 1160 1505 1157 1504 0 6 500 72
SAGROW 39178 1160 1505 1157 1504 0 1 500 110
SAGROW 39261 1160 1505 1157 1504 0 2 500 113
SAGROW 39369 1159 1505 1157 1504 0 4 500 139
SAGROW 39453 1158 1505 1157 1504 0 5 500 70
SAGROW 39586 1159 1505 1157 1504 0 1 500 126
SAGROW 39664 1159 1505 1157 1504 0 1 500 118
SAGROW 39763 1158 1505 1157 1504 0 3 500 52
SAGROW 39889 1157 1506 1157 1504 0 4 500 105
SAGROW 39972 1157 1506 1157 1504 0 6 500 116
SAGROW 40082 1156 1506 1157 1504 0 1 500 142
SAGROW 40203 1154 1505 1157 1504 0 2 500 105
SAGROW 40309 1154 1505 1157 1504 0 4 500 59
SAGROW 40372 1153 1505 1157 1504 0 4 500 123
SAGROW 40467 1153 1505 1157 1504 0 6 500 134
SAGROW 40602 1153 1505 1157 1504 0 1 500 100
SAGROW 40677 1154 1504 1157 1504 0 2 500 112
SAGROW 40771 1152 1504 1157 1504 0 4 500 124
SAGROW 40872 1153 1504 1157 1504 0 5 500 65
SAGROW 41011 1154 1504 1157 1504 0 1 500 49
SAGROW 41082 1154 1504 1157 1504 0 1 500 121
SAGROW 41173 1155 1504 1157 1504 0 3 500 130
SAGROW 41304 1153 1504 1157 1504 0 4 500 102
SAGROW 41387 1154 1504 1157 1504 0 6 500 111
SAGROW 41494 1154 1504 1157 1504 0 1 500 58
SAGROW 41578 1155 1504 1157 1504 0 2 500 62
SAGROW 41706 1156 1504 1157 1504 0 4 500 115
SAGROW 41788 1155 1504 1157 1504 0 5 500 121
SAGROW 41892 1154 1504 1157 1504 0 6 500 60
SAGROW 42015 1153 1504 1157 1504 0 1 500 112
SAGROW 42106 1153 1504 1157 1504 0 3 500 42
SAGROW 42178 1150 1505 1157 1504 0 3 500 115
SAGROW 42286 1150 1505 1157 1504 0 5 500 54
SAGROW 42401 1149 1505 1157 1504 0 6 500 94
SAGROW 42499 1148 1505 1157 1504 0 2 500 38
SAGROW 42596 1148 1505 1157 1504 0 3 500 53
SAGROW 42721 1149 1505 1157 1504 0 4 500 101
SAGROW 42804 1150 1506 1157 1504 0 6 500 111
SAGROW 42885 1149 1506 1157 1504 0 6 500 113
SAGROW 42996 1151 1505 1157 1504 0 2 500 63
SAGROW 43137 1150 1505 1157 1504 0 4 500 123
SAGROW 43207 1149 1505 1157 1504 0 4 500 109
SAGROW 43292 1148 1505 1157 1504 0 6 500 43
SAGROW 43428 1149 1505 1157 1504 0 1 500 99
SAGROW 43511 1149 1505 1157 1504 0 2 500 113
SAGROW 43594 1147 1505 1157 1504 0 3 500 114
SAGROW 43697 1147 1505 1157 1504 0 5 500 136
SAGROW 43809 1147 1504 1157 1504 0 6 500 68
SAGROW 43915 1147 1504 1157 1504 0 2 500 39
SAGROW 44011 1149 1505 1157 1504 0 3 500 53
SAGROW 44139 1148 1505 1157 1504 0 4 500 102
SAGROW 44234 1152 1504 1157 1504 0 6 500 43
SAGROW 44322 1152 1504 1157 1504 0 1 500 51
SAGROW 44412 1153 1504 1157 1504 0 2 500 60
SAGROW 44538 1153 1504 1157 1504 0 3 500 100
SAGROW 44620 1152 1504 1157 1504 0 4 500 107
SAGROW 44726 1152 1504 1157 1504 0 6 500 60
SAGROW 44855 1151 1504 1157 1504 0 1 500 88
SAGROW 44935 1153 1504 1157 1504 0 2 500 109
SAGROW 45009 1149 1504 1157 1504 0 3 500 100
SAGROW 45110 1148 1504 1157 1504 0 5 500 49
SAGROW 45211 1153 1504 1157 1504 0 6 500 54
SAGROW 45334 1154 1504 1157 1504 0 2 500 42
SAGROW 45413 1154 1504 1157 1504 0 3 500 120
SAGROW 45525 1155 1504 1157 1504 0 4 500 70
SAGROW 45647 1156 1504 1157 1504 0 6 500 41
SAGROW 45735 1156 1504 1157 1504 0 1 500 129
SAGROW 45828 1153 1505 1157 1504 0 2 500 58
SAGROW 45955 1154 1504 1157 1504 0 3 500 100
SAGROW 46036 1151 1504 1157 1504 0 4 500 107
SAGROW 46119 1151 1504 1157 1504 0 6 500 120
SAGROW 46272 1150 1503 1157 1504 0 1 500 107
SAGROW 46347 1150 1503 1157 1504 0 3 500 102
SAGROW 46455 1149 1503 1157 1504 0 4 500 60
SAGROW 46530 1149 1504 1157 1504 0 5 500 51
SAGROW 46644 1152 1503 1157 1504 0 6 500 85
SAGROW 46750 1152 1504 1157 1504 0 2 500 41
SAGROW 46828 1152 1504 1157 1504 0 3 500 119
SAGROW 46960 1151 1505 1157 1504 0 4 500 86
SAGROW 47056 1153 1505 1157 1504 0 5 500 81
SAGROW 47156 1152 1505 1157 1504 0 1 500 48
SAGROW 47245 1144 1505 1157 1504 0 2 500 57
SAGROW 47345 1143 1505 1157 1504 0 3 500 76
SAGROW 47454 1143 1505 1157 1504 0 5 500 107
SAGROW 47549 1144 1505 1157 1504 0 6 500 48
SAGROW 47674 1144 1505 1157 1504 0 1 500 78
SAGROW 47749 1145 1505 1157 1504 0 2 500 86
SAGROW 47851 1144 1505 1157 1504 0 4 500 116
SAGROW 47951 1145 1505 1157 1504 0 5 500 55
SAGROW 48076 1154 1505 1157 1504 0 6 500 93
SAGROW 48159 1153 1505 1157 1504 0 2 500 103
SAGROW 48241 1152 1505 1157 1504 0 3 500 116
SAGROW 48368 1151 1505 1157 1504 0 4 500 78
SAGROW 48480 1151 1505 1157 1504 0 5 500 106
SAGROW 48554 1149 1505 1157 1504 0 6 500 104
SAGROW 48648 1149 1505 1157 1504 0 2 500 44
SAGROW 48788 1147 1504 1157 1504 0 3 500 104
SAGROW 48878 1149 1504 1157 1504 0 5 500 40
SAGROW 48963 1149 1504 1157 1504 0 6 500 44
SAGROW 49064 1150 1504 1157 1504 0 1 500 65
SAGROW 49188 1150 1504 1157 1504 0 2 500 100
SAGROW 49288 1154 1504 1157 1504 0 4 500 59
SAGROW 49363 1156 1504 1157 1504 0 5 500 51
SAGROW 49482 1158 1504 1157 1504 0 6 500 85
SAGROW 49593 1159 1504 1157 1504 0 1 500 97
SAGROW 49678 1158 1504 1157 1504 0 3 500 42
SAGROW 49774 1158 1504 1157 1504 0 4 500 69
SAGROW 49879 1158 1504 1157 1504 0 5 500 89
SAGROW 49990 1160 1505 1157 1504 0 1 500 48
SAGROW 50079 1155 1504 1157 1504 0 2 500 59
SAGROW 50179 1154 1505 1157 1504 0 3 500 71
SAGROW 50294 1153 1505 1157 1504 0 4 500 109
SAGROW 50377 1152 1505 1157 1504 0 6 500 122
SAGROW 50480 1151 1505 1157 1504 0 1 500 63
SAGROW 50575 1153 1504 1157 1504 0 2 500 71
SAGROW 50687 1153 1504 1157 1504 0 3 500 106
SAGROW 50780 1152 1504 1157 1504 0 5 500 48
SAGROW 50872 1153 1504 1157 1504 0 6 500 60
SAGROW 51008 1153 1504 1157 1504 0 1 500 115
SAGROW 51087 1154 1504 1157 1504 0 3 500 41
SAGROW 51193 1157 1504 1157 1504 0 4 500 69
SAGROW 51311 1158 1504 1157 1504 0 5 500 105
SAGROW 51411 1159 1505 1157 1504 0 1 500 51
SAGROW 51475 1159 1505 1157 1504 0 2 500 115
SAGROW 51575 1159 1505 1157 1504 0 3 500 55
SAGROW 51701 1160 1504 1157 1504 0 4 500 99
SAGROW 51803 1162 1504 1157 1504 0 6 500 41
SAGROW 51887 1162 1504 1157 1504 0 1 500 52
SAGROW 51995 1161 1504 1157 1504 0 2 500 80
SAGROW 52115 1162 1504 1157 1504 0 4 500 114
SAGROW 52195 1161 1504 1157 1504 0 5 500 43
SAGROW 52304 1161 1504 1157 1504 0 6 500 70
SAGROW 52419 1160 1504 1157 1504 0 1 500 108
SAGROW 52505 1160 1504 1157 1504 0 2 500 112
SAGROW 52586 1158 1504 1157 1504 0 3 500 107
SAGROW 52693 1159 1505 1157 1504 0 5 500 64
SAGROW 52840 1159 1505 1157 1504 0 1 500 48
SAGROW 52904 1158 1505 1157 1504 0 1 500 113
SAGROW 53009 1155 1504 1157 1504 0 3 500 61
SAGROW 53130 1155 1504 1157 1504 0 4 500 112
SAGROW 53213 1155 1504 1157 1504 0 5 500 113
SAGROW 53302 1158 1505 1157 1504 0 1 500 120
SAGROW 53426 1157 1505 1157 1504 0 2 500 80
SAGROW 53522 1157 1504 1157 1504 0 3 500 108
SAGROW 53625 1157 1504 1157 1504 0 5 500 42
SAGROW 53699 1158 1504 1157 1504 0 6 500 43
SAGROW 53809 1158 1504 1157 1504 0 1 500 79
SAGROW 53923 1159 1504 1157 1504 0 2 500 112
SAGROW 54024 1158 1504 1157 1504 0 4 500 54
SAGROW 54119 1157 1504 1157 1504 0 5 500 74
SAGROW 54232 1156 1504 1157 1504 0 6 500 107
SAGROW 54328 1155 1505 1157 1504 0 2 500 42
SAGROW 54403 1155 1505 1157 1504 0 3 500 45
SAGROW 54545 1153 1505 1157 1504 0 4 500 111
SAGROW 54626 1155 1505 1157 1504 0 5 500 107
SAGROW 54735 1156 1505 1157 1504 0 1 500 136
SAGROW 54843 1155 1505 1157 1504 0 2 500 81
SAGROW 54939 1154 1505 1157 1504 0 3 500 108
SAGROW 55039 1153 1505 1157 1504 0 5 500 126
SAGROW 55108 1153 1505 1157 1504 0 6 500 101
SAGROW 55224 1152 1505 1157 1504 0 1 500 76
SAGROW 55336 1152 1505 1157 1504 0 2 500 106
SAGROW 55442 1155 1505 1157 1504 0 4 500 52
SAGROW 55518 1154 1505 1157 1504 0 5 500 55
SAGROW 55644 1156 1505 1157 1504 0 6 500 97
SAGROW 55740 1157 1505 1157 1504 0 1 500 117
SAGROW 55838 1158 1505 1157 1504 0 3 500 46
SAGROW 55932 1158 1505 1157 1504 0 4 500 67
SAGROW 56031 1160 1505 1157 1504 0 5 500 94
SAGROW 56139 1162 1505 1157 1504 0 1 500 121
SAGROW 56234 1158 1505 1157 1504 0 2 500 56
SAGROW 56355 1158 1505 1157 1504 0 3 500 94
SAGROW 56447 1157 1504 1157 1504 0 5 500 117
SAGROW 56529 1158 1504 1157 1504 0 6 500 114
SAGROW 56657 1160 1504 1157 1504 0 1 500 91
SAGROW 56758 1161 1504 1157 1504 0 3 500 114
SAGROW 56867 1160 1504 1157 1504 0 4 500 59
SAGROW 56941 1158 1504 1157 1504 0 5 500 54
SAGROW 57034 1159 1504 1157 1504 0 6 500 65
SAGROW 57156 1161 1504 1157 1504 0 1 500 114
SAGROW 57246 1161 1504 1157 1504 0 3 500 44
SAGROW 57368 1158 1504 1157 1504 0 4 500 86
SAGROW 57458 1159 1504 1157 1504 0 5 500 102
SAGROW 57561 1159 1504 1157 1504 0 1 500 125
SAGROW 57648 1159 1504 1157 1504 0 2 500 49
SAGROW 57743 1160 1505 1157 1504 0 3 500 65
SAGROW 57864 1159 1505 1157 1504 0 4 500 115
SAGROW 57946 1158 1505 1157 1504 0 6 500 115
SAGROW 58040 1158 1505 1157 1504 0 6 500 127
SAGROW 58166 1159 1505 1157 1504 0 1 500 110
SAGROW 58285 1158 1505 1157 1504 0 4 500 49
SAGROW 58350 1157 1505 1157 1504 0 4 500 114
SAGROW 58456 1156 1505 1157 1504 0 6 500 55
SAGROW 58571 1157 1505 1157 1504 0 2 500 109
SAGROW 58652 1158 1505 1157 1504 0 2 500 112
SAGROW 58764 1157 1504 1157 1504 0 4 500 63
SAGROW 58879 1157 1505 1157 1504 0 5 500 105
SAGROW 58986 1157 1505 1157 1504 0 1 500 49
SAGROW 59051 1156 1505 1157 1504 0 2 500 114
SAGROW 59152 1158 1505 1157 1504 0 2 500 135
SAGROW 59284 1160 1505 1157 1504 0 4 500 107
SAGROW 59369 1160 1504 1157 1504 0 6 500 38
SAGROW 59473 1160 1505 1157 1504 0 1 500 60
SAGROW 59591 1162 1505 1157 1504 0 2 500 97
SAGROW 59691 1162 1504 1157 1504 0 4 500 51
SAGROW 59772 1162 1504 1157 1504 0 5 500 44
SAGROW 59869 1164 1505 1157 1504 0 6 500 62
SAGROW 59993 1163 1505 1157 1504 0 1 500 96
SAGROW 60068 1163 1505 1157 1504 0 2 500 112
SAGROW 60182 1162 1505 1157 1504 0 4 500 62
SAGROW 60295 1162 1505 1157 1504 0 5 500 92
SAGROW 60403 1161 1505 1157 1504 0 1 500 48
SAGROW 60474 1162 1505 1157 1504 0 1 500 119
SAGROW 60574 1162 1506 1157 1504 0 3 500 56
SAGROW 60695 1160 1506 1157 1504 0 4 500 83
SAGROW 60777 1160 1505 1157 1504 0 5 500 107
SAGROW 60885 1158 1505 1157 1504 0 1 500 53
SAGROW 61012 1156 1505 1157 1504 0 2 500 99
SAGROW 61099 1156 1504 1157 1504 0 3 500 101
SAGROW 61191 1155 1504 1157 1504 0 5 500 47
SAGROW 61286 1154 1504 1157 1504 0 6 500 60
SAGROW 61413 1154 1504 1157 1504 0 1 500 107
SAGROW 61488 1155 1503 1157 1504 0 2 500 100
SAGROW 61594 1154 1504 1157 1504 0 4 500 52
SAGROW 61681 1152 1505 1157 1504 0 5 500 60
SAGROW 61799 1152 1504 1157 1504 0 6 500 98
SAGROW 61889 1152 1504 1157 1504 0 1 500 116
SAGROW 61980 1152 1504 1157 1504 0 3 500 46
SAGROW 62129 1151 1504 1157 1504 0 4 500 114
SAGROW 62204 1151 1504 1157 1504 0 5 500 102
SAGROW 62304 1150 1504 1157 1504 0 1 500 54
SAGROW 62390 1148 1504 1157 1504 0 2 500 61
SAGROW 62530 1149 1504 1157 1504 0 4 500 118
SAGROW 62601 1148 1504 1157 1504 0 4 500 110
SAGROW 62702 1147 1504 1157 1504 0 6 500 60
SAGROW 62830 1145 1504 1157 1504 0 1 500 105
SAGROW 62926 1145 1504 1157 1504 0 3 500 42
SAGROW 63016 1143 1504 1157 1504 0 4 500 57
SAGROW 63090 1143 1504 1157 1504 0 5 500 54
SAGROW 63222 1144 1504 1157 1504 0 6 500 103
SAGROW 63305 1144 1504 1157 1504 0 2 500 106
SAGROW 63398 1145 1504 1157 1504 0 3 500 43
SAGROW 63539 1146 1504 1157 1504 0 4 500 108
SAGROW 63606 1148 1504 1157 1504 0 5 500 91
SAGROW 63712 1149 1504 1157 1504 0 1 500 101
SAGROW 63808 1151 1504 1157 1504 0 2 500 61
SAGROW 63921 1151 1504 1157 1504 0 3 500 93
SAGROW 64019 1153 1504 1157 1504 0 5 500 38
SAGROW 64102 1152 1503 1157 1504 0 6 500 43
SAGROW 64219 1152 1503 1157 1504 0 1 500 75
SAGROW 64317 1151 1503 1157 1504 0 2 500 93
SAGROW 64426 1152 1504 1157 1504 0 4 500 99
SAGROW 64507 1153 1504 1157 1504 0 5 500 54
SAGROW 64632 1154 1504 1157 1504 0 6 500 94
SAGROW 64735 1153 1504 1157 1504 0 1 500 116
SAGROW 64822 1153 1504 1157 1504 0 3 500 50
SAGROW 64930 1154 1504 1157 1504 0 4 500 82
SAGROW 65042 1156 1504 1157 1504 0 5 500 106
SAGROW 65122 1156 1505 1157 1504 0 6 500 109
SAGROW 65226 1157 1504 1157 1504 0 2 500 64
SAGROW 65321 1158 1504 1157 1504 0 3 500 74
SAGROW 65447 1159 1504 1157 1504 0 4 500 120
SAGROW 65521 1159 1505 1157 1504 0 5 500 108
SAGROW 90 1159 1504 1157 1504 0 1 500 63
SAGROW 184 1159 1504 1157 1504 0 2 500 78
SAGROW 296 1159 1504 1157 1504 0 3 500 107
SAGROW 381 1159 1504 1157 1504 0 5 500 43
SAGROW 484 1158 1504 1157 1504 0 6 500 66
SAGROW 618 1158 1504 1157 1504 0 2 500 37
SAGROW 716 1156 1504 1157 1504 0 3 500 136
SAGROW 811 1155 1504 1157 1504 0 4 500 68
SAGROW 917 1154 1505 1157 1504 0 5 500 93
SAGROW 1019 1155 1505 1157 1504 0 1 500 122
SAGROW 1098 1156 1505 1157 1504 0 2 500 41
SAGROW 1194 1156 1504 1157 1504 0 3 500 55
SAGROW 1330 1156 1504 1157 1504 0 4 500 121
SAGROW 1404 1155 1505 1157 1504 0 6 500 112
SAGROW 1506 1156 1504 1157 1504 0 1 500 63
SAGROW 1600 1157 1504 1157 1504 0 2 500 78
SAGROW 1712 1159 1504 1157 1504 0 3 500 106
SAGROW 1805 1159 1504 1157 1504 0 5 500 46
SAGROW 1913 1158 1505 1157 1504 0 6 500 78
SAGROW 2035 1157 1505 1157 1504 0 1 500 116
SAGROW 2115 1157 1505 1157 1504 0 2 500 116
SAGROW 2227 1156 1505 1157 1504 0 4 500 68
SAGROW 2334 1157 1505 1157 1504 0 5 500 94
SAGROW 2428 1156 1505 1157 1504 0 6 500 115
SAGROW 2518 1154 1505 1157 1504 0 2 500 44
SAGROW 2613 1153 1504 1157 1504 0 3 500 65
SAGROW 2740 1152 1505 1157 1504 0 5 500 116
SAGROW 2822 1151 1505 1157 1504 0 6 500 114
SAGROW 2930 1151 1504 1157 1504 0 1 500 61
SAGROW 3042 1150 1504 1157 1504 0 2 500 103
SAGROW 3131 1150 1504 1157 1504 0 3 500 110
SAGROW 3227 1149 1504 1157 1504 0 5 500 43
SAGROW 3318 1152 1505 1157 1504 0 6 500 54
SAGROW 3448 1152 1504 1157 1504 0 1 500 111
SAGROW 3531 1152 1504 1157 1504 0 2 500 114
SAGROW 3632 1152 1504 1157 1504 0 4 500 55
SAGROW 3720 1150 1504 1157 1504 0 5 500 71
SAGROW 3852 1150 1504 1157 1504 0 1 500 122
SAGROW 3929 1151 1504 1157 1504 0 2 500 116
SAGROW 4028 1152 1504 1157 1504 0 3 500 55
SAGROW 4154 1150 1504 1157 1504 0 4 500 108
SAGROW 4237 1151 1504 1157 1504 0 5 500 112
SAGROW 4343 1152 1504 1157 1504 0 1 500 57
SAGROW 4435 1154 1504 1157 1504 0 2 500 81
SAGROW 4544 1153 1504 1157 1504 0 3 500 107
SAGROW 4638 1155 1504 1157 1504 0 5 500 119
SAGROW 4743 1153 1504 1157 1504 0 6 500 56
SAGSLOW 1154 1504 1147 1504
SAGSLOW 1146 1504 1147 1504
SAGSLOW 1149 1504 1147 1504
SAGSLOW 1142 1504 1147 1504
SAGSLOW 1138 1504 1147 1504
SAGSLOW 1142 1504 1147 1504
SAGSLOW 1140 1505 1147 1504
SAGSLOW 1143 1504 1147 1504
SAGSLOW 1153 1505 1147 1504
SAGSLOW 1152 1505 1147 1504
SAGSLOW 1158 1505 1147 1504
SAGSLOW 1158 1505 1147 1504
SAGSLOW 1148 1505 1147 1504
SAGSLOW 1142 1505 1147 1504
SAGSLOW 1144 1504 1147 1504
SAGSLOW 1137 1505 1147 1504
SAGSLOW 1136 1504 1147 1505
SAGSLOW 1163 1504 1147 1505
SAGSLOW 1161 1503 1147 1505
SAGSLOW 1149 1506 1147 1505
SAGSLOW 1159 1504 1147 1505
SAGSLOW 1150 1504 1147 1505
SAGSLOW 1148 1505 1147 1505
SAGSLOW 1145 1504 1147 1505
SAGSLOW 1147 1504 1147 1505
SAGSLOW 1148 1504 1147 1505
SAGSLOW 1144 1504 1147 1505
SAGSLOW 1139 1504 1147 1505
SAGSLOW 1146 1504 1147 1504
SAGSLOW 1142 1505 1147 1505
SAGSLOW 1143 1504 1147 1504
SAGSLOW 1137 1504 1147 1505
SAGSLOW 1138 1504 1147 1505
SAGSLOW 1147 1504 1146 1505
SAGSLOW 1147 1505 1146 1505
SAGSLOW 1154 1505 1147 1505
SAGSLOW 1153 1504 1147 1505
SAGSLOW 1136 1504 1147 1505
SAGSLOW 1134 1504 1146 1504
SAGSLOW 1148 1504 1146 1504
SAGSLOW 1162 1505 1147 1504
SAGSLOW 1156 1504 1147 1504
SAGSLOW 1154 1505 1147 1504
SAGSLOW 1149 1505 1147 1504
SAGSLOW 1146 1504 1147 1504
SAGSLOW 1144 1504 1147 1504
SAGSLOW 1147 1505 1147 1504
SAGSLOW 1140 1505 1147 1504
SAGSLOW 1140 1505 1147 1504
SAGSLOW 1140 1504 1147 1504
SAGSLOW 1137 1505 1146 1504
SAGSLOW 1143 1504 1146 1504
SAGSLOW 1141 1505 1146 1504
SAGSLOW 1145 1505 1146 1504
SAGSLOW 1160 1504 1146 1504
SAGSLOW 1148 1505 1146 1505
SAGSLOW 1146 1505 1146 1505
SAGSLOW 1141 1504 1146 1505
SAGSLOW 1156 1505 1146 1505
SAGSLOW 1142 1503 1146 1505
SAGSLOW 1141 1505 1146 1505
SAGSLOW 1152 1505 1146 1505
SAGSLOW 1152 1505 1146 1505
SAGSLOW 1153 1505 1146 1505
SAGSLOW 1139 1504 1146 1505
SAGSLOW 1139 1505 1146 1505
SAGSLOW 1159 1504 1146 1505
SAGSLOW 1144 1505 1146 1505
SAGSLOW 1141 1505 1146 1505
SAGSLOW 1150 1504 1146 1505
SAGSLOW 1137 1505 1146 1505
SAGSLOW 1142 1504 1146 1505
SAGSLOW 1145 1504 1146 1505
SAGSLOW 1136 1504 1146 1505
SAGSLOW 1141 1504 1146 1505
SAGSLOW 1146 1504 1146 1504
SAGSLOW 1139 1505 1146 1505
SAGSLOW 1139 1505 1145 1504
SAGSLOW 1136 1505 1145 1505
SAGSLOW 1138 1504 1145 1505
SAGSLOW 1139 1504 1145 1504
SAGSLOW 1144 1505 1145 1504
SAGSLOW 1145 1505 1145 1504
SAGSLOW 1143 1505 1145 1504
SAGSLOW 1146 1504 1145 1504
SAGSLOW 1156 1504 1145 1504
SAGSLOW 1144 1504 1145 1504
SAGSLOW 1142 1505 1145 1504
SAGSLOW 1149 1505 1145 1504
SAGSLOW 1145 1505 1145 1504
SAGSLOW 1144 1505 1145 1504
SAGSLOW 1140 1504 1145 1504
SAGSLOW 1143 1504 1145 1504
SAGSLOW 1146 1504 1145 1504
SAGSLOW 1134 1505 1145 1504
SAGSLOW 1137 1505 1145 1504
SAGSLOW 1137 1504 1144 1504
SAGSLOW 1141 1505 1144 1504
SAGSLOW 1139 1505 1144 1504
SAGSLOW 1150 1504 1144 1504
SAGSLOW 1139 1504 1144 1504
SAGSLOW 1142 1505 1144 1504
SAGSLOW 1163 1504 1144 1504
SAGSLOW 1153 1504 1144 1504
SAGSLOW 1144 1505 1145 1504
SAGSLOW 1140 1504 1145 1504
SAGSLOW 1161 1505 1145 1504
SAGSLOW 1152 1505 1145 1504
SAGSLOW 1149 1504 1145 1504
SAGSLOW 1148 1506 1145 1504
SAGSLOW 1146 1504 1145 1504
SAGSLOW 1149 1504 1145 1504
SAGSLOW 1149 1504 1145 1504
SAGSLOW 1141 1504 1145 1504
SAGSLOW 1133 1504 1145 1504
SAGSLOW 1146 1505 1145 1504
SAGSLOW 1149 1505 1145 1504
SAGSLOW 1146 1505 1145 1504
SAGSLOW 1150 1506 1145 1504
SAGSLOW 1150 1505 1145 1504
SAGSLOW 1154 1505 1145 1504
SAGSLOW 1151 1505 1145 1504
SAGSLOW 1145 1505 1145 1504
SAGSLOW 1145 1505 1145 1504
SAGSLOW 1140 1504 1145 1504
SAGSLOW 1150 1504 1145 1504
SAGSLOW 1156 1504 1145 1504
SAGSLOW 1155 1503 1145 1504
SAGSLOW 1150 1505 1145 1504
SAGSLOW 1139 1505 1145 1504
SAGSLOW 1141 1504 1145 1504
SAGSLOW 1145 1504 1145 1505
SAGSLOW 1153 1504 1145 1504
SAGSLOW 1144 1505 1145 1505
SAGSLOW 1158 1504 1146 1505
SAGSLOW 1145 1504 1146 1504
SAGSLOW 1143 1504 1146 1504
SAGSLOW 1144 1504 1146 1504
SAGSLOW 1146 1505 1146 1504
SAGSLOW 1141 1504 1146 1504
SAGSLOW 1147 1504 1145 1504
SAGSLOW 1142 1504 1146 1504
SAGSLOW 1153 1504 1146 1504
SAGSLOW 1150 1504 1146 1504
SAGSLOW 1142 1504 1146 1504
SAGSLOW 1150 1505 1146 1504
SAGSLOW 1146 1504 1146 1504
SAGSLOW 1144 1503 1146 1504
SAGSLOW 1150 1504 1146 1504
SAGSLOW 1145 1503 1146 1504
SAGSLOW 1148 1504 1146 1504
SAGSLOW 1147 1505 1146 1504
SAGSLOW 1149 1504 1146 1504
SAGSLOW 1152 1505 1146 1504
SAGSLOW 1149 1505 1146 1504
SAGSLOW 1151 1505 1147 1504
SAGSLOW 1153 1505 1147 1504
SAGSLOW 1150 1504 1147 1504
SAGSLOW 1145 1504 1147 1504
SAGSLOW 1143 1503 1147 1504
SAGSLOW 1145 1504 1147 1504
SAGSLOW 1145 1504 1147 1504
SAGSLOW 1147 1505 1147 1504
SAGSLOW 1151 1503 1147 1504
SAGSLOW 1146 1505 1147 1504
SAGSLOW 1147 1504 1147 1504
SAGSLOW 1149 1504 1147 1504
SAGSLOW 1141 1505 1147 1504
SAGSLOW 1138 1504 1147 1504
SAGSLOW 1140 1505 1146 1504
SAGSLOW 1151 1503 1146 1504
SAGSLOW 1148 1504 1146 1504
SAGSLOW 1143 1504 1146 1504
SAGSLOW 1145 1505 1146 1504
SAGSLOW 1152 1505 1146 1504
SAGSLOW 1142 1504 1146 1504
SAGSLOW 1144 1504 1146 1504
SAGSLOW 1146 1504 1146 1504
SAGSLOW 1144 1505 1146 1504
SAGSLOW 1151 1505 1146 1504
SAGSLOW 1161 1504 1146 1504
SAGSLOW 1165 1505 1147 1504
SAGSLOW 1159 1504 1147 1504
SAGSLOW 1145 1504 1147 1504
SAGSLOW 1147 1505 1147 1504
SAGSLOW 1148 1505 1147 1504
SAGSLOW 1152 1505 1147 1504
SAGSLOW 1151 1504 1147 1504
SAGSLOW 1146 1504 1147 1504
SAGSLOW 1145 1504 1147 1504
SAGSLOW 1148 1504 1147 1504
SAGSLOW 1144 1505 1147 1504
SAGSLOW 1143 1505 1147 1504
SAGSLOW 1140 1504 1147 1504
SAGSLOW 1138 1505 1147 1504
SAGSLOW 1145 1504 1147 1504
SAGSLOW 1145 1505 1147 1504
SAGSLOW 1141 1504 1147 1504
SAGSLOW 1145 1504 1147 1504
SAGSLOW 1144 1505 1147 1504
SAGSLOW 1142 1506 1146 1504
SAGSLOW 1147 1504 1146 1504
SAGSLOW 1139 1504 1146 1504
SAGSLOW 1151 1505 1146 1504
SAGSLOW 1150 1504 1147 1504
SAGSLOW 1145 1504 1147 1504
SAGSLOW 1147 1505 1147 1504
SAGSLOW 1138 1505 1147 1504
SAGSLOW 1142 1505 1146 1505
SAGSLOW 1152 1504 1146 1504
SAGSLOW 1146 1505 1146 1505
SAGSLOW 1144 1504 1146 1505
SAGSLOW 1144 1505 1146 1504
SAGSLOW 1146 1505 1146 1505
SAGSLOW 1142 1505 1146 1505
SAGSLOW 1145 1504 1146 1505
SAGSLOW 1136 1504 1146 1505
SAGSLOW 1154 1505 1146 1505
SAGSLOW 1142 1505 1146 1505
SAGSLOW 1148 1504 1146 1505
SAGSLOW 1156 1503 1146 1505
SAGSLOW 1158 1504 1146 1504
SAGSLOW 1152 1504 1146 1504
SAGSLOW 1150 1504 1147 1504
SAGSLOW 1153 1504 1147 1504
SAGSLOW 1141 1505 1146 1504
SAGSLOW 1152 1504 1147 1504
SAGSLOW 1160 1505 1147 1504
SAGSLOW 1151 1504 1147 1504
SAGSLOW 1147 1505 1147 1504
SAGSLOW 1145 1504 1147 1504
SAGSLOW 1150 1504 1147 1504
SAGSLOW 1148 1504 1147 1504
SAGSLOW 1148 1505 1147 1504
SAGSLOW 1147 1505 1147 1504
SAGSLOW 1146 1505 1147 1504
SAGSLOW 1138 1505 1147 1504
SAGSLOW 1142 1504 1147 1504
SAGSLOW 1147 1504 1147 1504
SAGSLOW 1155 1504 1147 1504
SAGSLOW 1161 1505 1147 1504
SAGSLOW 1143 1505 1147 1504
SAGSLOW 1144 1504 1147 1504
SAGSLOW 1161 1504 1147 1504
SAGSLOW 1150 1504 1147 1504
SAGSLOW 1140 1505 1147 1504
SAGSLOW 1147 1504 1147 1504
SAGSLOW 1149 1504 1147 1504
SAGSLOW 1151 1505 1147 1504
SAGSLOW 1153 1503 1147 1504
SAGSLOW 1147 1504 1147 1504
SAGSLOW 1147 1505 1147 1504
SAGSLOW 1142 1504 1147 1504
SAGSLOW 1150 1504 1147 1504
SAGSLOW 1150 1505 1147 1504
SAGSLOW 1152 1505 1147 1504
SAGSLOW 1154 1505 1147 1504
SAGSLOW 1151 1504 1147 1504
SAGSLOW 1152 1505 1147 1504
SAGSLOW 1141 1505 1147 1504
SAGSLOW 1153 1504 1148 1504
SAGSLOW 1146 1504 1148 1504
SAGSLOW 1151 1505 1148 1504
SAGSLOW 1146 1504 1148 1504
SAGSLOW 1154 1504 1148 1504
SAGSLOW 1150 1505 1148 1504
SAGSLOW 1143 1505 1148 1504
SAGSLOW 1152 1506 1148 1504
SAGSLOW 1150 1505 1148 1504
SAGSLOW 1151 1506 1148 1504
SAGSLOW 1161 1505 1148 1504
SAGSLOW 1151 1505 1148 1505
SAGSLOW 1158 1505 1148 1505
SAGSLOW 1157 1503 1148 1505
SAGSLOW 1151 1504 1149 1504
SAGSLOW 1158 1504 1149 1504
SAGSLOW 1156 1504 1149 1504
SAGSLOW 1159 1504 1149 1504
SAGSLOW 1152 1506 1149 1504
SAGSLOW 1154 1503 1149 1504
SAGSLOW 1155 1505 1149 1504
SAGSLOW 1161 1504 1149 1504
SAGSLOW 1162 1504 1150 1504
SAGSLOW 1163 1505 1150 1504
SAGSLOW 1158 1504 1150 1504
SAGSLOW 1155 1504 1150 1504
SAGSLOW 1151 1505 1150 1504
SAGSLOW 1153 1504 1150 1504
SAGSLOW 1147 1505 1150 1504
SAGSLOW 1159 1504 1150 1504
SAGSLOW 1154 1505 1150 1504
SAGSLOW 1147 1504 1151 1504
SAGSLOW 1154 1505 1151 1504
SAGSLOW 1160 1503 1151 1504
SAGSLOW 1156 1505 1151 1504
SAGSLOW 1154 1504 1151 1504
SAGSLOW 1158 1504 1151 1504
SAGSLOW 1150 1505 1151 1504
SAGSLOW 1158 1505 1151 1504
SAGSLOW 1160 1504 1151 1504
SAGSLOW 1173 1504 1151 1504
SAGSLOW 1157 1504 1152 1504
SAGSLOW 1159 1505 1152 1504
SAGSLOW 1151 1505 1152 1504
SAGSLOW 1155 1505 1152 1504
SAGSLOW 1160 1504 1152 1504
SAGSLOW 1156 1505 1152 1505
SAGSLOW 1152 1505 1152 1505
SAGSLOW 1157 1504 1152 1505
SAGSLOW 1162 1504 1152 1505
SAGSLOW 1156 1504 1152 1505
SAGSLOW 1164 1504 1152 1505
SAGSLOW 1164 1504 1153 1505
SAGSLOW 1158 1504 1153 1504
SAGSLOW 1159 1505 1153 1504
SAGSLOW 1160 1504 1153 1504
SAGSLOW 1169 1504 1153 1504
SAGSLOW 1165 1504 1153 1504
SAGSLOW 1159 1504 1153 1504
SAGSLOW 1168 1504 1153 1504
SAGSLOW 1162 1504 1154 1504
SAGSLOW 1156 1505 1154 1504
SAGSLOW 1158 1505 1154 1504
SAGSLOW 1157 1504 1154 1504
SAGSLOW 1165 1504 1154 1504
SAGSLOW 1158 1504 1154 1504
SAGSLOW 1148 1504 1154 1504
SAGSLOW 1154 1504 1154 1504
SAGSLOW 1147 1504 1154 1504
SAGSLOW 1157 1504 1154 1504
SAGSLOW 1155 1505 1154 1504
SAGSLOW 1151 1505 1154 1504
SAGSLOW 1158 1505 1154 1504
SAGSLOW 1170 1504 1154 1504
SAGSLOW 1176 1505 1154 1504
SAGSLOW 1162 1505 1155 1504
SAGSLOW 1157 1504 1155 1504
SAGSLOW 1154 1504 1155 1504
SAGSLOW 1165 1504 1155 1504
SAGSLOW 1169 1504 1155 1504
SAGSLOW 1159 1505 1155 1504
SAGSLOW 1157 1504 1155 1504
SAGSLOW 1152 1505 1155 1504
SAGSLOW 1166 1504 1155 1504
SAGSLOW 1160 1504 1155 1504
SAGSLOW 1160 1505 1155 1504
SAGSLOW 1156 1504 1155 1504
SAGSLOW 1165 1504 1155 1504
SAGSLOW 1154 1505 1156 1504
SAGSLOW 1162 1504 1156 1504
SAGSLOW 1155 1505 1156 1504
SAGSLOW 1153 1504 1156 1504
SAGSLOW 1160 1504 1156 1504
SAGSLOW 1160 1505 1156 1504
SAGSLOW 1161 1505 1156 1504
SAGSLOW 1160 1505 1156 1504
SAGSLOW 1161 1504 1156 1504
SAGSLOW 1155 1504 1156 1504
SAGSLOW 1160 1504 1156 1504
SAGSLOW 1153 1504 1156 1504
SAGSLOW 1152 1505 1156 1504
SAGSLOW 1151 1504 1156 1504
SAGSLOW 1141 1504 1156 1504
SAGSLOW 1146 1505 1156 1504
SAGSLOW 1151 1503 1156 1504
SAGSLOW 1149 1503 1156 1504
SAGSLOW 1147 1505 1156 1504
SAGSLOW 1165 1504 1156 1504
SAGSLOW 1147 1504 1156 1504
SAGSLOW 1154 1503 1155 1504
SAGSLOW 1150 1505 1155 1504
SAGSLOW 1155 1504 1155 1504
SAGSLOW 1158 1505 1155 1504
SAGSLOW 1165 1504 1155 1504
SAGSLOW 1164 1505 1155 1504
SAGSLOW 1156 1504 1156 1504
SAGSLOW 1153 1505 1155 1504
SAGSLOW 1150 1504 1155 1504
SAGSLOW 1152 1504 1155 1504
SAGSLOW 1161 1505 1155 1504
SAGSLOW 1160 1505 1156 1504
SAGSLOW 1153 1504 1156 1504
SAGSLOW 1151 1505 1155 1504
SAGSLOW 1151 1504 1155 1504
SAGSLOW 1147 1503 1155 1504
SAGSLOW 1147 1503 1155 1504
SAGSLOW 1158 1505 1155 1504
SAGSLOW 1149 1505 1155 1504
SAGSLOW 1146 1505 1155 1504
SAGSLOW 1160 1505 1155 1504
SAGSLOW 1162 1504 1155 1504
SAGSLOW 1160 1505 1155 1504
SAGSLOW 1151 1505 1155 1504
SAGSLOW 1156 1504 1155 1504
SAGSLOW 1156 1505 1155 1504
SAGSLOW 1150 1505 1155 1504
SAGSLOW 1150 1505 1155 1504
SAGSLOW 1154 1505 1155 1504
SAGSLOW 1156 1503 1155 1504
SAGSLOW 1160 1505 1155 1504
SAGSLOW 1171 1504 1155 1504
SAGSLOW 1160 1504 1155 1504
SAGSLOW 1159 1505 1155 1504
SAGSLOW 1159 1504 1155 1504
SAGSLOW 1151 1504 1155 1504
SAGSLOW 1154 1504 1155 1504
SAGSLOW 1153 1505 1155 1504
SAGSLOW 1161 1504 1155 1504
SAGSLOW 1157 1505 1155 1504
SAGSLOW 1147 1505 1155 1504
SAGSLOW 1152 1503 1155 1504
SAGSLOW 1147 1504 1155 1504
SAGSLOW 1151 1505 1155 1504
SAGSLOW 1156 1505 1155 1504
SAGSLOW 1155 1504 1155 1504
SAGSLOW 1149 1503 1155 1504
SAGSLOW 1151 1504 1155 1504
SAGSLOW 1166 1504 1155 1504
SAGSLOW 1164 1504 1155 1504
SAGSLOW 1165 1504 1155 1504
SAGSLOW 1171 1504 1155 1504
SAGSLOW 1164 1504 1155 1504
SAGSLOW 1163 1505 1155 1504
SAGSLOW 1154 1505 1155 1504
SAGSLOW 1151 1503 1155 1504
SAGSLOW 1156 1504 1155 1504
SAGSLOW 1168 1505 1155 1504
SAGSLOW 1159 1504 1156 1504
SAGSLOW 1156 1505 1156 1504
SAGSLOW 1156 1504 1156 1504
SAGSLOW 1168 1503 1156 1504
SAGSLOW 1169 1504 1156 1504
SAGSLOW 1166 1504 1156 1504
SAGSLOW 1166 1504 1156 1504
SAGSLOW 1167 1504 1156 1504
SAGSLOW 1163 1505 1156 1504
SAGSLOW 1159 1504 1156 1504
SAGSLOW 1156 1505 1156 1504
SAGSLOW 1155 1504 1156 1504
SAGSLOW 1154 1504 1156 1504
SAGSLOW 1161 1505 1156 1504
SAGSLOW 1160 1504 1156 1504
SAGSLOW 1156 1504 1157 1504
SAGSLOW 1162 1505 1157 1504
SAGSLOW 1161 1505 1157 1504
SAGSLOW 1170 1504 1157 1504
SAGSLOW 1170 1505 1157 1504
SAGSLOW 1153 1505 1157 1504
SAGSLOW 1153 1504 1157 1504
SAGSLOW 1172 1504 1157 1504
SAGSLOW 1164 1504 1157 1504
SAGSLOW 1157 1504 1157 1504
SAGSLOW 1165 1503 1157 1504
SAGSLOW 1166 1504 1157 1504
SAGSLOW 1161 1504 1157 1504
SAGSLOW 1157 1504 1157 1504
SAGSLOW 1165 1505 1157 1504
SAGSLOW 1159 1506 1158 1504
SAGSLOW 1156 1503 1158 1504
SAGSLOW 1162 1504 1158 1504
SAGSLOW 1165 1504 1158 1504
SAGSLOW 1158 1504 1158 1504
SAGSLOW 1157 1504 1158 1504
SAGSLOW 1162 1504 1158 1504
SAGSLOW 1169 1504 1158 1504
SAGSLOW 1167 1505 1158 1504
SAGSLOW 1159 1505 1158 1504
SAGSLOW 1163 1504 1158 1504
SAGSLOW 1156 1504 1158 1504
SAGSLOW 1155 1504 1158 1504
SAGSLOW 1153 1504 1158 1504
SAGSLOW 1151 1504 1158 1504
SAGSLOW 1153 1505 1158 1504
SAGSLOW 1162 1505 1158 1504
SAGSLOW 1168 1504 1158 1504
SAGSLOW 1165 1505 1158 1504
SAGSLOW 1157 1504 1158 1504
SAGSLOW 1166 1505 1158 1504
SAGSLOW 1160 1504 1158 1504
SAGSLOW 1169 1504 1158 1504
SAGSLOW 1169 1505 1158 1504
SAGSLOW 1165 1505 1159 1504
SAGSLOW 1159 1505 1159 1504
SAGSLOW 1156 1504 1159 1504
SAGSLOW 1167 1505 1159 1504
SAGSLOW 1164 1504 1159 1504
SAGSLOW 1165 1504 1159 1504
SAGSLOW 1165 1503 1159 1504
SAGSLOW 1166 1504 1159 1504
SAGSLOW 1160 1503 1159 1504
SAGSLOW 1158 1504 1159 1504
SAGSLOW 1151 1505 1159 1504
SAGSLOW 1158 1503 1160 1504
SAGSLOW 1171 1504 1160 1504
SAGSLOW 1157 1505 1160 1504
SAGSLOW 1166 1504 1160 1504
SAGSLOW 1157 1504 1160 1504
SAGSLOW 1161 1504 1160 1504
SAGSLOW 1163 1504 1160 1504
SAGSLOW 1158 1504 1160 1504
SAGSLOW 1146 1505 1160 1504
SAGSLOW 1154 1505 1160 1504
SAGSLOW 1146 1505 1159 1504
SAGSLOW 1159 1504 1159 1504
SAGSLOW 1162 1505 1159 1504
SAGSLOW 1159 1505 1159 1504
SAGSLOW 1152 1504 1159 1504
SAGSLOW 1153 1504 1159 1504
SAGSLOW 1162 1505 1159 1504
SAGSLOW 1158 1505 1159 1504
SAGSLOW 1162 1504 1159 1504
SAGSLOW 1157 1505 1159 1504
SAGSLOW 1167 1505 1159 1504
SAGSLOW 1159 1504 1159 1504
SAGSLOW 1146 1504 1159 1504
SAGSLOW 1152 1505 1159 1504
SAGSLOW 1156 1505 1159 1504
SAGSLOW 1158 1505 1159 1504
SAGSLOW 1163 1505 1159 1504
SAGSLOW 1155 1505 1159 1504
SAGSLOW 1164 1505 1159 1504
SAGSLOW 1155 1504 1159 1504
SAGSLOW 1159 1504 1159 1504
SAGSLOW 1159 1505 1159 1504
SAGSLOW 1150 1504 1159 1504
SAGSLOW 1158 1505 1159 1504
SAGSLOW 1160 1504 1158 1504
SAGSLOW 1151 1504 1158 1504
SAGSLOW 1149 1505 1158 1504
SAGSLOW 1160 1504 1158 1504
SAGSLOW 1172 1505 1158 1504
SAGSLOW 1164 1505 1158 1504
SAGSLOW 1163 1505 1158 1504
SAGSLOW 1150 1504 1158 1504
SAGSLOW 1150 1504 1158 1504
SAGSLOW 1153 1504 1158 1504
SAGSLOW 1157 1505 1158 1504
SAGSLOW 1160 1504 1158 1504
SAGSLOW 1155 1505 1158 1504
SAGSLOW 1159 1504 1158 1504
SAGSLOW 1155 1505 1158 1504
SAGSLOW 1150 1504 1158 1504
SAGSLOW 1156 1504 1158 1504
SAGSLOW 1152 1505 1158 1504
SAGSLOW 1152 1505 1158 1504
SAGSLOW 1154 1505 1157 1504
SAGSLOW 1157 1504 1157 1504
SAGSLOW 1152 1504 1157 1504
SAGSLOW 1154 1504 1157 1504
SAGSLOW 1158 1503 1157 1504
SAGSLOW 1166 1504 1157 1504
SAGSLOW 1155 1504 1157 1504
SAGSLOW 1153 1505 1157 1504
SAGSLOW 1150 1505 1157 1504
SAGSLOW 1149 1506 1157 1504
SAGSLOW 1149 1504 1157 1504
SAGSLOW 1151 1505 1157 1504
SAGSLOW 1161 1505 1157 1504
SAGSLOW 1162 1504 1157 1504
SAGSLOW 1152 1504 1157 1504
SAGSLOW 1152 1504 1157 1504
SAGSLOW 1147 1504 1156 1504
SAGSLOW 1153 1503 1156 1504
SAGSLOW 1151 1505 1156 1504
SAGSLOW 1147 1505 1156 1504
SAGSLOW 1151 1504 1156 1504
SAGSLOW 1147 1505 1156 1504
SAGSLOW 1156 1505 1156 1504
SAGSLOW 1158 1505 1156 1504
SAGSLOW 1149 1504 1156 1504
SAGSLOW 1159 1505 1156 1504
SAGSLOW 1155 1505 1156 1504
SAGSLOW 1148 1504 1156 1504
SAGSLOW 1149 1505 1155 1504
SAGSLOW 1154 1504 1155 1504
SAGSLOW 1149 1504 1155 1504
SAGSLOW 1144 1505 1155 1504
SAGSLOW 1144 1504 1155 1504
SAGSLOW 1147 1504 1155 1504
SAGSLOW 1146 1505 1155 1504
SAGSLOW 1152 1505 1155 1504
SAGSLOW 1155 1505 1155 1504
SAGSLOW 1149 1505 1154 1504
SAGSLOW 1149 1505 1154 1504
SAGSLOW 1146 1505 1154 1504
SAGSLOW 1147 1505 1154 1504
SAGSLOW 1149 1505 1154 1504
SAGSLOW 1148 1504 1154 1504
SAGSLOW 1146 1505 1154 1504
SAGSLOW 1149 1505 1154 1504
SAGSLOW 1146 1505 1154 1504
SAGSLOW 1140 1504 1153 1504
SAGSLOW 1146 1504 1153 1504
SAGSLOW 1140 1504 1153 1504
SAGSLOW 1141 1505 1153 1504
SAGSLOW 1145 1505 1153 1504
SAGSLOW 1154 1504 1153 1504
SAGSLOW 1151 1505 1153 1504
SAGSLOW 1150 1504 1153 1504
SAGSLOW 1148 1505 1153 1504
SAGSLOW 1149 1504 1153 1504
SAGSLOW 1147 1504 1153 1504
SAGSLOW 1153 1505 1153 1504
SAGSLOW 1148 1505 1152 1504
SAGSLOW 1153 1504 1152 1504
SAGSLOW 1152 1504 1152 1504
SAGSLOW 1149 1504 1152 1504
SAGSLOW 1151 1504 1152 1504
SAGSLOW 1153 1504 1152 1504
SAGSLOW 1146 1504 1152 1504
SAGSLOW 1150 1505 1152 1504
SAGSLOW 1144 1504 1152 1504
SAGSLOW 1148 1505 1152 1504
SAGSLOW 1144 1505 1152 1504
SAGSLOW 1144 1505 1152 1504
SAGSLOW 1147 1505 1151 1504
SAGSLOW 1143 1504 1151 1504
SAGSLOW 1159 1504 1151 1504
SAGSLOW 1147 1503 1151 1504
SAGSLOW 1152 1504 1151 1504
SAGSLOW 1157 1503 1151 1504
SAGSLOW 1153 1504 1151 1504
SAGSLOW 1148 1504 1151 1504
SAGSLOW 1147 1504 1151 1504
SAGSLOW 1138 1505 1151 1504
SAGSLOW 1148 1504 1151 1504
SAGSLOW 1149 1505 1151 1504
SAGSLOW 1153 1504 1151 1504
SAGSLOW 1147 1504 1151 1504
SAGSLOW 1140 1505 1151 1504
SAGSLOW 1146 1505 1151 1504
SAGSLOW 1145 1505 1151 1504
SAGSLOW 1149 1505 1150 1504
SAGSLOW 1148 1504 1151 1504
SAGSLOW 1153 1504 1150 1504
SAGSLOW 1155 1504 1151 1504
SAGSLOW 1145 1505 1151 1504
SAGSLOW 1143 1505 1150 1504
SAGSLOW 1138 1505 1150 1504
SAGSLOW 1146 1505 1150 1504
SAGSLOW 1138 1505 1150 1504
SAGSLOW 1146 1504 1150 1504
SAGSLOW 1147 1504 1150 1504
SAGSLOW 1155 1503 1150 1504
SAGSLOW 1144 1505 1150 1504
SAGSLOW 1146 1504 1150 1504
SAGSLOW 1138 1505 1150 1504
SAGSLOW 1143 1504 1149 1504
SAGSLOW 1142 1505 1149 1504
SAGSLOW 1134 1505 1149 1504
SAGSLOW 1141 1503 1149 1504
SAGSLOW 1147 1504 1149 1504
SAGSLOW 1145 1504 1149 1504
SAGSLOW 1145 1503 1149 1504
SAGSLOW 1152 1504 1149 1504
SAGSLOW 1142 1505 1149 1504
SAGSLOW 1147 1504 1149 1504
SAGSLOW 1163 1504 1149 1504
SAGSLOW 1157 1505 1149 1504
SAGSLOW 1152 1505 1149 1504
SAGSLOW 1149 1504 1149 1504
SAGSLOW 1154 1504 1149 1504
SAGSLOW 1153 1505 1149 1504
SAGSLOW 1154 1504 1149 1504
SAGSLOW 1155 1504 1149 1504
SAGSLOW 1148 1503 1149 1504
SAGSLOW 1140 1505 1149 1504
SAGSLOW 1142 1504 1149 1504
SAGSLOW 1142 1505 1149 1504
SAGSLOW 1136 1504 1149 1504
SAGSLOW 1137 1505 1149 1504
SAGSLOW 1163 1505 1149 1504
SAGSLOW 1172 1505 1149 1504
SAGSLOW 1160 1505 1149 1504
SAGSLOW 1145 1504 1149 1504
SAGSLOW 1152 1505 1149 1504
SAGSLOW 1143 1505 1149 1505
SAGSLOW 1142 1505 1149 1504
SAGSLOW 1134 1505 1149 1504
SAGSLOW 1139 1504 1149 1504
SAGSLOW 1145 1504 1149 1504
SAGSLOW 1146 1503 1148 1504
SAGSLOW 1150 1505 1148 1504
SAGSLOW 1162 1505 1149 1504
SAGSLOW 1145 1504 1149 1504
SAGSLOW 1132 1505 1149 1504
SAGSLOW 1148 1504 1148 1504
SAGSLOW 1147 1505 1148 1504
SAGSLOW 1139 1504 1148 1504
SAGSLOW 1140 1503 1148 1504
SAGSLOW 1148 1504 1148 1504
SAGSLOW 1148 1504 1148 1504
SAGSLOW 1138 1504 1148 1504
SAGSLOW 1141 1505 1148 1504
SAGSLOW 1134 1505 1148 1504
SAGSLOW 1136 1505 1148 1504
SAGSLOW 1146 1505 1148 1504
SAGSLOW 1141 1505 1147 1504
SAGSLOW 1152 1504 1147 1504
SAGSLOW 1156 1504 1147 1504
SAGSLOW 1140 1505 1147 1504
SAGSLOW 1143 1504 1147 1504
SAGSLOW 1135 1506 1147 1504
SAGSLOW 1134 1504 1147 1504
SAGSLOW 1133 1505 1147 1504
SAGSLOW 1142 1504 1147 1504
SAGSLOW 1138 1504 1147 1504
SAGSLOW 1150 1504 1147 1504
SAGSLOW 1161 1504 1147 1504
SAGSLOW 1146 1504 1147 1504
SAGSLOW 1136 1505 1147 1504
SAGSLOW 1140 1504 1147 1504
SAGSLOW 1140 1505 1146 1504
SAGSLOW 1145 1504 1146 1504
SAGSLOW 1145 1505 1146 1504
SAGSLOW 1146 1504 1146 1504
SAGSLOW 1146 1505 1146 1504
SAGSLOW 1152 1505 1146 1504
SAGSLOW 1144 1504 1146 1504
SAGSLOW 1147 1504 1146 1504
SAGSLOW 1143 1504 1146 1504
SAGSLOW 1143 1505 1146 1504
SAGSLOW 1142 1504 1146 1504
SAGSLOW 1144 1506 1146 1504
SAGSLOW 1135 1505 1146 1504
SAGSLOW 1149 1505 1146 1504
SAGSLOW 1150 1505 1146 1504
SAGSLOW 1152 1504 1146 1504
SAGSLOW 1140 1505 1146 1504
SAGSLOW 1146 1503 1146 1504
SAGSLOW 1146 1504 1146 1504
SAGSLOW 1156 1504 1146 1504
SAGSLOW 1148 1505 1146 1504
SAGSLOW 1140 1503 1146 1504
SAGSLOW 1150 1505 1146 1504
SAGSLOW 1150 1504 1146 1504
SAGSLOW 1155 1504 1146 1504
SAGSLOW 1149 1505 1146 1504
SAGSLOW 1153 1505 1146 1504
SAGSLOW 1150 1504 1146 1504
SAGSLOW 1141 1504 1146 1504
SAGSLOW 1136 1505 1146 1504
SAGSLOW 1149 1505 1146 1504
SAGSLOW 1150 1504 1146 1504
SAGSLOW 1168 1504 1146 1504
SAGSLOW 1158 1505 1147 1504
SAGSLOW 1149 1503 1147 1504
SAGSLOW 1142 1505 1147 1504
SAGSLOW 1141 1504 1147 1504
SAGSLOW 1150 1505 1147 1504
SAGSLOW 1148 1505 1147 1504
SAGSLOW 1151 1503 1147 1504
SAGSLOW 1152 1504 1147 1504
SAGSLOW 1156 1504 1147 1504
SAGSLOW 1144 1504 1147 1504
SAGSLOW 1142 1505 1147 1504
SAGSLOW 1142 1505 1147 1504
SAGSLOW 1141 1505 1147 1505
SAGSLOW 1146 1503 1147 1504
SAGSLOW 1153 1505 1147 1505
SAGSLOW 1150 1504 1147 1505
SAGSLOW 1157 1505 1147 1504
SAGSLOW 1145 1505 1147 1504
SAGSLOW 1143 1503 1147 1504
SAGSLOW 1149 1504 1147 1504
SAGSLOW 1142 1505 1147 1504
SAGSLOW 1135 1504 1147 1504
SAGSLOW 1143 1503 1147 1504
SAGSLOW 1155 1504 1147 1504
SAGSLOW 1162 1504 1147 1504
SAGSLOW 1159 1505 1147 1504
SAGSLOW 1156 1505 1147 1504
SAGSLOW 1153 1504 1147 1504
SAGSLOW 1144 1504 1147 1504
SAGSLOW 1153 1504 1147 1504
SAGSLOW 1147 1505 1147 1504
SAGSLOW 1152 1504 1148 1504
SAGSLOW 1152 1504 1148 1504
SAGSLOW 1156 1503 1148 1504
SAGSLOW 1150 1504 1148 1504
SAGSLOW 1149 1504 1148 1504
SAGSLOW 1149 1504 1148 1504
SAGSLOW 1159 1503 1148 1504
SAGSLOW 1153 1504 1148 1504
SAGSLOW 1142 1504 1148 1504
SAGSLOW 1151 1504 1148 1504
SAGSLOW 1161 1505 1148 1504
SAGSLOW 1164 1504 1148 1504
SAGSLOW 1163 1504 1148 1504
SAGSLOW 1149 1504 1149 1504
SAGSLOW 1159 1505 1149 1504
SAGSLOW 1154 1505 1149 1504
SAGSLOW 1151 1504 1149 1504
SAGSLOW 1152 1505 1149 1504
SAGSLOW 1147 1504 1149 1504
SAGSLOW 1146 1504 1149 1504
SAGSLOW 1154 1504 1149 1504
SAGSLOW 1147 1502 1149 1504
SAGSLOW 1156 1504 1149 1504
SAGSLOW 1154 1505 1149 1504
SAGSLOW 1152 1505 1149 1504
SAGSLOW 1161 1504 1149 1504
SAGSLOW 1158 1503 1150 1504
SAGSLOW 1153 1506 1150 1504
SAGSLOW 1153 1504 1150 1504
SAGSLOW 1158 1505 1150 1504
SAGSLOW 1162 1506 1150 1504
SAGSLOW 1162 1504 1150 1504
SAGSLOW 1158 1504 1150 1504
SAGSLOW 1150 1504 1150 1504
SAGSLOW 1157 1504 1150 1504
SAGSLOW 1162 1505 1151 1504
SAGSLOW 1159 1504 1151 1504
SAGSLOW 1151 1504 1151 1504
SAGSLOW 1154 1505 1151 1504
SAGSLOW 1153 1504 1151 1504
SAGSLOW 1160 1505 1151 1504
SAGSLOW 1153 1505 1151 1504
SAGSLOW 1160 1504 1151 1504
SAGSLOW 1163 1504 1151 1504
SAGSLOW 1156 1504 1151 1504
SAGSLOW 1160 1504 1152 1504
SAGSLOW 1158 1505 1152 1504
SAGSLOW 1158 1504 1152 1504
SAGSLOW 1165 1505 1152 1504
SAGSLOW 1158 1504 1152 1504
SAGSLOW 1153 1505 1152 1504
SAGSLOW 1152 1504 1152 1504
SAGSLOW 1154 1505 1152 1504
SAGSLOW 1155 1504 1152 1504
SAGSLOW 1156 1505 1152 1504
SAGSLOW 1162 1505 1152 1504
SAGSLOW 1166 1504 1153 1504
SAGSLOW 1159 1504 1153 1504
SAGSLOW 1168 1505 1153 1504
SAGSLOW 1160 1505 1153 1504
SAGSLOW 1163 1505 1153 1504
SAGSLOW 1159 1504 1153 1504
SAGSLOW 1156 1505 1153 1504
SAGSLOW 1153 1505 1153 1504
SAGSLOW 1159 1504 1153 1504
SAGSLOW 1154 1505 1153 1504
SAGSLOW 1160 1504 1153 1504
SAGSLOW 1157 1504 1154 1504
SAGSLOW 1163 1504 1154 1504
SAGSLOW 1160 1504 1154 1504
SAGSLOW 1157 1503 1154 1504
SAGSLOW 1170 1505 1154 1504
SAGSLOW 1159 1504 1154 1504
SAGSLOW 1156 1505 1154 1504
SAGSLOW 1154 1505 1154 1504
SAGSLOW 1151 1504 1154 1504
SAGSLOW 1153 1505 1154 1504
SAGSLOW 1155 1504 1154 1504
SAGSLOW 1164 1505 1154 1504
SAGSLOW 1169 1505 1154 1504
SAGSLOW 1162 1505 1155 1504
SAGSLOW 1158 1503 1155 1504
SAGSLOW 1153 1506 1155 1504
SAGSLOW 1150 1504 1155 1504
SAGSLOW 1143 1504 1155 1504
SAGSLOW 1155 1503 1155 1504
SAGSLOW 1153 1503 1154 1504
SAGSLOW 1150 1505 1154 1504
SAGSLOW 1150 1505 1154 1504
SAGSLOW 1148 1505 1154 1504
SAGSLOW 1155 1503 1154 1504
SAGSLOW 1157 1505 1154 1504
SAGSLOW 1158 1505 1154 1504
SAGSLOW 1149 1505 1154 1504
SAGSLOW 1154 1505 1154 1504
SAGSLOW 1157 1504 1154 1504
SAGSLOW 1165 1505 1154 1504
SAGSLOW 1160 1505 1154 1504
SAGSLOW 1160 1505 1155 1504
SAGSLOW 1157 1505 1155 1504
SAGSLOW 1158 1505 1155 1504
SAGSLOW 1157 1505 1155 1504
SAGSLOW 1163 1506 1155 1504
SAGSLOW 1155 1505 1155 1504
SAGSLOW 1153 1505 1155 1504
SAGSLOW 1152 1505 1155 1504
SAGSLOW 1150 1505 1155 1504
SAGSLOW 1148 1504 1154 1504
SAGSLOW 1152 1505 1154 1504
SAGSLOW 1153 1505 1154 1504
SAGSLOW 1156 1505 1154 1504
SAGSLOW 1155 1504 1154 1504
SAGSLOW 1159 1504 1154 1504
SAGSLOW 1156 1504 1154 1504
SAGSLOW 1159 1505 1154 1504
SAGSLOW 1161 1506 1154 1504
SAGSLOW 1152 1504 1155 1504
SAGSLOW 1156 1505 1155 1504
SAGSLOW 1159 1505 1155 1504
SAGSLOW 1159 1504 1155 1504
SAGSLOW 1166 1504 1155 1504
SAGSLOW 1161 1505 1155 1504
SAGSLOW 1160 1505 1155 1504
SAGSLOW 1159 1505 1155 1504
SAGSLOW 1162 1505 1155 1504
SAGSLOW 1165 1504 1155 1504
SAGSLOW 1160 1505 1156 1504
SAGSLOW 1168 1505 1156 1504
SAGSLOW 1165 1505 1156 1504
SAGSLOW 1158 1504 1156 1504
SAGSLOW 1156 1505 1156 1504
SAGSLOW 1157 1504 1156 1504
SAGSLOW 1150 1505 1156 1504
SAGSLOW 1159 1504 1156 1504
SAGSLOW 1153 1504 1156 1504
SAGSLOW 1156 1505 1156 1504
SAGSLOW 1160 1504 1156 1504
SAGSLOW 1159 1504 1156 1504
SAGSLOW 1156 1504 1156 1504
SAGSLOW 1159 1504 1156 1504
SAGSLOW 1160 1504 1156 1504
SAGSLOW 1156 1504 1156 1504
SAGSLOW 1149 1505 1156 1504
SAGSLOW 1159 1505 1156 1504
SAGSLOW 1153 1504 1156 1504
SAGSLOW 1163 1505 1156 1504
SAGSLOW 1156 1505 1156 1504
SAGSLOW 1157 1504 1157 1504
SAGSLOW 1159 1505 1157 1504
SAGSLOW 1154 1505 1157 1504
SAGSLOW 1162 1504 1157 1504
SAGSLOW 1158 1503 1157 1504
SAGSLOW 1166 1504 1157 1504
SAGSLOW 1169 1504 1157 1504
SAGSLOW 1159 1506 1157 1504
SAGSLOW 1162 1504 1157 1504
SAGSLOW 1160 1504 1157 1504
SAGSLOW 1164 1505 1157 1504
SAGSLOW 1153 1505 1157 1504
SAGSLOW 1158 1505 1157 1504
SAGSLOW 1158 1505 1157 1504
SAGSLOW 1156 1504 1157 1504
SAGSLOW 1154 1504 1157 1504
SAGSLOW 1163 1505 1157 1504
SAGSLOW 1159 1503 1157 1504
SAGSLOW 1160 1505 1157 1504
SAGSLOW 1154 1504 1157 1504
SAGSLOW 1160 1505 1157 1504
SAGSLOW 1161 1505 1157 1504
SAGSLOW 1156 1504 1157 1504
SAGSLOW 1160 1504 1157 1504
SAGSLOW 1156 1505 1157 1504
SAGSLOW 1148 1505 1157 1504
SAGSLOW 1163 1505 1157 1504
SAGSLOW 1155 1504 1157 1504
SAGSLOW 1154 1504 1157 1504
SAGSLOW 1156 1504 1157 1504
SAGSLOW 1158 1504 1157 1504
SAGSLOW 1161 1505 1157 1504
SAGSLOW 1157 1504 1157 1504
SAGSLOW 1161 1505 1157 1504
SAGSLOW 1154 1504 1157 1504
SAGSLOW 1155 1505 1157 1504
SAGSLOW 1149 1505 1157 1504
SAGSLOW 1159 1504 1157 1504
SAGSLOW 1154 1504 1157 1504
SAGSLOW 1153 1504 1157 1504
SAGSLOW 1154 1503 1157 1504
SAGSLOW 1153 1505 1157 1504
SAGSLOW 1162 1504 1157 1504
SAGSLOW 1159 1505 1157 1504
SAGSLOW 1160 1505 1157 1504
SAGSLOW 1157 1505 1157 1504
SAGSLOW 1157 1505 1157 1504
SAGSLOW 1162 1505 1157 1504
SAGSLOW 1160 1505 1157 1504
SAGSLOW 1164 1506 1157 1504
SAGSLOW 1165 1504 1157 1504
SAGSLOW 1169 1504 1157 1504
SAGSLOW 1169 1505 1157 1504
SAGSLOW 1167 1504 1158 1504
SAGSLOW 1163 1504 1158 1504
SAGSLOW 1159 1504 1158 1504
SAGSLOW 1158 1504 1158 1504
SAGSLOW 1157 1504 1158 1504
SAGSLOW 1152 1504 1158 1504
SAGSLOW 1158 1504 1158 1504
SAGSLOW 1157 1504 1158 1504
SAGSLOW 1154 1504 1158 1504
SAGSLOW 1155 1505 1158 1504
SAGSLOW 1152 1504 1158 1504
SAGSLOW 1153 1503 1158 1504
SAGSLOW 1157 1504 1158 1504
SAGSLOW 1156 1504 1158 1504
SAGSLOW 1150 1505 1158 1504
SAGSLOW 1146 1505 1157 1504
SAGSLOW 1150 1504 1157 1504
SAGSLOW 1158 1504 1157 1504
SAGSLOW 1162 1505 1157 1504
SAGSLOW 1160 1505 1157 1504
SAGSLOW 1164 1504 1157 1504
SAGSLOW 1171 1505 1158 1504
SAGSLOW 1169 1505 1158 1504
SAGSLOW 1161 1504 1158 1504
SAGSLOW 1161 1505 1158 1504
SAGSLOW 1157 1504 1158 1504
SAGSLOW 1150 1504 1158 1504
SAGSLOW 1152 1504 1158 1504
SAGSLOW 1154 1503 1158 1504
SAGSLOW 1159 1505 1157 1504
SAGSLOW 1153 1505 1157 1504
SAGSLOW 1150 1505 1157 1504
SAGSLOW 1158 1504 1157 1504
SAGSLOW 1146 1505 1157 1504
SAGSLOW 1151 1505 1157 1504
SAGSLOW 1159 1504 1157 1504
SAGSLOW 1150 1505 1157 1504
SAGSLOW 1164 1504 1157 1504
SAGSLOW 1154 1504 1157 1504
SAGSLOW 1152 1504 1157 1504
SAGSLOW 1144 1505 1157 1504
SAGSLOW 1152 1504 1157 1504
SAGSLOW 1158 1504 1157 1504
SAGSLOW 1161 1504 1157 1504
SAGSLOW 1162 1505 1157 1504
SAGSLOW 1149 1504 1157 1504
SAGSLOW 1155 1505 1157 1504
SAGSLOW 1155 1504 1157 1504
SAGEND
