# elf_crc32 63C0061D
# elf_sha256 828501C1596B3C1425F3D77CCE5AAEBDE343D25109FC0F7F0BACBA965B74D8D5
# started 2026-09-24T08:26:21
BEMFRUN handoff_ehz=200 target_duty_tenths=500 advance_level=22 total_ms=80000 inject=0
PREFLIGHT moe=0 ccr1=0 ccr2=0 ccr3=0 gates_low=1 en=0 nfault=1 verdict=PASS
POSTSTOP
PREFLIGHT moe=0 ccr1=0 ccr2=0 ccr3=0 gates_low=1 en=0 nfault=1 verdict=PASS
BEMFDONE reason=2 accepted=839906 forced=0 zc_acc=841292 too_early=0 unstable=1458795 ci_us=80 bus_ref=1215 bus_min=1050
BEMFSAG ref_bus=1215 ref_vref=1504 filt_bus=1130 filt_vref=1504 streak=0 tripped=0
BEMFGATE closed_ms=74774 hold_ms=54774 target_tenths=500 zc_per_s=11232 comm_per_s=11232 ehz_from_ci_last=2083 forced_pct=0
BEMFRATE hold_ms=54774 hold_accepted=681493 hold_forced=0 mean_ci_us=80 mean_sector_us=80 ehz_from_sector=2083 zc_per_s=12441 zc_expected_per_s=12500 zc_rate_permille_of_expected=995 hold_forced_pct=0
BEMFTAIL accepts=34197 span_us=2773725 start_before_stop_us=2773865 end_before_stop_us=140 window_us=2000000
BEMFRCOMP spent_max_us=11 late_arms=0 com_preempts=0 com_arm_preempts=0
BEMFSECTOR a1=65535 f1=0 a2=65535 f2=0 a3=65535 f3=0 a4=65535 f4=0 a5=65535 f5=0 a6=65535 f6=0
BEMFPHASE lt075=26922 to100=65535 to125=65535 to150=16534 gt150=3122
BEMFREVISIT r1=30183 v1=11755 r2=27526 v2=13878 r3=23122 v3=16543 r4=40376 v4=15709 r5=17734 v5=11804 r6=34753 v6=19774
BEMFDRIVEN entered=1 epochs=22 accepts=13 early=14 unstable=299 defers=1 retries=0 late_max_us=16 qual_intervals=12 qual_reanchors=0 qual_fault=0 fail=0 seeded=1 seed_step=4 seed_us=804 commanded_us=833 irq_peak_per_ms=56 closed_irq_peak_per_ms=62 storm=0 storm_step=0 cap_armed=1 comp_call_max_us=16 overrun=0 blank_arms=841292 blank_latched=0 com_count=841293 com_late_max_us=10
BEMFGUARD reason=0 ticks=786939 gap_max_us=105 track_fault=0 track_max_us=240 fast_events=832519 fast_min_us=42 loop_iters_closed=2391689 loop_gap_max_us=168 acquire_us=18070
BEMFDRVROWS 10:4:8396:729 11:5:791:734 12:6:661:581 13:1:766:508 14:2:636:317 15:3:775:245 16:4:622:41 17:5:817:17
BEMFDRVROWS 18:6:884:79 19:1:786:13 20:2:814:20 21:3:833:14 22:4:1274:446
BEMFCURRENT blocks=7869 mean_residual=10435 mean_ma=1310 hold_blocks=5423 hold_ma=1652 zero_blocks=50 zero_start=618075 zero_end=616309 zero_drift_ma=-221 ref_ma=326 duty_tenths=500 ceiling_tenths=500 worst_residual=17251 worst_ma=2166
BEMFWITNESS samples=118957 bemf_min=0 bemf_max=0 mid=0 mid_fixed=0 alt=0 hyst_codes=12 driven_rotation=0
vsenc_min=0 vsenc_max=0 star_min=0 star_max=0 bus_ref=1215
BEMFCOAST reason=2 pp_first=0 pp_last=0 crossings=0 spun=1 comp_edges=1721 comp_hi=361077 comp_polls=551597
COASTTIMING trans=1335 offset_us=38 first_us=227 iv_us=247,240,249,237,246,240,249,240 ehz_first=2024
SAGSNAP judged=786907 fast_len=512 slow_len=1024 slow_every=32 frozen=1 num=95 den=100 streak_to_latch=3 adc_rail=4095
SAGROW 25747 1132 1505 1128 1504 0 2 500 119
SAGROW 25894 1131 1505 1128 1504 0 4 500 102
SAGROW 25977 1132 1504 1128 1504 0 5 500 111
SAGROW 26060 1133 1504 1128 1504 0 6 500 114
SAGROW 26161 1132 1505 1128 1504 0 2 500 49
SAGROW 26253 1131 1504 1128 1504 0 3 500 57
SAGROW 26384 1132 1504 1128 1504 0 4 500 107
SAGROW 26468 1134 1504 1128 1504 0 6 500 43
SAGROW 26572 1133 1504 1128 1504 0 1 500 60
SAGROW 26658 1135 1505 1128 1504 0 2 500 66
SAGROW 26785 1134 1505 1128 1504 0 3 500 110
SAGROW 26881 1134 1505 1128 1504 0 5 500 40
SAGROW 26959 1133 1505 1128 1504 0 6 500 119
SAGROW 27083 1133 1505 1128 1504 0 1 500 75
SAGROW 27190 1133 1505 1128 1504 0 2 500 101
SAGROW 27267 1132 1505 1128 1504 0 3 500 108
SAGROW 27367 1133 1505 1128 1504 0 5 500 47
SAGROW 27482 1131 1505 1128 1504 0 6 500 79
SAGROW 27591 1132 1504 1128 1504 0 1 500 104
SAGROW 27692 1130 1505 1128 1504 0 2 500 123
SAGROW 27787 1130 1504 1128 1504 0 4 500 127
SAGROW 27869 1131 1504 1128 1504 0 5 500 50
SAGROW 27995 1129 1504 1128 1504 0 6 500 101
SAGROW 28085 1128 1504 1128 1504 0 1 500 116
SAGROW 28176 1126 1504 1128 1504 0 3 500 44
SAGROW 28305 1126 1504 1128 1504 0 4 500 91
SAGROW 28375 1125 1504 1128 1504 0 5 500 55
SAGROW 28481 1127 1504 1128 1504 0 6 500 100
SAGROW 28576 1125 1504 1128 1504 0 2 500 48
SAGROW 28689 1125 1504 1128 1504 0 3 500 77
SAGROW 28808 1126 1503 1128 1504 0 4 500 113
SAGROW 28891 1126 1503 1128 1504 0 5 500 114
SAGROW 28998 1125 1503 1128 1504 0 1 500 55
SAGROW 29104 1126 1503 1128 1504 0 2 500 79
SAGROW 29216 1126 1503 1128 1504 0 3 500 106
SAGROW 29298 1126 1503 1128 1504 0 4 500 111
SAGROW 29399 1126 1503 1128 1504 0 6 500 58
SAGROW 29493 1127 1503 1128 1504 0 1 500 68
SAGROW 29602 1125 1504 1128 1504 0 2 500 93
SAGROW 29729 1125 1504 1128 1504 0 4 500 53
SAGROW 29813 1128 1504 1128 1504 0 4 500 142
SAGROW 29902 1126 1504 1128 1504 0 5 500 104
SAGROW 30017 1125 1504 1128 1504 0 1 500 93
SAGROW 30099 1125 1505 1128 1504 0 2 500 113
SAGROW 30214 1126 1505 1128 1504 0 4 500 63
SAGROW 30314 1124 1505 1128 1504 0 5 500 78
SAGROW 30413 1125 1505 1128 1504 0 6 500 93
SAGROW 30503 1125 1505 1128 1504 0 2 500 103
SAGROW 30603 1124 1505 1128 1504 0 3 500 49
SAGROW 30715 1126 1505 1128 1504 0 4 500 70
SAGROW 30796 1126 1505 1128 1504 0 5 500 75
SAGROW 30924 1128 1505 1128 1504 0 1 500 123
SAGROW 31014 1130 1505 1128 1504 0 2 500 50
SAGROW 31106 1132 1505 1128 1504 0 3 500 59
SAGROW 31231 1133 1505 1128 1504 0 4 500 106
SAGROW 31308 1134 1505 1128 1504 0 5 500 107
SAGROW 31417 1135 1504 1128 1504 0 1 500 51
SAGROW 31525 1136 1504 1128 1504 0 2 500 80
SAGROW 31631 1135 1505 1128 1504 0 3 500 101
SAGROW 31725 1134 1505 1128 1504 0 5 500 116
SAGROW 31807 1133 1505 1128 1504 0 5 500 114
SAGROW 31917 1132 1504 1128 1504 0 1 500 62
SAGROW 32016 1132 1504 1128 1504 0 2 500 79
SAGROW 32130 1131 1504 1128 1504 0 4 500 102
SAGROW 32214 1131 1504 1128 1504 0 5 500 42
SAGROW 32322 1131 1504 1128 1504 0 6 500 66
SAGROW 32454 1134 1503 1128 1504 0 2 500 114
SAGROW 32541 1132 1503 1128 1504 0 3 500 121
SAGROW 32636 1134 1504 1128 1504 0 4 500 53
SAGROW 32724 1135 1504 1128 1504 0 5 500 68
SAGROW 32851 1135 1504 1128 1504 0 6 500 115
SAGROW 32944 1136 1504 1128 1504 0 2 500 43
SAGROW 33023 1136 1504 1128 1504 0 3 500 121
SAGROW 33157 1137 1504 1128 1504 0 4 500 90
SAGROW 33252 1135 1504 1128 1504 0 5 500 81
SAGROW 33352 1137 1504 1128 1504 0 1 500 48
SAGROW 33441 1136 1505 1128 1504 0 2 500 59
SAGROW 33533 1135 1505 1128 1504 0 3 500 64
SAGROW 33669 1135 1505 1128 1504 0 4 500 121
SAGROW 33743 1135 1505 1128 1504 0 5 500 113
SAGROW 33851 1135 1505 1128 1504 0 1 500 139
SAGROW 33939 1136 1504 1128 1504 0 2 500 61
SAGROW 34079 1136 1505 1128 1504 0 4 500 122
SAGROW 34142 1135 1505 1128 1504 0 5 500 102
SAGROW 34230 1134 1504 1128 1504 0 6 500 120
SAGROW 34352 1134 1504 1128 1504 0 1 500 73
SAGROW 34464 1133 1504 1128 1504 0 2 500 106
SAGROW 34551 1132 1504 1128 1504 0 3 500 110
SAGROW 34652 1133 1505 1128 1504 0 5 500 94
SAGROW 34737 1131 1505 1128 1504 0 6 500 51
SAGROW 34867 1131 1505 1128 1504 0 1 500 108
SAGROW 34964 1131 1505 1129 1504 0 3 500 41
SAGROW 35068 1132 1505 1129 1504 0 4 500 64
SAGROW 35142 1133 1505 1129 1504 0 5 500 54
SAGROW 35246 1138 1505 1129 1504 0 6 500 70
SAGROW 35356 1139 1505 1129 1504 0 2 500 90
SAGROW 35449 1140 1505 1129 1504 0 3 500 42
SAGROW 35591 1140 1505 1129 1504 0 4 500 108
SAGROW 35646 1140 1504 1129 1504 0 5 500 78
SAGROW 35784 1140 1504 1129 1504 0 1 500 51
SAGROW 35857 1140 1503 1129 1504 0 2 500 41
SAGROW 35953 1140 1503 1129 1504 0 3 500 55
SAGROW 36080 1136 1503 1129 1504 0 4 500 103
SAGROW 36163 1136 1503 1129 1504 0 6 500 111
SAGROW 36270 1134 1503 1129 1504 0 1 500 55
SAGROW 36359 1135 1503 1129 1504 0 2 500 60
SAGROW 36487 1134 1503 1129 1504 0 3 500 107
SAGROW 36596 1135 1503 1129 1504 0 4 500 135
SAGROW 36662 1135 1503 1129 1504 0 6 500 108
SAGROW 36764 1137 1504 1129 1504 0 1 500 66
SAGROW 36893 1139 1503 1129 1504 0 3 500 115
SAGROW 36970 1139 1503 1129 1504 0 3 500 110
SAGROW 37066 1140 1504 1129 1504 0 5 500 41
SAGROW 37175 1140 1503 1129 1504 0 6 500 67
SAGROW 37301 1141 1504 1129 1504 0 1 500 111
SAGROW 37375 1140 1504 1129 1504 0 2 500 104
SAGROW 37491 1140 1504 1129 1504 0 4 500 56
SAGROW 37564 1141 1503 1129 1504 0 5 500 59
SAGROW 37696 1140 1503 1129 1504 0 6 500 107
SAGROW 37794 1140 1504 1129 1504 0 2 500 41
SAGROW 37873 1139 1504 1129 1504 0 3 500 119
SAGROW 37986 1138 1504 1129 1504 0 4 500 67
SAGROW 38079 1137 1504 1129 1504 0 5 500 81
SAGROW 38185 1139 1504 1129 1504 0 6 500 104
SAGROW 38278 1138 1504 1129 1504 0 2 500 44
SAGROW 38389 1133 1505 1129 1504 0 3 500 71
SAGROW 38508 1131 1505 1129 1504 0 4 500 110
SAGROW 38597 1131 1505 1129 1504 0 6 500 114
SAGROW 38686 1132 1505 1129 1504 0 1 500 123
SAGROW 38781 1133 1504 1129 1504 0 2 500 55
SAGROW 38876 1133 1504 1129 1504 0 3 500 69
SAGROW 38998 1132 1504 1129 1504 0 4 500 120
SAGROW 39081 1132 1504 1129 1504 0 6 500 118
SAGROW 39189 1133 1504 1129 1504 0 1 500 60
SAGROW 39308 1134 1504 1129 1504 0 2 500 79
SAGROW 39408 1132 1504 1129 1504 0 3 500 112
SAGROW 39484 1134 1503 1129 1504 0 5 500 104
SAGROW 39590 1132 1504 1129 1504 0 6 500 65
SAGROW 39721 1133 1504 1129 1504 0 1 500 110
SAGROW 39817 1132 1504 1129 1504 0 3 500 43
SAGROW 39908 1131 1503 1129 1504 0 4 500 51
SAGROW 39994 1131 1503 1129 1504 0 5 500 51
SAGROW 40105 1131 1503 1129 1504 0 6 500 69
SAGROW 40211 1132 1503 1129 1504 0 2 500 39
SAGROW 40307 1129 1504 1129 1504 0 3 500 52
SAGROW 40407 1130 1504 1129 1504 0 4 500 72
SAGROW 40525 1129 1504 1129 1504 0 5 500 105
SAGROW 40632 1129 1504 1129 1504 0 1 500 49
SAGROW 40712 1130 1504 1129 1504 0 2 500 46
SAGROW 40804 1131 1504 1129 1504 0 3 500 64
SAGROW 40933 1130 1504 1129 1504 0 4 500 102
SAGROW 41016 1130 1504 1129 1504 0 5 500 116
SAGROW 41123 1130 1504 1129 1504 0 1 500 57
SAGROW 41211 1128 1504 1129 1504 0 2 500 61
SAGROW 41335 1129 1504 1129 1504 0 3 500 101
SAGROW 41425 1128 1504 1129 1504 0 5 500 41
SAGROW 41508 1126 1504 1129 1504 0 6 500 45
SAGROW 41618 1126 1504 1129 1504 0 1 500 68
SAGROW 41710 1126 1504 1129 1504 0 2 500 81
SAGROW 41845 1125 1504 1129 1504 0 4 500 51
SAGROW 41927 1127 1504 1129 1504 0 5 500 134
SAGROW 42026 1126 1504 1129 1504 0 6 500 68
SAGROW 42141 1126 1505 1129 1504 0 1 500 103
SAGROW 42232 1128 1504 1129 1504 0 3 500 40
SAGROW 42336 1128 1505 1129 1504 0 4 500 64
SAGROW 42431 1126 1504 1129 1504 0 5 500 73
SAGROW 42538 1126 1505 1129 1504 0 6 500 96
SAGROW 42623 1125 1505 1129 1504 0 1 500 182
SAGROW 42744 1125 1505 1129 1504 0 3 500 104
SAGROW 42832 1127 1504 1129 1504 0 4 500 68
SAGROW 42933 1128 1504 1129 1504 0 5 500 95
SAGROW 43034 1129 1505 1129 1504 0 6 500 113
SAGROW 43135 1129 1504 1129 1504 0 2 500 50
SAGROW 43228 1132 1505 1129 1504 0 3 500 59
SAGROW 43354 1132 1504 1129 1504 0 4 500 104
SAGROW 43431 1134 1504 1129 1504 0 5 500 108
SAGROW 43539 1134 1504 1129 1504 0 1 500 54
SAGROW 43647 1132 1505 1129 1504 0 2 500 79
SAGROW 43754 1132 1505 1129 1504 0 3 500 101
SAGROW 43848 1132 1504 1129 1504 0 5 500 117
SAGROW 43955 1132 1504 1129 1504 0 6 500 52
SAGROW 44070 1132 1504 1129 1504 0 1 500 80
SAGROW 44137 1132 1504 1129 1504 0 2 500 79
SAGROW 44250 1133 1504 1129 1504 0 3 500 100
SAGROW 44341 1133 1504 1129 1504 0 5 500 43
SAGROW 44457 1135 1503 1129 1504 0 6 500 78
SAGROW 44571 1135 1503 1129 1504 0 1 500 109
SAGROW 44672 1134 1503 1129 1504 0 2 500 129
SAGROW 44768 1135 1504 1129 1504 0 4 500 56
SAGROW 44848 1135 1504 1129 1504 0 5 500 69
SAGROW 44983 1137 1504 1129 1504 0 1 500 124
SAGROW 45061 1138 1504 1129 1504 0 1 500 117
SAGROW 45152 1138 1504 1129 1504 0 3 500 45
SAGROW 45256 1138 1505 1129 1504 0 4 500 67
SAGROW 45360 1138 1505 1129 1504 0 5 500 88
SAGROW 45475 1138 1506 1129 1504 0 1 500 106
SAGROW 45548 1138 1506 1129 1504 0 2 500 44
SAGROW 45656 1138 1506 1129 1504 0 3 500 65
SAGROW 45784 1137 1506 1129 1504 0 5 500 116
SAGROW 45877 1136 1506 1129 1504 0 6 500 40
SAGROW 45963 1136 1505 1129 1504 0 1 500 126
SAGROW 46061 1138 1505 1129 1504 0 2 500 60
SAGROW 46187 1138 1505 1129 1504 0 3 500 100
SAGROW 46277 1139 1505 1129 1504 0 5 500 42
SAGROW 46362 1140 1505 1129 1504 0 6 500 44
SAGROW 46464 1140 1505 1129 1504 0 1 500 63
SAGROW 46590 1143 1505 1129 1504 0 2 500 109
SAGROW 46697 1144 1505 1129 1504 0 4 500 49
SAGROW 46759 1143 1506 1129 1504 0 5 500 111
SAGROW 46859 1141 1505 1129 1504 0 6 500 51
SAGROW 46988 1142 1505 1129 1504 0 1 500 105
SAGROW 47084 1140 1505 1129 1504 0 3 500 40
SAGROW 47188 1138 1505 1129 1504 0 4 500 62
SAGROW 47263 1137 1505 1129 1504 0 5 500 52
SAGROW 47361 1135 1506 1129 1504 0 6 500 70
SAGROW 47495 1135 1505 1129 1504 0 2 500 39
SAGROW 47567 1136 1505 1129 1504 0 3 500 112
SAGROW 47685 1135 1504 1129 1504 0 4 500 74
SAGROW 47772 1133 1504 1129 1504 0 5 500 78
SAGROW 47900 1134 1504 1129 1504 0 1 500 122
SAGROW 47976 1136 1504 1129 1504 0 2 500 117
SAGROW 48077 1136 1504 1129 1504 0 3 500 56
SAGROW 48206 1136 1504 1129 1504 0 4 500 102
SAGROW 48283 1137 1504 1129 1504 0 5 500 109
SAGROW 48392 1136 1504 1129 1504 0 1 500 53
SAGROW 48482 1136 1504 1129 1504 0 2 500 61
SAGROW 48610 1137 1504 1129 1504 0 3 500 108
SAGROW 48706 1139 1504 1129 1504 0 5 500 39
SAGROW 48785 1140 1504 1129 1504 0 6 500 117
SAGROW 48888 1140 1503 1129 1504 0 1 500 57
SAGROW 49015 1141 1503 1129 1504 0 2 500 102
SAGROW 49105 1140 1503 1129 1504 0 4 500 123
SAGROW 49190 1141 1504 1129 1504 0 5 500 42
SAGROW 49298 1142 1503 1129 1504 0 6 500 67
SAGROW 49418 1143 1503 1129 1504 0 1 500 97
SAGROW 49518 1142 1503 1129 1504 0 2 500 123
SAGROW 49614 1141 1503 1129 1504 0 4 500 128
SAGROW 49695 1140 1504 1129 1504 0 5 500 46
SAGROW 49823 1139 1504 1129 1504 0 6 500 113
SAGROW 49913 1139 1504 1129 1504 0 1 500 118
SAGROW 50004 1140 1504 1129 1504 0 3 500 45
SAGROW 50108 1139 1504 1129 1504 0 4 500 67
SAGROW 50236 1140 1504 1129 1504 0 5 500 101
SAGROW 50330 1139 1505 1129 1504 0 1 500 52
SAGROW 50394 1139 1505 1129 1504 0 2 500 117
SAGROW 50495 1141 1504 1129 1504 0 3 500 51
SAGROW 50635 1139 1504 1129 1504 0 4 500 115
SAGROW 50726 1139 1504 1129 1504 0 6 500 37
SAGROW 50825 1139 1504 1129 1504 0 1 500 54
SAGROW 50900 1138 1504 1129 1504 0 2 500 46
SAGROW 51039 1136 1504 1129 1504 0 3 500 106
SAGROW 51129 1136 1504 1129 1504 0 5 500 40
SAGROW 51202 1135 1504 1129 1504 0 5 500 113
SAGROW 51315 1134 1504 1129 1504 0 1 500 63
SAGROW 51441 1134 1504 1129 1504 0 2 500 107
SAGROW 51548 1134 1505 1129 1504 0 4 500 49
SAGROW 51631 1133 1505 1129 1504 0 5 500 132
SAGROW 51710 1134 1505 1129 1504 0 6 500 47
SAGROW 51839 1134 1505 1129 1504 0 1 500 104
SAGROW 51931 1133 1505 1129 1504 0 3 500 116
SAGROW 52039 1133 1505 1129 1504 0 4 500 60
SAGROW 52114 1134 1505 1129 1504 0 5 500 51
SAGROW 52212 1134 1505 1129 1504 0 6 500 66
SAGROW 52346 1133 1505 1129 1504 0 1 500 120
SAGROW 52424 1132 1505 1129 1504 0 3 500 42
SAGROW 52567 1133 1504 1129 1504 0 4 500 107
SAGROW 52621 1135 1504 1129 1504 0 5 500 78
SAGROW 52760 1135 1504 1129 1504 0 1 500 51
SAGROW 52823 1132 1504 1129 1504 0 2 500 114
SAGROW 52929 1133 1504 1129 1504 0 3 500 52
SAGROW 53054 1132 1504 1129 1504 0 4 500 102
SAGROW 53137 1133 1504 1129 1504 0 5 500 110
SAGROW 53245 1133 1504 1129 1504 0 1 500 54
SAGROW 53334 1130 1504 1129 1504 0 2 500 62
SAGROW 53429 1128 1504 1129 1504 0 3 500 74
SAGROW 53569 1129 1504 1129 1504 0 4 500 134
SAGROW 53636 1132 1504 1129 1504 0 6 500 107
SAGROW 53736 1131 1504 1129 1504 0 1 500 63
SAGROW 53865 1131 1504 1129 1504 0 2 500 113
SAGROW 53948 1133 1504 1129 1504 0 3 500 114
SAGROW 54049 1133 1504 1129 1504 0 5 500 46
SAGROW 54147 1134 1504 1129 1504 0 6 500 64
SAGROW 54282 1134 1505 1129 1504 0 1 500 109
SAGROW 54367 1134 1505 1129 1504 0 3 500 39
SAGROW 54453 1133 1505 1129 1504 0 4 500 125
SAGROW 54553 1132 1505 1129 1504 0 5 500 74
SAGROW 54658 1132 1505 1129 1504 0 6 500 95
SAGROW 54770 1129 1504 1129 1504 0 1 500 123
SAGROW 54844 1131 1505 1129 1504 0 3 500 113
SAGROW 54958 1135 1504 1129 1504 0 4 500 64
SAGROW 55039 1134 1504 1129 1504 0 5 500 74
SAGROW 55177 1134 1504 1129 1504 0 1 500 48
SAGROW 55249 1134 1504 1129 1504 0 1 500 120
SAGROW 55349 1135 1504 1129 1504 0 3 500 57
SAGROW 55489 1135 1505 1129 1504 0 4 500 116
SAGROW 55564 1134 1505 1129 1504 0 5 500 108
SAGROW 55664 1134 1504 1129 1504 0 1 500 53
SAGROW 55783 1130 1504 1129 1504 0 2 500 81
SAGROW 55880 1130 1505 1129 1504 0 3 500 108
SAGROW 55976 1126 1505 1129 1504 0 5 500 38
SAGROW 56064 1125 1505 1129 1504 0 6 500 43
SAGROW 56166 1124 1505 1129 1504 0 1 500 64
SAGROW 56252 1123 1505 1129 1504 0 2 500 81
SAGROW 56377 1125 1505 1129 1504 0 3 500 105
SAGROW 56469 1124 1505 1129 1504 0 5 500 48
SAGROW 56561 1124 1505 1129 1504 0 6 500 60
SAGROW 56690 1124 1505 1129 1504 0 1 500 104
SAGROW 56782 1126 1505 1129 1504 0 3 500 116
SAGROW 56872 1127 1505 1129 1504 0 4 500 122
SAGROW 56963 1124 1505 1129 1504 0 5 500 46
SAGROW 57078 1123 1505 1129 1504 0 6 500 72
SAGROW 57181 1123 1505 1129 1504 0 2 500 115
SAGROW 57264 1123 1505 1129 1504 0 3 500 116
SAGROW 57390 1124 1505 1129 1504 0 4 500 80
SAGROW 57503 1124 1505 1129 1504 0 5 500 107
SAGROW 57609 1124 1505 1129 1504 0 1 500 52
SAGROW 57681 1125 1505 1129 1504 0 2 500 44
SAGROW 57782 1130 1505 1129 1504 0 3 500 61
SAGROW 57904 1129 1505 1129 1504 0 4 500 103
SAGROW 57987 1130 1505 1129 1504 0 5 500 112
SAGROW 58094 1130 1504 1129 1504 0 1 500 54
SAGROW 58186 1129 1504 1129 1504 0 2 500 64
SAGROW 58309 1128 1504 1129 1504 0 3 500 110
SAGROW 58391 1129 1504 1129 1504 0 4 500 108
SAGROW 58474 1128 1504 1129 1504 0 6 500 120
SAGROW 58596 1127 1504 1129 1504 0 1 500 75
SAGROW 58709 1129 1504 1129 1504 0 2 500 106
SAGROW 58815 1126 1504 1129 1504 0 4 500 51
SAGROW 58890 1128 1504 1129 1504 0 5 500 50
SAGROW 58999 1130 1504 1129 1504 0 6 500 80
SAGROW 59108 1131 1504 1129 1504 0 1 500 103
SAGROW 59200 1132 1504 1129 1504 0 3 500 116
SAGROW 59309 1133 1504 1129 1504 0 4 500 61
SAGROW 59409 1134 1504 1129 1504 0 5 500 78
SAGROW 59522 1134 1504 1129 1504 0 6 500 107
SAGROW 59606 1136 1504 1129 1504 0 2 500 43
SAGROW 59697 1134 1505 1129 1504 0 3 500 52
SAGROW 59837 1132 1505 1129 1504 0 4 500 110
SAGROW 59891 1133 1505 1129 1504 0 5 500 80
SAGROW 59989 1131 1505 1129 1504 0 6 500 92
SAGROW 60103 1132 1505 1129 1504 0 2 500 45
SAGROW 60204 1133 1505 1129 1504 0 3 500 58
SAGROW 60323 1134 1505 1129 1504 0 4 500 113
SAGROW 60406 1134 1505 1129 1504 0 5 500 111
SAGROW 60514 1134 1504 1129 1504 0 1 500 55
SAGROW 60603 1134 1505 1129 1504 0 2 500 60
SAGROW 60752 1133 1505 1129 1504 0 4 500 129
SAGROW 60822 1136 1504 1129 1504 0 4 500 111
SAGROW 60914 1136 1505 1129 1504 0 6 500 48
SAGROW 61009 1133 1505 1129 1504 0 1 500 68
SAGROW 61135 1132 1505 1129 1504 0 3 500 114
SAGROW 61244 1132 1505 1129 1504 0 4 500 59
SAGROW 61318 1132 1505 1129 1504 0 5 500 50
SAGROW 61416 1133 1505 1129 1504 0 6 500 66
SAGROW 61537 1136 1504 1129 1504 0 1 500 105
SAGROW 61627 1135 1504 1129 1504 0 3 500 42
SAGROW 61730 1136 1504 1129 1504 0 4 500 67
SAGROW 61824 1138 1504 1129 1504 0 5 500 74
SAGROW 61937 1137 1505 1129 1504 0 6 500 105
SAGROW 62033 1137 1505 1129 1504 0 1 500 118
SAGROW 62128 1138 1505 1129 1504 0 3 500 133
SAGROW 62227 1137 1505 1129 1504 0 4 500 67
SAGROW 62342 1135 1505 1129 1504 0 5 500 109
SAGROW 62425 1135 1505 1129 1504 0 6 500 113
SAGROW 62526 1133 1505 1129 1504 0 2 500 46
SAGROW 62618 1132 1505 1129 1504 0 3 500 57
SAGROW 62743 1134 1505 1129 1504 0 4 500 101
SAGROW 62846 1134 1505 1129 1504 0 6 500 42
SAGROW 62930 1133 1505 1129 1504 0 1 500 52
SAGROW 63052 1133 1504 1129 1504 0 2 500 94
SAGROW 63148 1133 1504 1129 1504 0 3 500 108
SAGROW 63245 1133 1504 1129 1504 0 5 500 39
SAGROW 63323 1134 1504 1129 1504 0 6 500 117
SAGROW 63434 1133 1504 1129 1504 0 1 500 147
SAGROW 63555 1133 1504 1129 1504 0 2 500 105
SAGROW 63632 1133 1504 1129 1504 0 3 500 107
SAGROW 63734 1134 1504 1129 1504 0 5 500 46
SAGROW 63848 1132 1504 1129 1504 0 6 500 78
SAGROW 63957 1133 1504 1129 1504 0 1 500 103
SAGROW 64056 1132 1504 1129 1504 0 3 500 121
SAGROW 64151 1131 1504 1129 1504 0 4 500 56
SAGROW 64240 1132 1504 1129 1504 0 5 500 70
SAGROW 64375 1130 1505 1129 1504 0 1 500 127
SAGROW 64453 1131 1505 1129 1504 0 1 500 119
SAGROW 64546 1129 1505 1129 1504 0 3 500 49
SAGROW 64658 1128 1505 1129 1504 0 4 500 78
SAGROW 64764 1127 1505 1129 1504 0 5 500 101
SAGROW 64860 1131 1506 1129 1504 0 1 500 119
SAGROW 64955 1131 1506 1129 1504 0 2 500 60
SAGROW 65049 1130 1506 1129 1504 0 3 500 72
SAGROW 65183 1132 1506 1129 1504 0 4 500 124
SAGROW 65252 1130 1506 1129 1504 0 5 500 108
SAGROW 65361 1130 1506 1129 1504 0 1 500 137
SAGROW 65488 1130 1506 1129 1504 0 2 500 100
SAGROW 54 1130 1505 1129 1504 0 4 500 128
SAGROW 132 1126 1505 1129 1504 0 5 500 44
SAGROW 229 1126 1505 1129 1504 0 6 500 58
SAGROW 332 1126 1505 1129 1504 0 1 500 79
SAGROW 432 1126 1505 1129 1504 0 2 500 94
SAGROW 541 1127 1505 1129 1504 0 4 500 45
SAGROW 618 1126 1505 1129 1504 0 5 500 47
SAGROW 726 1128 1505 1129 1504 0 6 500 71
SAGROW 849 1129 1506 1129 1504 0 1 500 115
SAGROW 940 1129 1506 1129 1504 0 3 500 42
SAGROW 1047 1128 1506 1129 1504 0 4 500 68
SAGROW 1154 1129 1505 1129 1504 0 5 500 80
SAGROW 1256 1127 1505 1129 1504 0 1 500 114
SAGROW 1334 1126 1505 1129 1504 0 1 500 117
SAGROW 1427 1128 1505 1129 1504 0 3 500 49
SAGROW 1569 1128 1505 1129 1504 0 4 500 107
SAGROW 1665 1126 1505 1129 1504 0 6 500 40
SAGROW 1756 1125 1505 1129 1504 0 1 500 49
SAGROW 1828 1125 1505 1129 1504 0 2 500 41
SAGROW 1945 1123 1505 1129 1504 0 3 500 74
SAGROW 2058 1124 1505 1129 1504 0 4 500 108
SAGROW 2141 1125 1505 1129 1504 0 5 500 117
SAGROW 2242 1125 1505 1129 1504 0 1 500 55
SAGROW 2340 1126 1505 1129 1504 0 2 500 68
SAGROW 2463 1126 1505 1129 1504 0 3 500 106
SAGROW 2548 1128 1505 1129 1504 0 5 500 41
SAGROW 2645 1130 1504 1129 1504 0 6 500 58
SAGROW 2775 1132 1504 1129 1504 0 1 500 96
SAGROW 2870 1132 1504 1129 1504 0 2 500 117
SAGROW 2976 1133 1504 1129 1504 0 4 500 58
SAGROW 3050 1134 1504 1129 1504 0 5 500 53
SAGROW 3150 1131 1504 1129 1504 0 6 500 72
SAGROW 3275 1132 1504 1129 1504 0 2 500 41
SAGROW 3353 1133 1505 1129 1504 0 3 500 119
SAGROW 3461 1132 1505 1129 1504 0 4 500 64
SAGROW 3574 1134 1505 1129 1504 0 5 500 93
SAGROW 3662 1134 1505 1129 1504 0 6 500 101
SAGROW 3766 1134 1505 1129 1504 0 2 500 90
SAGROW 3857 1135 1505 1129 1504 0 3 500 42
SAGROW 3993 1138 1505 1129 1504 0 4 500 106
SAGROW 4076 1140 1505 1129 1504 0 6 500 116
SAGROW 4158 1140 1505 1129 1504 0 6 500 114
SAGROW 4255 1141 1504 1129 1504 0 2 500 46
SAGROW 4361 1141 1504 1129 1504 0 3 500 66
SAGROW 4479 1141 1505 1129 1504 0 4 500 108
SAGROW 4556 1141 1505 1129 1504 0 5 500 111
SAGROW 4672 1140 1505 1129 1504 0 1 500 63
SAGROW 4766 1140 1505 1129 1504 0 2 500 71
SAGROW 4878 1139 1505 1129 1504 0 3 500 106
SAGROW 4972 1139 1504 1129 1504 0 5 500 118
SAGROW 5071 1140 1504 1129 1504 0 6 500 54
SAGROW 5167 1140 1504 1129 1504 0 1 500 76
SAGROW 5287 1141 1504 1129 1504 0 2 500 115
SAGROW 5379 1142 1504 1129 1504 0 4 500 123
SAGROW 5463 1143 1504 1129 1504 0 5 500 45
SAGROW 5589 1143 1504 1129 1504 0 6 500 89
SAGROW 5700 1143 1504 1129 1504 0 1 500 96
SAGROW 5779 1144 1505 1129 1504 0 3 500 41
SAGROW 5882 1142 1504 1129 1504 0 4 500 67
SAGROW 5975 1143 1505 1129 1504 0 5 500 77
SAGROW 6114 1142 1504 1129 1504 0 1 500 49
SAGROW 6186 1140 1504 1129 1504 0 1 500 121
SAGROW 6281 1141 1504 1129 1504 0 3 500 134
SAGROW 6410 1139 1504 1129 1504 0 4 500 102
SAGROW 6492 1138 1504 1129 1504 0 5 500 110
SAGROW 6600 1138 1504 1129 1504 0 1 500 54
SAGROW 6690 1137 1504 1129 1504 0 2 500 61
SAGROW 6784 1136 1505 1129 1504 0 3 500 75
SAGROW 6925 1138 1505 1129 1504 0 4 500 133
SAGROW 6991 1140 1504 1129 1504 0 6 500 106
SAGROW 7092 1140 1505 1129 1504 0 1 500 64
SAGROW 7186 1141 1504 1129 1504 0 2 500 79
SAGROW 7313 1140 1504 1129 1504 0 4 500 122
SAGROW 7398 1141 1504 1129 1504 0 5 500 42
SAGROW 7498 1141 1504 1129 1504 0 6 500 60
SAGROW 7626 1142 1504 1129 1504 0 1 500 88
SAGROW 7716 1141 1504 1129 1504 0 3 500 41
SAGROW 7810 1137 1504 1129 1504 0 4 500 135
SAGROW 7908 1137 1504 1129 1504 0 5 500 70
SAGROW 8013 1136 1504 1129 1504 0 6 500 81
SAGROW 8125 1136 1504 1129 1504 0 2 500 42
SAGROW 8203 1136 1504 1129 1504 0 3 500 121
SAGROW 8317 1135 1504 1129 1504 0 4 500 69
SAGROW 8423 1135 1504 1129 1504 0 5 500 96
SAGROW 8526 1136 1504 1129 1504 0 1 500 128
SAGROW 8604 1137 1504 1129 1504 0 1 500 120
SAGROW 8704 1136 1504 1129 1504 0 3 500 57
SAGROW 8844 1138 1505 1129 1504 0 4 500 115
SAGROW 8919 1139 1505 1129 1504 0 5 500 107
SAGROW 9018 1139 1504 1129 1504 0 1 500 53
SAGROW 9125 1139 1504 1129 1504 0 2 500 81
SAGROW 9233 1138 1505 1129 1504 0 3 500 107
SAGROW 9328 1137 1504 1129 1504 0 5 500 120
SAGROW 9420 1136 1504 1129 1504 0 6 500 45
SAGROW 9534 1136 1504 1129 1504 0 1 500 72
SAGROW 9641 1135 1504 1129 1504 0 2 500 101
SAGROW 9721 1134 1503 1129 1504 0 3 500 109
SAGROW 9817 1134 1504 1129 1504 0 5 500 42
SAGROW 9934 1132 1504 1129 1504 0 6 500 78
SAGROW 10048 1131 1504 1129 1504 0 1 500 109
SAGROW 10145 1132 1504 1129 1504 0 3 500 41
SAGROW 10235 1133 1505 1129 1504 0 4 500 51
SAGROW 10323 1133 1505 1129 1504 0 5 500 67
SAGROW 10449 1132 1504 1130 1504 0 6 500 114
SAGROW 10544 1131 1504 1130 1504 0 2 500 42
SAGROW 10622 1131 1504 1130 1504 0 3 500 120
SAGROW 10755 1132 1504 1130 1504 0 4 500 90
SAGROW 10825 1132 1504 1130 1504 0 5 500 55
SAGROW 10931 1133 1504 1130 1504 0 6 500 100
SAGROW 11027 1133 1504 1130 1504 0 2 500 46
SAGROW 11141 1131 1504 1130 1504 0 3 500 73
SAGROW 11261 1131 1504 1130 1504 0 4 500 114
SAGROW 11344 1132 1504 1130 1504 0 6 500 114
SAGROW 11454 1132 1504 1130 1504 0 1 500 142
SAGROW 11538 1131 1504 1130 1504 0 2 500 65
SAGROW 11678 1133 1504 1130 1504 0 4 500 129
SAGROW 11741 1130 1504 1130 1504 0 5 500 103
SAGROW 11829 1131 1504 1130 1504 0 6 500 120
SAGSLOW 1132 1505 1129 1504
SAGSLOW 1127 1504 1129 1504
SAGSLOW 1120 1503 1129 1504
SAGSLOW 1129 1504 1129 1504
SAGSLOW 1132 1504 1129 1504
SAGSLOW 1137 1505 1129 1504
SAGSLOW 1138 1504 1130 1504
SAGSLOW 1135 1505 1130 1504
SAGSLOW 1150 1504 1130 1504
SAGSLOW 1143 1503 1130 1504
SAGSLOW 1130 1505 1130 1504
SAGSLOW 1126 1505 1130 1504
SAGSLOW 1126 1504 1130 1504
SAGSLOW 1137 1504 1130 1504
SAGSLOW 1136 1504 1130 1504
SAGSLOW 1136 1504 1130 1504
SAGSLOW 1131 1504 1130 1504
SAGSLOW 1144 1505 1130 1504
SAGSLOW 1132 1504 1130 1504
SAGSLOW 1136 1505 1131 1504
SAGSLOW 1134 1504 1131 1504
SAGSLOW 1139 1504 1131 1504
SAGSLOW 1131 1504 1131 1504
SAGSLOW 1125 1505 1131 1504
SAGSLOW 1134 1503 1131 1504
SAGSLOW 1141 1504 1131 1504
SAGSLOW 1138 1504 1131 1504
SAGSLOW 1133 1505 1131 1504
SAGSLOW 1133 1504 1131 1504
SAGSLOW 1123 1505 1131 1504
SAGSLOW 1124 1504 1131 1504
SAGSLOW 1133 1504 1131 1504
SAGSLOW 1132 1505 1131 1504
SAGSLOW 1133 1504 1131 1504
SAGSLOW 1142 1504 1131 1504
SAGSLOW 1141 1504 1131 1504
SAGSLOW 1136 1506 1131 1504
SAGSLOW 1130 1505 1131 1504
SAGSLOW 1137 1505 1131 1504
SAGSLOW 1140 1504 1132 1504
SAGSLOW 1133 1505 1132 1504
SAGSLOW 1137 1504 1132 1504
SAGSLOW 1142 1504 1132 1504
SAGSLOW 1140 1504 1132 1504
SAGSLOW 1140 1505 1132 1504
SAGSLOW 1139 1504 1132 1504
SAGSLOW 1134 1505 1132 1504
SAGSLOW 1133 1505 1133 1504
SAGSLOW 1141 1503 1133 1504
SAGSLOW 1150 1505 1133 1504
SAGSLOW 1142 1504 1133 1504
SAGSLOW 1145 1505 1133 1504
SAGSLOW 1149 1505 1133 1504
SAGSLOW 1142 1505 1133 1504
SAGSLOW 1146 1505 1134 1504
SAGSLOW 1131 1505 1134 1504
SAGSLOW 1135 1504 1134 1504
SAGSLOW 1130 1504 1134 1504
SAGSLOW 1131 1504 1134 1504
SAGSLOW 1132 1504 1133 1504
SAGSLOW 1133 1504 1133 1504
SAGSLOW 1141 1504 1133 1504
SAGSLOW 1145 1505 1134 1504
SAGSLOW 1148 1505 1134 1504
SAGSLOW 1135 1504 1134 1504
SAGSLOW 1144 1504 1134 1504
SAGSLOW 1142 1504 1134 1504
SAGSLOW 1140 1505 1134 1504
SAGSLOW 1137 1504 1134 1504
SAGSLOW 1132 1504 1134 1504
SAGSLOW 1137 1504 1134 1504
SAGSLOW 1140 1504 1134 1504
SAGSLOW 1137 1505 1134 1504
SAGSLOW 1140 1504 1134 1504
SAGSLOW 1135 1503 1134 1504
SAGSLOW 1132 1505 1134 1504
SAGSLOW 1140 1505 1134 1504
SAGSLOW 1136 1504 1134 1504
SAGSLOW 1140 1504 1135 1504
SAGSLOW 1137 1504 1135 1504
SAGSLOW 1134 1504 1135 1504
SAGSLOW 1132 1505 1135 1504
SAGSLOW 1137 1505 1135 1504
SAGSLOW 1152 1504 1135 1504
SAGSLOW 1141 1506 1135 1504
SAGSLOW 1140 1504 1135 1504
SAGSLOW 1136 1503 1135 1504
SAGSLOW 1135 1504 1135 1504
SAGSLOW 1133 1504 1135 1504
SAGSLOW 1135 1505 1135 1504
SAGSLOW 1137 1504 1135 1504
SAGSLOW 1143 1505 1135 1504
SAGSLOW 1138 1505 1135 1504
SAGSLOW 1142 1505 1135 1504
SAGSLOW 1143 1505 1135 1504
SAGSLOW 1145 1504 1136 1504
SAGSLOW 1137 1505 1136 1504
SAGSLOW 1140 1504 1136 1504
SAGSLOW 1140 1504 1136 1504
SAGSLOW 1126 1504 1136 1504
SAGSLOW 1130 1505 1136 1504
SAGSLOW 1142 1505 1136 1504
SAGSLOW 1148 1504 1136 1504
SAGSLOW 1150 1504 1136 1504
SAGSLOW 1138 1504 1136 1504
SAGSLOW 1140 1505 1136 1504
SAGSLOW 1139 1505 1136 1504
SAGSLOW 1134 1505 1136 1504
SAGSLOW 1143 1505 1136 1504
SAGSLOW 1137 1505 1137 1504
SAGSLOW 1139 1504 1137 1504
SAGSLOW 1147 1504 1137 1504
SAGSLOW 1149 1504 1137 1504
SAGSLOW 1138 1504 1137 1504
SAGSLOW 1149 1503 1137 1504
SAGSLOW 1143 1505 1137 1504
SAGSLOW 1138 1505 1137 1504
SAGSLOW 1137 1505 1137 1504
SAGSLOW 1136 1504 1137 1504
SAGSLOW 1141 1503 1137 1504
SAGSLOW 1147 1506 1137 1504
SAGSLOW 1144 1504 1138 1504
SAGSLOW 1144 1503 1138 1504
SAGSLOW 1139 1503 1138 1504
SAGSLOW 1131 1505 1138 1504
SAGSLOW 1139 1504 1138 1504
SAGSLOW 1138 1505 1138 1504
SAGSLOW 1134 1504 1138 1504
SAGSLOW 1137 1505 1138 1504
SAGSLOW 1143 1505 1138 1504
SAGSLOW 1142 1504 1138 1504
SAGSLOW 1136 1504 1138 1504
SAGSLOW 1137 1505 1138 1504
SAGSLOW 1148 1504 1138 1504
SAGSLOW 1142 1504 1138 1504
SAGSLOW 1138 1504 1138 1504
SAGSLOW 1141 1505 1138 1504
SAGSLOW 1138 1504 1138 1504
SAGSLOW 1140 1504 1138 1504
SAGSLOW 1142 1504 1138 1504
SAGSLOW 1131 1505 1138 1504
SAGSLOW 1128 1504 1138 1504
SAGSLOW 1135 1505 1138 1504
SAGSLOW 1140 1504 1138 1504
SAGSLOW 1130 1505 1138 1504
SAGSLOW 1141 1504 1138 1504
SAGSLOW 1139 1504 1138 1504
SAGSLOW 1142 1504 1138 1504
SAGSLOW 1139 1505 1138 1504
SAGSLOW 1139 1504 1138 1504
SAGSLOW 1144 1505 1138 1504
SAGSLOW 1142 1504 1138 1504
SAGSLOW 1138 1505 1138 1504
SAGSLOW 1143 1504 1139 1504
SAGSLOW 1147 1503 1139 1504
SAGSLOW 1142 1505 1139 1504
SAGSLOW 1137 1505 1139 1504
SAGSLOW 1140 1505 1139 1504
SAGSLOW 1135 1504 1139 1504
SAGSLOW 1143 1505 1139 1504
SAGSLOW 1139 1505 1139 1504
SAGSLOW 1138 1505 1139 1504
SAGSLOW 1128 1505 1138 1504
SAGSLOW 1138 1504 1138 1504
SAGSLOW 1140 1504 1138 1504
SAGSLOW 1148 1504 1138 1504
SAGSLOW 1137 1505 1139 1504
SAGSLOW 1133 1504 1139 1504
SAGSLOW 1147 1504 1139 1504
SAGSLOW 1135 1505 1139 1504
SAGSLOW 1139 1504 1139 1504
SAGSLOW 1137 1504 1139 1504
SAGSLOW 1142 1505 1139 1504
SAGSLOW 1143 1505 1139 1504
SAGSLOW 1138 1504 1139 1504
SAGSLOW 1134 1503 1139 1504
SAGSLOW 1139 1505 1138 1504
SAGSLOW 1133 1504 1138 1504
SAGSLOW 1139 1504 1138 1504
SAGSLOW 1133 1505 1138 1504
SAGSLOW 1140 1504 1138 1504
SAGSLOW 1137 1505 1138 1504
SAGSLOW 1135 1505 1138 1504
SAGSLOW 1138 1504 1138 1504
SAGSLOW 1137 1504 1138 1504
SAGSLOW 1134 1505 1138 1504
SAGSLOW 1128 1504 1138 1504
SAGSLOW 1138 1504 1138 1504
SAGSLOW 1138 1504 1138 1504
SAGSLOW 1134 1504 1138 1504
SAGSLOW 1133 1504 1138 1504
SAGSLOW 1132 1504 1137 1504
SAGSLOW 1138 1505 1137 1504
SAGSLOW 1129 1505 1137 1504
SAGSLOW 1136 1505 1137 1504
SAGSLOW 1130 1504 1137 1504
SAGSLOW 1133 1505 1137 1504
SAGSLOW 1137 1504 1137 1504
SAGSLOW 1139 1504 1137 1504
SAGSLOW 1138 1505 1137 1504
SAGSLOW 1135 1504 1137 1504
SAGSLOW 1141 1505 1137 1504
SAGSLOW 1141 1503 1137 1504
SAGSLOW 1142 1504 1137 1504
SAGSLOW 1143 1505 1137 1504
SAGSLOW 1132 1504 1137 1504
SAGSLOW 1134 1506 1137 1504
SAGSLOW 1133 1504 1137 1504
SAGSLOW 1135 1505 1137 1504
SAGSLOW 1135 1505 1137 1504
SAGSLOW 1151 1504 1137 1504
SAGSLOW 1148 1505 1137 1504
SAGSLOW 1143 1504 1137 1504
SAGSLOW 1136 1505 1137 1504
SAGSLOW 1132 1504 1137 1504
SAGSLOW 1136 1505 1137 1504
SAGSLOW 1140 1504 1137 1504
SAGSLOW 1141 1506 1137 1504
SAGSLOW 1133 1504 1137 1504
SAGSLOW 1135 1504 1137 1504
SAGSLOW 1136 1505 1137 1504
SAGSLOW 1131 1504 1137 1504
SAGSLOW 1142 1504 1137 1504
SAGSLOW 1133 1505 1137 1504
SAGSLOW 1134 1505 1137 1504
SAGSLOW 1141 1505 1137 1504
SAGSLOW 1146 1505 1137 1504
SAGSLOW 1135 1505 1137 1504
SAGSLOW 1138 1504 1137 1504
SAGSLOW 1137 1505 1137 1504
SAGSLOW 1142 1504 1137 1504
SAGSLOW 1144 1504 1137 1504
SAGSLOW 1134 1505 1137 1504
SAGSLOW 1128 1505 1137 1504
SAGSLOW 1133 1504 1137 1504
SAGSLOW 1133 1505 1137 1504
SAGSLOW 1137 1505 1137 1504
SAGSLOW 1139 1505 1137 1504
SAGSLOW 1144 1504 1137 1504
SAGSLOW 1150 1504 1137 1504
SAGSLOW 1140 1504 1137 1504
SAGSLOW 1141 1505 1137 1504
SAGSLOW 1140 1504 1137 1504
SAGSLOW 1134 1504 1137 1504
SAGSLOW 1132 1504 1137 1504
SAGSLOW 1129 1505 1137 1504
SAGSLOW 1142 1505 1137 1504
SAGSLOW 1141 1504 1137 1504
SAGSLOW 1132 1505 1137 1504
SAGSLOW 1147 1505 1137 1504
SAGSLOW 1146 1505 1138 1504
SAGSLOW 1136 1504 1138 1504
SAGSLOW 1137 1505 1138 1504
SAGSLOW 1136 1505 1138 1504
SAGSLOW 1135 1504 1137 1504
SAGSLOW 1135 1503 1137 1504
SAGSLOW 1140 1504 1137 1504
SAGSLOW 1145 1503 1138 1504
SAGSLOW 1141 1505 1138 1504
SAGSLOW 1143 1504 1138 1504
SAGSLOW 1141 1504 1138 1504
SAGSLOW 1131 1505 1138 1504
SAGSLOW 1137 1504 1138 1504
SAGSLOW 1137 1504 1138 1504
SAGSLOW 1143 1503 1138 1504
SAGSLOW 1146 1505 1138 1504
SAGSLOW 1137 1504 1138 1504
SAGSLOW 1128 1505 1138 1504
SAGSLOW 1132 1504 1138 1504
SAGSLOW 1129 1505 1138 1504
SAGSLOW 1141 1504 1138 1504
SAGSLOW 1142 1505 1138 1504
SAGSLOW 1136 1505 1138 1504
SAGSLOW 1128 1504 1137 1504
SAGSLOW 1134 1504 1137 1504
SAGSLOW 1143 1504 1137 1504
SAGSLOW 1138 1505 1137 1504
SAGSLOW 1131 1504 1137 1504
SAGSLOW 1143 1504 1137 1504
SAGSLOW 1145 1505 1138 1504
SAGSLOW 1139 1504 1138 1504
SAGSLOW 1137 1504 1138 1504
SAGSLOW 1133 1503 1138 1504
SAGSLOW 1125 1505 1138 1504
SAGSLOW 1137 1504 1137 1504
SAGSLOW 1151 1504 1138 1504
SAGSLOW 1151 1504 1138 1504
SAGSLOW 1141 1505 1138 1504
SAGSLOW 1144 1505 1138 1504
SAGSLOW 1140 1504 1138 1504
SAGSLOW 1136 1504 1138 1504
SAGSLOW 1138 1504 1138 1504
SAGSLOW 1145 1504 1138 1504
SAGSLOW 1136 1506 1138 1504
SAGSLOW 1132 1505 1138 1504
SAGSLOW 1136 1505 1138 1504
SAGSLOW 1136 1504 1138 1504
SAGSLOW 1132 1505 1138 1504
SAGSLOW 1141 1505 1138 1504
SAGSLOW 1139 1504 1138 1504
SAGSLOW 1129 1505 1138 1504
SAGSLOW 1130 1505 1138 1504
SAGSLOW 1130 1504 1138 1504
SAGSLOW 1136 1505 1138 1504
SAGSLOW 1135 1505 1137 1504
SAGSLOW 1135 1504 1137 1504
SAGSLOW 1133 1504 1137 1504
SAGSLOW 1131 1504 1137 1504
SAGSLOW 1136 1505 1137 1504
SAGSLOW 1134 1505 1137 1504
SAGSLOW 1145 1505 1137 1504
SAGSLOW 1133 1505 1137 1504
SAGSLOW 1132 1505 1137 1504
SAGSLOW 1135 1505 1137 1504
SAGSLOW 1142 1505 1137 1504
SAGSLOW 1136 1505 1137 1504
SAGSLOW 1139 1504 1137 1504
SAGSLOW 1149 1505 1137 1504
SAGSLOW 1144 1505 1137 1504
SAGSLOW 1147 1505 1138 1504
SAGSLOW 1139 1504 1138 1504
SAGSLOW 1140 1504 1138 1504
SAGSLOW 1145 1506 1138 1504
SAGSLOW 1139 1505 1138 1504
SAGSLOW 1141 1504 1138 1504
SAGSLOW 1142 1505 1138 1504
SAGSLOW 1139 1505 1138 1504
SAGSLOW 1141 1504 1138 1504
SAGSLOW 1141 1505 1138 1504
SAGSLOW 1136 1505 1138 1504
SAGSLOW 1139 1505 1138 1504
SAGSLOW 1142 1504 1138 1504
SAGSLOW 1142 1504 1138 1504
SAGSLOW 1141 1504 1138 1504
SAGSLOW 1150 1504 1138 1504
SAGSLOW 1149 1505 1139 1504
SAGSLOW 1142 1505 1139 1504
SAGSLOW 1144 1503 1139 1504
SAGSLOW 1141 1503 1139 1504
SAGSLOW 1137 1505 1139 1504
SAGSLOW 1132 1504 1139 1504
SAGSLOW 1134 1504 1138 1504
SAGSLOW 1139 1504 1138 1504
SAGSLOW 1138 1505 1139 1504
SAGSLOW 1134 1505 1139 1504
SAGSLOW 1139 1504 1139 1504
SAGSLOW 1142 1505 1139 1504
SAGSLOW 1135 1506 1138 1504
SAGSLOW 1145 1506 1139 1504
SAGSLOW 1140 1505 1139 1504
SAGSLOW 1136 1504 1139 1504
SAGSLOW 1130 1505 1138 1504
SAGSLOW 1128 1505 1138 1504
SAGSLOW 1134 1504 1138 1504
SAGSLOW 1131 1505 1138 1504
SAGSLOW 1133 1505 1138 1504
SAGSLOW 1135 1504 1138 1504
SAGSLOW 1132 1504 1138 1504
SAGSLOW 1134 1505 1138 1504
SAGSLOW 1140 1505 1138 1504
SAGSLOW 1132 1505 1138 1504
SAGSLOW 1135 1504 1138 1504
SAGSLOW 1136 1504 1138 1504
SAGSLOW 1128 1505 1137 1504
SAGSLOW 1143 1504 1137 1504
SAGSLOW 1143 1505 1137 1504
SAGSLOW 1134 1504 1137 1504
SAGSLOW 1140 1504 1137 1504
SAGSLOW 1133 1504 1137 1504
SAGSLOW 1132 1505 1137 1504
SAGSLOW 1128 1505 1137 1504
SAGSLOW 1128 1503 1137 1504
SAGSLOW 1135 1504 1137 1504
SAGSLOW 1138 1504 1137 1504
SAGSLOW 1133 1504 1136 1504
SAGSLOW 1136 1504 1137 1504
SAGSLOW 1126 1505 1136 1504
SAGSLOW 1131 1504 1136 1504
SAGSLOW 1135 1505 1136 1504
SAGSLOW 1134 1505 1136 1504
SAGSLOW 1124 1503 1136 1504
SAGSLOW 1130 1504 1136 1504
SAGSLOW 1132 1504 1136 1504
SAGSLOW 1130 1504 1136 1504
SAGSLOW 1131 1505 1136 1504
SAGSLOW 1136 1504 1136 1504
SAGSLOW 1137 1505 1136 1504
SAGSLOW 1124 1504 1136 1504
SAGSLOW 1131 1504 1136 1504
SAGSLOW 1122 1505 1136 1504
SAGSLOW 1131 1505 1136 1504
SAGSLOW 1132 1504 1136 1504
SAGSLOW 1131 1505 1135 1504
SAGSLOW 1137 1505 1135 1504
SAGSLOW 1129 1505 1135 1504
SAGSLOW 1133 1505 1135 1504
SAGSLOW 1135 1504 1135 1504
SAGSLOW 1136 1504 1135 1504
SAGSLOW 1130 1505 1135 1504
SAGSLOW 1126 1504 1135 1504
SAGSLOW 1146 1504 1135 1504
SAGSLOW 1139 1504 1135 1504
SAGSLOW 1131 1506 1135 1504
SAGSLOW 1132 1504 1135 1504
SAGSLOW 1136 1505 1135 1504
SAGSLOW 1143 1504 1135 1504
SAGSLOW 1135 1505 1135 1504
SAGSLOW 1136 1504 1135 1504
SAGSLOW 1137 1506 1135 1504
SAGSLOW 1144 1505 1135 1504
SAGSLOW 1127 1505 1135 1504
SAGSLOW 1125 1504 1135 1504
SAGSLOW 1117 1504 1135 1504
SAGSLOW 1122 1505 1135 1504
SAGSLOW 1124 1504 1135 1504
SAGSLOW 1125 1504 1135 1504
SAGSLOW 1122 1504 1134 1504
SAGSLOW 1124 1504 1134 1504
SAGSLOW 1135 1504 1134 1504
SAGSLOW 1138 1504 1134 1504
SAGSLOW 1130 1505 1134 1504
SAGSLOW 1135 1505 1134 1504
SAGSLOW 1129 1505 1134 1504
SAGSLOW 1117 1503 1134 1504
SAGSLOW 1122 1505 1134 1504
SAGSLOW 1123 1504 1134 1504
SAGSLOW 1137 1504 1134 1504
SAGSLOW 1132 1504 1134 1504
SAGSLOW 1144 1505 1134 1504
SAGSLOW 1132 1504 1134 1504
SAGSLOW 1133 1505 1134 1504
SAGSLOW 1129 1505 1134 1504
SAGSLOW 1128 1504 1133 1504
SAGSLOW 1118 1504 1133 1504
SAGSLOW 1124 1504 1133 1504
SAGSLOW 1131 1503 1133 1504
SAGSLOW 1129 1505 1133 1504
SAGSLOW 1132 1505 1133 1504
SAGSLOW 1126 1505 1133 1504
SAGSLOW 1133 1504 1133 1504
SAGSLOW 1122 1504 1133 1504
SAGSLOW 1124 1504 1132 1504
SAGSLOW 1132 1505 1132 1504
SAGSLOW 1136 1504 1132 1504
SAGSLOW 1141 1505 1132 1504
SAGSLOW 1128 1505 1132 1504
SAGSLOW 1140 1505 1132 1504
SAGSLOW 1128 1504 1132 1504
SAGSLOW 1122 1504 1132 1504
SAGSLOW 1123 1504 1132 1504
SAGSLOW 1119 1504 1132 1504
SAGSLOW 1130 1505 1132 1504
SAGSLOW 1119 1505 1132 1504
SAGSLOW 1130 1504 1132 1504
SAGSLOW 1131 1504 1132 1504
SAGSLOW 1131 1504 1132 1504
SAGSLOW 1126 1505 1131 1504
SAGSLOW 1129 1504 1131 1504
SAGSLOW 1124 1504 1131 1504
SAGSLOW 1123 1504 1131 1504
SAGSLOW 1119 1505 1131 1504
SAGSLOW 1126 1504 1131 1504
SAGSLOW 1118 1505 1131 1504
SAGSLOW 1120 1504 1131 1504
SAGSLOW 1118 1505 1131 1504
SAGSLOW 1117 1504 1130 1504
SAGSLOW 1127 1505 1130 1504
SAGSLOW 1126 1504 1130 1504
SAGSLOW 1119 1504 1130 1504
SAGSLOW 1127 1504 1130 1504
SAGSLOW 1129 1505 1130 1504
SAGSLOW 1129 1505 1130 1504
SAGSLOW 1127 1505 1130 1504
SAGSLOW 1123 1505 1130 1504
SAGSLOW 1128 1504 1130 1504
SAGSLOW 1125 1504 1130 1504
SAGSLOW 1127 1505 1130 1504
SAGSLOW 1127 1504 1130 1504
SAGSLOW 1122 1504 1129 1504
SAGSLOW 1118 1504 1129 1504
SAGSLOW 1127 1504 1129 1504
SAGSLOW 1125 1504 1129 1504
SAGSLOW 1122 1505 1129 1504
SAGSLOW 1132 1505 1129 1504
SAGSLOW 1126 1504 1129 1504
SAGSLOW 1127 1505 1129 1504
SAGSLOW 1131 1504 1129 1504
SAGSLOW 1127 1505 1129 1504
SAGSLOW 1118 1504 1129 1504
SAGSLOW 1111 1505 1129 1504
SAGSLOW 1118 1504 1129 1504
SAGSLOW 1134 1504 1129 1504
SAGSLOW 1129 1504 1129 1504
SAGSLOW 1119 1504 1129 1504
SAGSLOW 1123 1506 1129 1504
SAGSLOW 1122 1504 1128 1504
SAGSLOW 1136 1505 1128 1504
SAGSLOW 1133 1504 1129 1504
SAGSLOW 1124 1505 1129 1504
SAGSLOW 1123 1503 1129 1504
SAGSLOW 1124 1504 1128 1504
SAGSLOW 1121 1505 1128 1504
SAGSLOW 1119 1504 1128 1504
SAGSLOW 1125 1505 1128 1504
SAGSLOW 1128 1505 1128 1504
SAGSLOW 1137 1505 1128 1504
SAGSLOW 1134 1504 1128 1504
SAGSLOW 1126 1505 1128 1504
SAGSLOW 1131 1505 1129 1504
SAGSLOW 1127 1504 1128 1504
SAGSLOW 1128 1504 1128 1504
SAGSLOW 1132 1504 1128 1504
SAGSLOW 1132 1505 1128 1504
SAGSLOW 1125 1505 1128 1504
SAGSLOW 1137 1503 1128 1504
SAGSLOW 1138 1505 1129 1504
SAGSLOW 1129 1505 1129 1504
SAGSLOW 1130 1505 1129 1504
SAGSLOW 1126 1505 1129 1504
SAGSLOW 1124 1504 1129 1504
SAGSLOW 1125 1504 1128 1504
SAGSLOW 1126 1504 1128 1504
SAGSLOW 1121 1505 1128 1504
SAGSLOW 1123 1505 1128 1504
SAGSLOW 1128 1504 1128 1504
SAGSLOW 1125 1504 1128 1504
SAGSLOW 1124 1505 1128 1504
SAGSLOW 1123 1505 1128 1504
SAGSLOW 1125 1505 1128 1504
SAGSLOW 1127 1505 1128 1504
SAGSLOW 1122 1505 1128 1504
SAGSLOW 1124 1504 1127 1504
SAGSLOW 1122 1506 1127 1504
SAGSLOW 1124 1504 1127 1504
SAGSLOW 1118 1504 1127 1504
SAGSLOW 1127 1504 1127 1504
SAGSLOW 1125 1504 1127 1504
SAGSLOW 1134 1504 1127 1504
SAGSLOW 1132 1504 1127 1504
SAGSLOW 1128 1505 1127 1504
SAGSLOW 1126 1505 1127 1504
SAGSLOW 1129 1503 1127 1504
SAGSLOW 1131 1504 1127 1504
SAGSLOW 1125 1505 1127 1504
SAGSLOW 1133 1505 1127 1504
SAGSLOW 1130 1504 1127 1504
SAGSLOW 1136 1505 1127 1504
SAGSLOW 1135 1505 1127 1504
SAGSLOW 1135 1505 1128 1504
SAGSLOW 1138 1504 1128 1504
SAGSLOW 1126 1504 1128 1504
SAGSLOW 1131 1505 1128 1504
SAGSLOW 1126 1504 1128 1504
SAGSLOW 1133 1505 1128 1504
SAGSLOW 1140 1503 1128 1504
SAGSLOW 1134 1504 1128 1504
SAGSLOW 1123 1505 1128 1504
SAGSLOW 1121 1505 1128 1504
SAGSLOW 1116 1505 1128 1504
SAGSLOW 1115 1504 1128 1504
SAGSLOW 1128 1505 1128 1504
SAGSLOW 1130 1505 1128 1505
SAGSLOW 1127 1505 1128 1505
SAGSLOW 1121 1505 1128 1505
SAGSLOW 1116 1504 1127 1505
SAGSLOW 1128 1504 1127 1505
SAGSLOW 1125 1505 1127 1505
SAGSLOW 1127 1506 1127 1505
SAGSLOW 1128 1504 1127 1505
SAGSLOW 1120 1504 1127 1505
SAGSLOW 1133 1503 1127 1505
SAGSLOW 1126 1503 1127 1505
SAGSLOW 1124 1505 1127 1504
SAGSLOW 1129 1505 1127 1504
SAGSLOW 1125 1505 1127 1504
SAGSLOW 1124 1505 1127 1504
SAGSLOW 1131 1503 1127 1504
SAGSLOW 1129 1504 1127 1504
SAGSLOW 1133 1504 1127 1504
SAGSLOW 1128 1505 1128 1504
SAGSLOW 1129 1504 1128 1504
SAGSLOW 1134 1505 1128 1504
SAGSLOW 1124 1505 1128 1504
SAGSLOW 1119 1506 1128 1504
SAGSLOW 1124 1505 1127 1504
SAGSLOW 1116 1506 1127 1504
SAGSLOW 1130 1504 1127 1505
SAGSLOW 1131 1504 1127 1505
SAGSLOW 1119 1504 1127 1505
SAGSLOW 1124 1505 1127 1505
SAGSLOW 1121 1505 1127 1505
SAGSLOW 1118 1504 1127 1505
SAGSLOW 1113 1505 1127 1505
SAGSLOW 1127 1505 1127 1505
SAGSLOW 1124 1505 1127 1505
SAGSLOW 1121 1505 1127 1505
SAGSLOW 1131 1504 1127 1505
SAGSLOW 1126 1504 1127 1505
SAGSLOW 1129 1505 1127 1505
SAGSLOW 1136 1505 1127 1505
SAGSLOW 1121 1505 1127 1505
SAGSLOW 1121 1505 1127 1505
SAGSLOW 1118 1504 1127 1505
SAGSLOW 1122 1505 1127 1505
SAGSLOW 1124 1505 1127 1505
SAGSLOW 1134 1505 1127 1505
SAGSLOW 1136 1504 1127 1505
SAGSLOW 1135 1504 1127 1505
SAGSLOW 1130 1504 1127 1505
SAGSLOW 1128 1504 1127 1505
SAGSLOW 1139 1504 1127 1505
SAGSLOW 1125 1506 1127 1505
SAGSLOW 1134 1505 1127 1505
SAGSLOW 1135 1505 1127 1505
SAGSLOW 1121 1504 1127 1505
SAGSLOW 1139 1504 1127 1505
SAGSLOW 1127 1504 1127 1505
SAGSLOW 1132 1505 1128 1505
SAGSLOW 1125 1505 1128 1505
SAGSLOW 1134 1505 1128 1505
SAGSLOW 1134 1504 1128 1505
SAGSLOW 1130 1504 1128 1504
SAGSLOW 1128 1505 1128 1504
SAGSLOW 1136 1504 1128 1504
SAGSLOW 1132 1505 1128 1505
SAGSLOW 1120 1504 1128 1505
SAGSLOW 1128 1505 1128 1505
SAGSLOW 1125 1504 1128 1504
SAGSLOW 1127 1505 1128 1504
SAGSLOW 1128 1504 1128 1504
SAGSLOW 1119 1504 1128 1504
SAGSLOW 1129 1504 1128 1504
SAGSLOW 1128 1505 1128 1504
SAGSLOW 1115 1504 1128 1504
SAGSLOW 1123 1504 1128 1504
SAGSLOW 1122 1505 1127 1504
SAGSLOW 1128 1505 1127 1504
SAGSLOW 1117 1504 1127 1504
SAGSLOW 1120 1504 1127 1504
SAGSLOW 1126 1505 1127 1504
SAGSLOW 1118 1504 1127 1504
SAGSLOW 1122 1505 1127 1504
SAGSLOW 1122 1505 1127 1504
SAGSLOW 1138 1504 1127 1504
SAGSLOW 1120 1505 1127 1504
SAGSLOW 1129 1505 1126 1504
SAGSLOW 1127 1505 1127 1504
SAGSLOW 1122 1505 1127 1504
SAGSLOW 1125 1505 1126 1504
SAGSLOW 1123 1504 1126 1504
SAGSLOW 1116 1504 1126 1504
SAGSLOW 1115 1504 1126 1504
SAGSLOW 1110 1505 1126 1504
SAGSLOW 1129 1503 1126 1504
SAGSLOW 1119 1503 1126 1504
SAGSLOW 1121 1505 1126 1504
SAGSLOW 1126 1505 1126 1504
SAGSLOW 1130 1504 1126 1504
SAGSLOW 1128 1505 1126 1504
SAGSLOW 1121 1505 1126 1504
SAGSLOW 1121 1504 1126 1504
SAGSLOW 1124 1504 1126 1504
SAGSLOW 1130 1505 1126 1504
SAGSLOW 1124 1505 1126 1504
SAGSLOW 1122 1505 1126 1504
SAGSLOW 1123 1504 1126 1504
SAGSLOW 1131 1505 1126 1504
SAGSLOW 1130 1505 1126 1504
SAGSLOW 1135 1505 1126 1504
SAGSLOW 1128 1504 1126 1504
SAGSLOW 1132 1504 1126 1504
SAGSLOW 1112 1505 1126 1504
SAGSLOW 1126 1504 1126 1504
SAGSLOW 1121 1505 1126 1504
SAGSLOW 1128 1505 1126 1504
SAGSLOW 1124 1504 1126 1504
SAGSLOW 1139 1504 1126 1504
SAGSLOW 1124 1504 1126 1504
SAGSLOW 1130 1504 1126 1504
SAGSLOW 1120 1505 1126 1504
SAGSLOW 1125 1505 1126 1504
SAGSLOW 1127 1505 1126 1504
SAGSLOW 1114 1504 1126 1504
SAGSLOW 1124 1503 1126 1504
SAGSLOW 1114 1504 1126 1504
SAGSLOW 1133 1504 1125 1504
SAGSLOW 1122 1504 1125 1504
SAGSLOW 1119 1503 1125 1504
SAGSLOW 1124 1504 1125 1504
SAGSLOW 1121 1505 1125 1504
SAGSLOW 1120 1504 1125 1504
SAGSLOW 1133 1505 1125 1504
SAGSLOW 1145 1504 1125 1504
SAGSLOW 1134 1505 1125 1504
SAGSLOW 1134 1504 1125 1504
SAGSLOW 1127 1505 1126 1504
SAGSLOW 1130 1503 1126 1504
SAGSLOW 1122 1504 1126 1504
SAGSLOW 1118 1505 1126 1504
SAGSLOW 1122 1505 1125 1504
SAGSLOW 1115 1505 1125 1504
SAGSLOW 1118 1505 1125 1504
SAGSLOW 1131 1504 1125 1504
SAGSLOW 1122 1504 1125 1504
SAGSLOW 1123 1505 1125 1504
SAGSLOW 1126 1505 1125 1504
SAGSLOW 1128 1505 1125 1504
SAGSLOW 1130 1505 1125 1504
SAGSLOW 1130 1504 1125 1504
SAGSLOW 1129 1505 1126 1504
SAGSLOW 1126 1504 1126 1504
SAGSLOW 1139 1504 1126 1504
SAGSLOW 1132 1504 1126 1504
SAGSLOW 1135 1505 1126 1504
SAGSLOW 1129 1505 1126 1504
SAGSLOW 1135 1505 1126 1504
SAGSLOW 1125 1504 1126 1504
SAGSLOW 1136 1505 1126 1504
SAGSLOW 1127 1505 1127 1504
SAGSLOW 1128 1505 1127 1504
SAGSLOW 1119 1505 1126 1504
SAGSLOW 1117 1505 1126 1504
SAGSLOW 1130 1505 1126 1504
SAGSLOW 1141 1505 1126 1504
SAGSLOW 1131 1506 1127 1505
SAGSLOW 1127 1504 1127 1504
SAGSLOW 1126 1504 1127 1504
SAGSLOW 1128 1504 1127 1504
SAGSLOW 1127 1505 1127 1504
SAGSLOW 1122 1503 1127 1504
SAGSLOW 1121 1505 1127 1504
SAGSLOW 1121 1505 1127 1504
SAGSLOW 1119 1505 1126 1504
SAGSLOW 1125 1505 1126 1504
SAGSLOW 1124 1504 1126 1504
SAGSLOW 1128 1504 1126 1504
SAGSLOW 1126 1504 1126 1504
SAGSLOW 1132 1504 1126 1504
SAGSLOW 1136 1504 1126 1504
SAGSLOW 1137 1505 1126 1504
SAGSLOW 1133 1505 1127 1504
SAGSLOW 1130 1504 1127 1504
SAGSLOW 1129 1505 1127 1504
SAGSLOW 1132 1504 1127 1504
SAGSLOW 1121 1505 1127 1504
SAGSLOW 1121 1505 1127 1504
SAGSLOW 1123 1504 1126 1504
SAGSLOW 1132 1504 1127 1505
SAGSLOW 1127 1505 1127 1504
SAGSLOW 1132 1504 1127 1504
SAGSLOW 1130 1504 1127 1504
SAGSLOW 1143 1504 1127 1504
SAGSLOW 1128 1505 1127 1504
SAGSLOW 1131 1504 1127 1504
SAGSLOW 1138 1505 1127 1504
SAGSLOW 1138 1504 1128 1504
SAGSLOW 1132 1505 1128 1504
SAGSLOW 1132 1504 1128 1504
SAGSLOW 1128 1504 1128 1504
SAGSLOW 1133 1504 1128 1504
SAGSLOW 1126 1504 1128 1504
SAGSLOW 1122 1505 1128 1504
SAGSLOW 1130 1505 1128 1504
SAGSLOW 1133 1504 1128 1504
SAGSLOW 1125 1504 1128 1504
SAGSLOW 1127 1504 1128 1504
SAGSLOW 1131 1505 1128 1504
SAGSLOW 1128 1505 1128 1504
SAGSLOW 1136 1504 1128 1504
SAGSLOW 1133 1505 1128 1504
SAGSLOW 1132 1504 1128 1504
SAGSLOW 1128 1505 1128 1504
SAGSLOW 1128 1505 1128 1504
SAGSLOW 1134 1505 1128 1504
SAGSLOW 1136 1504 1129 1504
SAGSLOW 1130 1505 1129 1504
SAGSLOW 1128 1505 1129 1504
SAGSLOW 1142 1505 1129 1504
SAGSLOW 1130 1504 1129 1504
SAGSLOW 1138 1503 1129 1504
SAGSLOW 1141 1504 1129 1504
SAGSLOW 1133 1503 1129 1504
SAGSLOW 1138 1503 1129 1504
SAGSLOW 1132 1505 1130 1504
SAGSLOW 1136 1505 1130 1504
SAGSLOW 1143 1505 1130 1504
SAGSLOW 1140 1504 1130 1504
SAGSLOW 1135 1505 1130 1504
SAGSLOW 1129 1504 1130 1504
SAGSLOW 1138 1504 1130 1504
SAGSLOW 1131 1505 1130 1504
SAGSLOW 1141 1504 1130 1504
SAGSLOW 1135 1505 1130 1504
SAGSLOW 1136 1505 1131 1504
SAGSLOW 1136 1504 1131 1504
SAGSLOW 1139 1503 1131 1504
SAGSLOW 1139 1504 1131 1504
SAGSLOW 1136 1504 1131 1504
SAGSLOW 1145 1505 1131 1504
SAGSLOW 1141 1504 1131 1504
SAGSLOW 1144 1505 1131 1504
SAGSLOW 1135 1504 1131 1504
SAGSLOW 1131 1504 1132 1504
SAGSLOW 1130 1504 1132 1504
SAGSLOW 1134 1506 1132 1504
SAGSLOW 1131 1505 1132 1504
SAGSLOW 1130 1504 1132 1504
SAGSLOW 1132 1506 1132 1504
SAGSLOW 1138 1505 1132 1504
SAGSLOW 1136 1505 1132 1504
SAGSLOW 1136 1505 1132 1504
SAGSLOW 1137 1505 1132 1504
SAGSLOW 1146 1505 1132 1504
SAGSLOW 1132 1504 1132 1504
SAGSLOW 1128 1505 1132 1504
SAGSLOW 1126 1504 1132 1504
SAGSLOW 1141 1505 1132 1504
SAGSLOW 1137 1505 1132 1504
SAGSLOW 1137 1504 1133 1504
SAGSLOW 1125 1505 1132 1504
SAGSLOW 1133 1505 1132 1504
SAGSLOW 1132 1505 1133 1504
SAGSLOW 1131 1505 1133 1504
SAGSLOW 1137 1504 1133 1504
SAGSLOW 1136 1504 1133 1504
SAGSLOW 1139 1505 1133 1504
SAGSLOW 1145 1504 1133 1504
SAGSLOW 1141 1504 1133 1504
SAGSLOW 1133 1504 1133 1504
SAGSLOW 1133 1504 1133 1504
SAGSLOW 1139 1504 1133 1504
SAGSLOW 1138 1505 1133 1504
SAGSLOW 1121 1504 1133 1504
SAGSLOW 1127 1504 1133 1504
SAGSLOW 1136 1505 1133 1504
SAGSLOW 1125 1504 1133 1504
SAGSLOW 1139 1505 1133 1504
SAGSLOW 1134 1504 1133 1504
SAGSLOW 1129 1505 1133 1504
SAGSLOW 1134 1505 1133 1504
SAGSLOW 1136 1505 1133 1504
SAGSLOW 1130 1504 1133 1504
SAGSLOW 1126 1504 1133 1504
SAGSLOW 1131 1505 1133 1504
SAGSLOW 1135 1504 1133 1504
SAGSLOW 1138 1504 1133 1504
SAGSLOW 1135 1504 1133 1504
SAGSLOW 1127 1504 1133 1504
SAGSLOW 1129 1505 1133 1504
SAGSLOW 1125 1505 1133 1504
SAGSLOW 1134 1505 1133 1504
SAGSLOW 1128 1504 1133 1504
SAGSLOW 1137 1504 1133 1504
SAGSLOW 1136 1504 1133 1504
SAGSLOW 1132 1505 1133 1504
SAGSLOW 1129 1505 1133 1504
SAGSLOW 1127 1505 1133 1505
SAGSLOW 1128 1504 1133 1505
SAGSLOW 1139 1503 1133 1504
SAGSLOW 1141 1504 1133 1504
SAGSLOW 1131 1504 1133 1504
SAGSLOW 1129 1505 1133 1504
SAGSLOW 1130 1505 1133 1504
SAGSLOW 1135 1504 1133 1504
SAGSLOW 1138 1504 1133 1504
SAGSLOW 1142 1504 1133 1504
SAGSLOW 1133 1504 1133 1504
SAGSLOW 1135 1504 1133 1504
SAGSLOW 1136 1505 1133 1504
SAGSLOW 1127 1505 1133 1504
SAGSLOW 1137 1505 1133 1504
SAGSLOW 1127 1505 1133 1504
SAGSLOW 1127 1505 1133 1504
SAGSLOW 1124 1505 1133 1504
SAGSLOW 1131 1505 1133 1505
SAGSLOW 1132 1505 1133 1505
SAGSLOW 1136 1504 1133 1505
SAGSLOW 1122 1505 1133 1505
SAGSLOW 1134 1502 1133 1505
SAGSLOW 1134 1504 1133 1505
SAGSLOW 1124 1505 1133 1505
SAGSLOW 1129 1504 1132 1505
SAGSLOW 1132 1505 1132 1504
SAGSLOW 1129 1504 1132 1505
SAGSLOW 1128 1503 1132 1504
SAGSLOW 1123 1504 1132 1504
SAGSLOW 1122 1505 1132 1504
SAGSLOW 1134 1503 1132 1504
SAGSLOW 1132 1505 1132 1504
SAGSLOW 1124 1504 1132 1504
SAGSLOW 1127 1505 1131 1504
SAGSLOW 1120 1505 1131 1504
SAGSLOW 1123 1504 1131 1504
SAGSLOW 1131 1505 1131 1504
SAGSLOW 1135 1504 1131 1504
SAGSLOW 1131 1505 1131 1505
SAGSLOW 1132 1505 1131 1505
SAGSLOW 1123 1504 1131 1505
SAGSLOW 1117 1505 1131 1505
SAGSLOW 1123 1504 1131 1505
SAGSLOW 1121 1505 1131 1504
SAGSLOW 1114 1504 1130 1504
SAGSLOW 1125 1505 1130 1504
SAGSLOW 1124 1504 1130 1504
SAGSLOW 1116 1505 1130 1504
SAGSLOW 1127 1505 1130 1504
SAGSLOW 1123 1505 1130 1504
SAGSLOW 1128 1504 1130 1504
SAGSLOW 1124 1505 1130 1504
SAGSLOW 1121 1504 1129 1504
SAGSLOW 1120 1504 1129 1504
SAGSLOW 1128 1504 1129 1504
SAGSLOW 1131 1505 1129 1504
SAGSLOW 1126 1505 1129 1504
SAGSLOW 1138 1504 1129 1504
SAGSLOW 1133 1504 1129 1504
SAGSLOW 1125 1504 1129 1504
SAGSLOW 1126 1504 1129 1504
SAGSLOW 1129 1504 1129 1504
SAGSLOW 1133 1504 1129 1504
SAGSLOW 1131 1504 1129 1504
SAGSLOW 1138 1505 1129 1504
SAGSLOW 1131 1504 1129 1504
SAGSLOW 1134 1504 1129 1504
SAGSLOW 1133 1504 1129 1504
SAGSLOW 1127 1505 1129 1504
SAGSLOW 1138 1505 1129 1504
SAGSLOW 1122 1505 1129 1504
SAGSLOW 1128 1504 1129 1504
SAGSLOW 1125 1504 1129 1504
SAGSLOW 1126 1504 1129 1504
SAGSLOW 1117 1505 1129 1504
SAGSLOW 1114 1504 1129 1504
SAGSLOW 1113 1504 1129 1504
SAGSLOW 1124 1506 1129 1504
SAGSLOW 1128 1504 1128 1504
SAGSLOW 1141 1503 1128 1504
SAGSLOW 1138 1505 1129 1504
SAGSLOW 1137 1503 1129 1504
SAGSLOW 1135 1504 1129 1504
SAGSLOW 1130 1505 1129 1504
SAGSLOW 1132 1506 1129 1504
SAGSLOW 1113 1505 1129 1504
SAGSLOW 1128 1504 1129 1504
SAGSLOW 1121 1504 1129 1504
SAGSLOW 1117 1505 1129 1504
SAGSLOW 1121 1505 1128 1504
SAGSLOW 1122 1504 1128 1504
SAGSLOW 1118 1504 1128 1504
SAGSLOW 1118 1505 1128 1504
SAGSLOW 1122 1504 1128 1504
SAGSLOW 1121 1505 1128 1504
SAGSLOW 1132 1505 1128 1504
SAGSLOW 1128 1505 1128 1504
SAGSLOW 1131 1505 1128 1504
SAGSLOW 1131 1503 1128 1504
SAGSLOW 1126 1504 1128 1504
SAGSLOW 1118 1505 1128 1504
SAGSLOW 1130 1505 1128 1504
SAGSLOW 1122 1504 1128 1504
SAGSLOW 1124 1504 1128 1504
SAGSLOW 1136 1505 1128 1504
SAGSLOW 1132 1505 1128 1504
SAGSLOW 1130 1504 1128 1504
SAGSLOW 1126 1505 1128 1504
SAGSLOW 1126 1505 1128 1504
SAGSLOW 1129 1505 1128 1504
SAGSLOW 1131 1504 1128 1504
SAGSLOW 1120 1504 1128 1504
SAGSLOW 1125 1505 1128 1504
SAGSLOW 1121 1504 1128 1504
SAGSLOW 1125 1504 1128 1504
SAGSLOW 1125 1505 1128 1504
SAGSLOW 1142 1504 1128 1504
SAGSLOW 1125 1504 1128 1504
SAGSLOW 1124 1504 1128 1504
SAGSLOW 1126 1505 1127 1504
SAGSLOW 1124 1504 1127 1504
SAGSLOW 1127 1505 1127 1504
SAGSLOW 1120 1504 1127 1504
SAGSLOW 1122 1504 1127 1504
SAGSLOW 1121 1504 1127 1504
SAGSLOW 1121 1505 1127 1504
SAGSLOW 1124 1505 1127 1504
SAGSLOW 1121 1504 1127 1504
SAGSLOW 1135 1503 1127 1504
SAGSLOW 1126 1504 1127 1504
SAGSLOW 1124 1505 1127 1504
SAGSLOW 1131 1504 1127 1504
SAGSLOW 1138 1505 1127 1504
SAGSLOW 1132 1504 1127 1504
SAGSLOW 1122 1505 1127 1504
SAGSLOW 1126 1505 1127 1504
SAGSLOW 1141 1505 1127 1504
SAGSLOW 1147 1504 1127 1504
SAGSLOW 1131 1505 1127 1504
SAGSLOW 1130 1505 1127 1504
SAGSLOW 1128 1505 1127 1504
SAGSLOW 1128 1504 1127 1504
SAGSLOW 1136 1505 1127 1504
SAGSLOW 1148 1505 1128 1504
SAGSLOW 1135 1504 1128 1504
SAGSLOW 1125 1505 1128 1504
SAGSLOW 1133 1504 1128 1504
SAGSLOW 1137 1505 1128 1504
SAGSLOW 1133 1504 1128 1504
SAGSLOW 1123 1504 1128 1504
SAGSLOW 1132 1504 1128 1504
SAGSLOW 1131 1504 1128 1504
SAGSLOW 1127 1503 1128 1504
SAGSLOW 1135 1504 1128 1504
SAGSLOW 1140 1503 1129 1504
SAGSLOW 1133 1504 1129 1504
SAGSLOW 1126 1504 1129 1504
SAGSLOW 1138 1506 1129 1504
SAGSLOW 1140 1503 1129 1504
SAGSLOW 1134 1505 1129 1504
SAGSLOW 1135 1504 1129 1504
SAGSLOW 1127 1504 1129 1504
SAGSLOW 1138 1504 1129 1504
SAGSLOW 1130 1506 1129 1504
SAGSLOW 1132 1504 1129 1504
SAGSLOW 1143 1505 1129 1504
SAGSLOW 1138 1505 1129 1504
SAGEND
