# elf_crc32 63C0061D
# elf_sha256 828501C1596B3C1425F3D77CCE5AAEBDE343D25109FC0F7F0BACBA965B74D8D5
# started 2026-09-24T08:21:03
BEMFRUN handoff_ehz=200 target_duty_tenths=500 advance_level=22 total_ms=80000 inject=0
PREFLIGHT moe=0 ccr1=0 ccr2=0 ccr3=0 gates_low=1 en=0 nfault=1 verdict=PASS
POSTSTOP
PREFLIGHT moe=0 ccr1=0 ccr2=0 ccr3=0 gates_low=1 en=0 nfault=1 verdict=PASS
BEMFDONE reason=2 accepted=839757 forced=0 zc_acc=841158 too_early=1 unstable=1460799 ci_us=81 bus_ref=1217 bus_min=1056
BEMFSAG ref_bus=1217 ref_vref=1504 filt_bus=1131 filt_vref=1504 streak=0 tripped=0
BEMFGATE closed_ms=74776 hold_ms=54776 target_tenths=500 zc_per_s=11230 comm_per_s=11230 ehz_from_ci_last=2057 forced_pct=0
BEMFRATE hold_ms=54776 hold_accepted=681361 hold_forced=0 mean_ci_us=80 mean_sector_us=80 ehz_from_sector=2083 zc_per_s=12439 zc_expected_per_s=12500 zc_rate_permille_of_expected=995 hold_forced_pct=0
BEMFTAIL accepts=34399 span_us=2774902 start_before_stop_us=2775028 end_before_stop_us=126 window_us=2000000
BEMFRCOMP spent_max_us=11 late_arms=0 com_preempts=0 com_arm_preempts=0
BEMFSECTOR a1=65535 f1=0 a2=65535 f2=0 a3=65535 f3=0 a4=65535 f4=0 a5=65535 f5=0 a6=65535 f6=0
BEMFPHASE lt075=27021 to100=65535 to125=65535 to150=16710 gt150=3014
BEMFREVISIT r1=30203 v1=11589 r2=27564 v2=13951 r3=23434 v3=17044 r4=40085 v4=15769 r5=17970 v5=11907 r6=34715 v6=20085
BEMFDRIVEN entered=1 epochs=21 accepts=13 early=15 unstable=288 defers=2 retries=0 late_max_us=18 qual_intervals=12 qual_reanchors=0 qual_fault=0 fail=0 seeded=1 seed_step=3 seed_us=757 commanded_us=833 irq_peak_per_ms=48 closed_irq_peak_per_ms=61 storm=0 storm_step=0 cap_armed=1 comp_call_max_us=16 overrun=0 blank_arms=841158 blank_latched=0 com_count=841159 com_late_max_us=9
BEMFGUARD reason=0 ticks=786939 gap_max_us=109 track_fault=0 track_max_us=240 fast_events=832390 fast_min_us=41 loop_iters_closed=2391343 loop_gap_max_us=154 acquire_us=16798
BEMFDRVROWS 9:3:7692:902 10:4:662:650 11:5:840:738 12:6:646:571 13:1:711:442 14:2:748:367 15:3:736:249 16:4:665:93
BEMFDRVROWS 17:5:763:15 18:6:887:79 19:1:786:13 20:2:815:21 21:3:832:15
BEMFCURRENT blocks=7869 mean_residual=10466 mean_ma=1314 hold_blocks=5423 hold_ma=1658 zero_blocks=50 zero_start=618051 zero_end=616158 zero_drift_ma=-237 ref_ma=326 duty_tenths=500 ceiling_tenths=500 worst_residual=16038 worst_ma=2013
BEMFWITNESS samples=118735 bemf_min=0 bemf_max=0 mid=0 mid_fixed=0 alt=0 hyst_codes=12 driven_rotation=0
vsenc_min=0 vsenc_max=0 star_min=0 star_max=0 bus_ref=1217
BEMFCOAST reason=2 pp_first=0 pp_last=0 crossings=0 spun=1 comp_edges=1654 comp_hi=362996 comp_polls=551534
COASTTIMING trans=1322 offset_us=38 first_us=243 iv_us=239,247,242,247,241,247,242,250 ehz_first=2092
SAGSNAP judged=786911 fast_len=512 slow_len=1024 slow_every=32 frozen=1 num=95 den=100 streak_to_latch=3 adc_rail=4095
SAGROW 40456 1134 1504 1133 1504 0 2 500 80
SAGROW 40556 1133 1504 1133 1504 0 3 500 95
SAGROW 40658 1133 1504 1133 1504 0 5 500 44
SAGROW 40752 1134 1504 1133 1504 0 6 500 56
SAGROW 40886 1135 1504 1133 1504 0 1 500 109
SAGROW 40973 1135 1504 1133 1504 0 2 500 116
SAGROW 41053 1135 1504 1133 1504 0 3 500 108
SAGROW 41166 1135 1504 1133 1504 0 5 500 74
SAGROW 41278 1135 1504 1133 1504 0 6 500 96
SAGROW 41373 1137 1505 1133 1504 0 2 500 115
SAGROW 41455 1138 1505 1133 1504 0 2 500 114
SAGROW 41573 1137 1505 1133 1504 0 4 500 72
SAGROW 41666 1137 1506 1133 1504 0 5 500 88
SAGROW 41793 1137 1505 1133 1504 0 1 500 53
SAGROW 41858 1137 1505 1133 1504 0 2 500 118
SAGROW 41959 1138 1505 1133 1504 0 3 500 55
SAGROW 42098 1138 1505 1133 1504 0 4 500 114
SAGROW 42181 1138 1505 1133 1504 0 5 500 115
SAGROW 42266 1141 1505 1133 1504 0 1 500 117
SAGROW 42381 1141 1505 1133 1504 0 2 500 78
SAGROW 42487 1141 1505 1133 1504 0 3 500 101
SAGROW 42581 1142 1505 1133 1504 0 5 500 117
SAGROW 42664 1142 1505 1133 1504 0 6 500 116
SAGROW 42793 1143 1505 1133 1504 0 6 500 163
SAGROW 42881 1143 1505 1133 1504 0 1 500 121
SAGROW 42963 1140 1506 1133 1504 0 2 500 53
SAGROW 43064 1132 1506 1133 1504 0 3 500 59
SAGROW 43183 1130 1505 1133 1504 0 5 500 103
SAGROW 43303 1126 1505 1133 1504 0 1 500 100
SAGROW 43396 1121 1505 1133 1504 0 3 500 74
SAGROW 43505 1119 1505 1133 1504 0 4 500 66
SAGROW 43574 1115 1505 1133 1504 0 5 500 60
SAGROW 43674 1110 1505 1133 1504 0 6 500 71
SAGROW 43788 1108 1505 1133 1504 0 2 500 109
SAGROW 43889 1110 1504 1133 1504 0 3 500 50
SAGROW 43991 1107 1504 1133 1504 0 4 500 68
SAGROW 44109 1106 1505 1133 1504 0 5 500 104
SAGROW 44212 1103 1505 1133 1504 0 1 500 46
SAGROW 44285 1101 1505 1133 1504 0 2 500 118
SAGROW 44386 1101 1504 1133 1504 0 3 500 61
SAGROW 44519 1101 1504 1133 1504 0 4 500 107
SAGROW 44610 1101 1504 1133 1504 0 6 500 40
SAGROW 44696 1100 1504 1133 1504 0 1 500 126
SAGROW 44794 1101 1504 1133 1504 0 2 500 61
SAGROW 44921 1102 1504 1133 1504 0 3 500 100
SAGROW 45011 1102 1503 1133 1504 0 5 500 41
SAGROW 45098 1101 1504 1133 1504 0 6 500 128
SAGROW 45199 1100 1504 1133 1504 0 1 500 64
SAGROW 45326 1098 1504 1133 1504 0 2 500 110
SAGROW 45423 1098 1504 1133 1504 0 4 500 125
SAGROW 45512 1100 1504 1133 1504 0 5 500 129
SAGROW 45590 1101 1504 1133 1504 0 6 500 45
SAGROW 45734 1102 1504 1133 1504 0 1 500 95
SAGROW 45825 1104 1504 1133 1504 0 3 500 41
SAGROW 45917 1104 1505 1133 1504 0 4 500 127
SAGROW 45996 1106 1504 1133 1504 0 5 500 48
SAGROW 46108 1108 1504 1132 1504 0 6 500 80
SAGROW 46230 1108 1504 1132 1504 0 1 500 116
SAGROW 46305 1109 1504 1132 1504 0 2 500 112
SAGROW 46417 1108 1504 1132 1504 0 4 500 61
SAGROW 46506 1110 1504 1132 1504 0 5 500 69
SAGROW 46623 1110 1504 1132 1504 0 6 500 101
SAGROW 46713 1112 1503 1132 1504 0 1 500 119
SAGROW 46806 1113 1504 1132 1504 0 3 500 50
SAGROW 46945 1114 1504 1132 1504 0 4 500 107
SAGROW 47040 1115 1504 1132 1504 0 6 500 117
SAGROW 47112 1117 1504 1132 1504 0 6 500 104
SAGROW 47218 1119 1505 1132 1504 0 2 500 50
SAGROW 47328 1118 1504 1132 1504 0 3 500 66
SAGROW 47442 1118 1505 1132 1504 0 4 500 108
SAGROW 47519 1118 1505 1132 1504 0 5 500 114
SAGROW 47634 1121 1504 1132 1504 0 1 500 63
SAGROW 47729 1122 1504 1132 1504 0 2 500 77
SAGROW 47828 1123 1505 1132 1504 0 3 500 81
SAGROW 47937 1122 1505 1132 1504 0 4 500 120
SAGROW 48030 1122 1505 1132 1504 0 6 500 131
SAGROW 48137 1124 1505 1132 1504 0 1 500 75
SAGROW 48249 1127 1505 1132 1504 0 2 500 105
SAGROW 48339 1126 1505 1132 1504 0 4 500 112
SAGROW 48423 1125 1505 1132 1504 0 5 500 42
SAGROW 48526 1125 1505 1132 1504 0 6 500 61
SAGROW 48654 1124 1505 1132 1504 0 1 500 107
SAGROW 48756 1125 1505 1132 1504 0 2 500 126
SAGROW 48824 1125 1505 1132 1504 0 3 500 101
SAGROW 48933 1126 1505 1132 1504 0 5 500 67
SAGROW 49027 1125 1505 1132 1504 0 6 500 53
SAGROW 49142 1128 1505 1132 1504 0 2 500 109
SAGROW 49242 1128 1505 1132 1504 0 3 500 49
SAGROW 49345 1129 1505 1132 1504 0 4 500 69
SAGROW 49463 1129 1505 1132 1504 0 5 500 105
SAGROW 49564 1131 1505 1132 1504 0 1 500 123
SAGROW 49649 1132 1504 1132 1504 0 2 500 43
SAGROW 49744 1131 1504 1132 1504 0 3 500 58
SAGROW 49872 1131 1504 1132 1504 0 4 500 102
SAGROW 49950 1129 1504 1132 1504 0 5 500 108
SAGROW 50053 1128 1504 1132 1504 0 1 500 131
SAGROW 50148 1127 1504 1132 1504 0 2 500 60
SAGROW 50243 1126 1504 1132 1504 0 3 500 71
SAGROW 50378 1123 1504 1132 1504 0 5 500 37
SAGROW 50458 1122 1504 1132 1504 0 6 500 39
SAGROW 50556 1122 1505 1132 1504 0 1 500 65
SAGROW 50663 1120 1505 1132 1504 0 2 500 80
SAGROW 50790 1121 1505 1132 1504 0 4 500 52
SAGROW 50862 1120 1504 1132 1504 0 5 500 45
SAGROW 50953 1120 1505 1132 1504 0 6 500 52
SAGROW 51080 1120 1504 1132 1504 0 1 500 96
SAGROW 51188 1120 1505 1132 1504 0 2 500 122
SAGROW 51281 1121 1504 1132 1504 0 4 500 51
SAGROW 51356 1121 1504 1132 1504 0 5 500 53
SAGROW 51457 1122 1505 1132 1504 0 6 500 51
SAGROW 51579 1121 1504 1132 1504 0 1 500 111
SAGROW 51660 1125 1505 1132 1504 0 2 500 114
SAGROW 51775 1126 1504 1132 1504 0 4 500 63
SAGROW 51875 1126 1504 1132 1504 0 5 500 79
SAGROW 51973 1127 1504 1132 1504 0 6 500 92
SAGROW 52074 1127 1504 1132 1504 0 2 500 88
SAGROW 52157 1126 1504 1132 1504 0 2 500 116
SAGROW 52275 1126 1504 1132 1504 0 4 500 71
SAGROW 52390 1127 1504 1132 1504 0 5 500 110
SAGROW 52473 1126 1504 1132 1504 0 6 500 113
SAGROW 52574 1123 1504 1132 1504 0 2 500 46
SAGROW 52667 1123 1504 1132 1504 0 3 500 58
SAGROW 52792 1124 1504 1132 1504 0 4 500 101
SAGROW 52895 1124 1504 1132 1504 0 6 500 42
SAGROW 52979 1126 1504 1132 1504 0 1 500 52
SAGROW 53100 1126 1504 1132 1504 0 2 500 94
SAGROW 53196 1125 1505 1132 1504 0 3 500 108
SAGROW 53288 1124 1504 1132 1504 0 5 500 118
SAGROW 53381 1125 1504 1132 1504 0 6 500 43
SAGROW 53483 1124 1504 1132 1504 0 1 500 62
SAGROW 53603 1123 1504 1132 1504 0 2 500 99
SAGROW 53719 1124 1504 1132 1504 0 4 500 129
SAGROW 53810 1125 1504 1132 1504 0 4 500 131
SAGROW 53885 1125 1504 1132 1504 0 6 500 55
SAGROW 53982 1125 1504 1132 1504 0 1 500 76
SAGROW 54110 1126 1504 1132 1504 0 3 500 40
SAGROW 54190 1129 1504 1132 1504 0 4 500 120
SAGROW 54288 1131 1504 1132 1504 0 5 500 56
SAGROW 54383 1134 1504 1132 1504 0 6 500 68
SAGROW 54516 1133 1504 1132 1504 0 1 500 120
SAGROW 54608 1132 1504 1132 1504 0 3 500 42
SAGROW 54699 1132 1504 1132 1504 0 4 500 57
SAGROW 54791 1132 1505 1132 1504 0 5 500 75
SAGROW 54903 1134 1505 1132 1504 0 6 500 106
SAGROW 54998 1136 1505 1132 1504 0 2 500 117
SAGROW 55098 1136 1505 1132 1504 0 3 500 52
SAGROW 55224 1133 1505 1132 1504 0 4 500 97
SAGROW 55304 1134 1505 1132 1504 0 5 500 73
SAGROW 55414 1133 1505 1132 1504 0 1 500 124
SAGROW 55506 1133 1505 1132 1504 0 2 500 64
SAGROW 55601 1133 1505 1132 1504 0 3 500 75
SAGROW 55729 1131 1505 1132 1504 0 5 500 37
SAGROW 55817 1129 1505 1132 1504 0 6 500 43
SAGROW 55902 1129 1504 1132 1504 0 1 500 127
SAGROW 56006 1129 1505 1132 1504 0 2 500 66
SAGROW 56145 1129 1505 1132 1504 0 3 500 123
SAGROW 56222 1129 1504 1132 1504 0 4 500 110
SAGROW 56303 1131 1504 1132 1504 0 6 500 118
SAGROW 56417 1130 1504 1132 1504 0 1 500 76
SAGROW 56529 1131 1504 1132 1504 0 2 500 106
SAGROW 56618 1132 1504 1132 1504 0 3 500 114
SAGROW 56708 1132 1504 1132 1504 0 4 500 123
SAGROW 56814 1131 1504 1132 1504 0 6 500 63
SAGROW 56942 1131 1504 1132 1504 0 1 500 107
SAGROW 57032 1131 1504 1132 1504 0 3 500 44
SAGROW 57122 1132 1505 1132 1504 0 4 500 133
SAGROW 57222 1132 1504 1132 1504 0 5 500 70
SAGROW 57315 1131 1504 1132 1504 0 6 500 81
SAGROW 57437 1131 1504 1132 1504 0 1 500 116
SAGROW 57527 1131 1505 1132 1504 0 3 500 45
SAGROW 57642 1133 1505 1132 1504 0 4 500 78
SAGROW 57754 1133 1505 1132 1504 0 5 500 107
SAGROW 57828 1132 1504 1132 1504 0 6 500 102
SAGROW 57935 1130 1504 1132 1504 0 2 500 55
SAGROW 58027 1129 1503 1132 1504 0 3 500 60
SAGROW 58162 1129 1503 1132 1504 0 4 500 118
SAGROW 58246 1128 1503 1132 1504 0 5 500 118
SAGROW 58329 1129 1503 1132 1504 0 6 500 115
SAGROW 58436 1127 1503 1132 1504 0 2 500 59
SAGROW 58537 1126 1503 1132 1504 0 3 500 61
SAGROW 58651 1129 1503 1132 1504 0 4 500 109
SAGROW 58729 1129 1503 1132 1504 0 6 500 115
SAGROW 58837 1130 1504 1132 1504 0 1 500 58
SAGROW 58924 1130 1504 1132 1504 0 2 500 66
SAGROW 59050 1131 1504 1132 1504 0 3 500 110
SAGROW 59147 1131 1504 1132 1504 0 5 500 40
SAGROW 59249 1130 1504 1132 1504 0 6 500 60
SAGROW 59377 1129 1505 1132 1504 0 1 500 88
SAGROW 59457 1129 1505 1132 1504 0 2 500 104
SAGROW 59558 1130 1505 1132 1504 0 4 500 124
SAGROW 59637 1130 1504 1132 1504 0 5 500 46
SAGROW 59748 1130 1504 1132 1504 0 6 500 77
SAGROW 59871 1131 1504 1132 1504 0 1 500 116
SAGROW 59962 1129 1504 1132 1504 0 3 500 42
SAGROW 60043 1131 1504 1132 1504 0 4 500 124
SAGROW 60162 1131 1503 1132 1504 0 5 500 67
SAGROW 60275 1131 1504 1132 1504 0 6 500 107
SAGROW 60360 1130 1504 1132 1504 0 2 500 42
SAGROW 60454 1131 1504 1132 1504 0 3 500 43
SAGROW 60545 1131 1504 1132 1504 0 3 500 135
SAGROW 60670 1130 1504 1132 1504 0 5 500 101
SAGROW 60771 1129 1504 1132 1504 0 1 500 122
SAGROW 60858 1130 1504 1132 1504 0 2 500 44
SAGROW 60954 1131 1504 1132 1504 0 3 500 55
SAGROW 61088 1132 1503 1132 1504 0 4 500 108
SAGROW 61178 1133 1504 1132 1504 0 6 500 37
SAGROW 61259 1133 1503 1132 1504 0 1 500 117
SAGROW 61373 1131 1504 1132 1504 0 2 500 78
SAGROW 61472 1133 1504 1132 1504 0 3 500 93
SAGROW 61581 1134 1504 1132 1504 0 4 500 122
SAGROW 61665 1134 1504 1132 1504 0 6 500 121
SAGROW 61761 1134 1504 1132 1504 0 6 500 130
SAGROW 61886 1132 1505 1132 1504 0 1 500 110
SAGROW 61960 1132 1505 1132 1504 0 3 500 41
SAGROW 62086 1133 1506 1132 1504 0 5 500 43
SAGROW 62174 1134 1505 1132 1504 0 6 500 66
SAGROW 62269 1134 1505 1132 1504 0 1 500 75
SAGROW 62381 1132 1505 1132 1504 0 2 500 106
SAGROW 62469 1132 1505 1132 1504 0 3 500 112
SAGROW 62570 1130 1504 1132 1504 0 5 500 45
SAGROW 62694 1131 1504 1132 1504 0 6 500 89
SAGROW 62791 1131 1504 1132 1504 0 1 500 82
SAGROW 62890 1131 1504 1132 1504 0 3 500 122
SAGROW 62978 1131 1504 1132 1504 0 4 500 56
SAGROW 63065 1131 1504 1132 1504 0 5 500 58
SAGROW 63199 1132 1504 1132 1504 0 6 500 113
SAGROW 63290 1134 1504 1132 1504 0 1 500 119
SAGROW 63380 1135 1505 1132 1504 0 3 500 45
SAGROW 63509 1135 1505 1132 1504 0 4 500 93
SAGROW 63591 1134 1505 1132 1504 0 5 500 56
SAGROW 63684 1135 1505 1132 1504 0 6 500 105
SAGROW 63780 1135 1505 1132 1504 0 2 500 48
SAGROW 63892 1135 1505 1132 1504 0 3 500 77
SAGROW 64012 1134 1506 1132 1504 0 4 500 114
SAGROW 64095 1132 1506 1132 1504 0 5 500 114
SAGROW 64201 1133 1505 1132 1504 0 1 500 54
SAGROW 64290 1133 1505 1132 1504 0 2 500 60
SAGROW 64390 1133 1506 1132 1504 0 3 500 78
SAGROW 64504 1131 1506 1132 1504 0 4 500 109
SAGROW 64582 1130 1506 1132 1504 0 6 500 115
SAGROW 64704 1127 1506 1132 1504 0 1 500 72
SAGROW 64791 1126 1505 1132 1504 0 2 500 80
SAGROW 64924 1127 1505 1132 1504 0 4 500 50
SAGROW 65002 1126 1504 1132 1504 0 5 500 44
SAGROW 65103 1125 1504 1132 1504 0 6 500 61
SAGROW 65231 1127 1504 1132 1504 0 1 500 107
SAGROW 65327 1127 1504 1132 1504 0 3 500 40
SAGROW 65412 1128 1503 1132 1504 0 3 500 125
SAGROW 65499 1129 1504 1132 1504 0 5 500 54
SAGROW 69 1130 1503 1132 1504 0 6 500 82
SAGROW 191 1129 1504 1132 1504 0 1 500 117
SAGROW 266 1131 1504 1132 1504 0 2 500 112
SAGROW 385 1132 1504 1132 1504 0 4 500 68
SAGROW 472 1132 1504 1132 1504 0 5 500 61
SAGROW 585 1131 1504 1132 1504 0 6 500 101
SAGROW 680 1132 1504 1132 1504 0 2 500 47
SAGROW 762 1132 1504 1132 1504 0 3 500 130
SAGROW 911 1132 1504 1132 1504 0 4 500 102
SAGROW 986 1134 1504 1132 1504 0 5 500 97
SAGROW 1088 1133 1503 1132 1504 0 1 500 123
SAGROW 1175 1132 1504 1132 1504 0 2 500 45
SAGROW 1270 1132 1504 1132 1504 0 3 500 55
SAGROW 1395 1136 1504 1132 1504 0 4 500 102
SAGROW 1478 1135 1504 1132 1504 0 5 500 110
SAGROW 1593 1136 1504 1132 1504 0 1 500 60
SAGROW 1679 1137 1504 1132 1504 0 2 500 68
SAGROW 1772 1136 1504 1132 1504 0 3 500 78
SAGROW 1900 1135 1504 1132 1504 0 5 500 39
SAGROW 1978 1136 1504 1132 1504 0 5 500 117
SAGROW 2103 1134 1505 1132 1504 0 1 500 72
SAGROW 2221 1131 1505 1132 1504 0 2 500 112
SAGROW 2301 1133 1505 1132 1504 0 3 500 106
SAGROW 2394 1133 1505 1132 1504 0 5 500 49
SAGROW 2502 1131 1505 1132 1504 0 6 500 78
SAGROW 2604 1131 1505 1132 1504 0 1 500 95
SAGROW 2705 1130 1505 1132 1504 0 2 500 115
SAGROW 2806 1130 1505 1132 1504 0 4 500 51
SAGROW 2886 1130 1505 1132 1504 0 5 500 49
SAGROW 2987 1129 1505 1132 1504 0 6 500 55
SAGROW 3121 1129 1505 1132 1504 0 1 500 122
SAGROW 3205 1128 1505 1132 1504 0 3 500 40
SAGROW 3316 1124 1505 1132 1504 0 4 500 68
SAGROW 3416 1123 1505 1132 1504 0 5 500 94
SAGROW 3518 1125 1505 1132 1504 0 6 500 115
SAGROW 3601 1126 1505 1132 1504 0 2 500 114
SAGROW 3701 1125 1505 1132 1504 0 3 500 51
SAGROW 3827 1127 1505 1132 1504 0 4 500 96
SAGROW 3916 1126 1506 1132 1504 0 5 500 105
SAGROW 4012 1127 1506 1132 1504 0 1 500 118
SAGROW 4107 1131 1506 1132 1504 0 2 500 58
SAGROW 4202 1133 1505 1132 1504 0 3 500 71
SAGROW 4335 1127 1505 1132 1504 0 4 500 123
SAGROW 4410 1128 1505 1132 1504 0 5 500 114
SAGROW 4517 1129 1506 1132 1504 0 1 500 55
SAGROW 4637 1130 1505 1132 1504 0 2 500 95
SAGROW 4755 1129 1505 1132 1504 0 4 500 46
SAGROW 4819 1129 1504 1132 1504 0 4 500 112
SAGROW 4920 1129 1504 1132 1504 0 6 500 59
SAGROW 5015 1128 1505 1132 1504 0 1 500 69
SAGROW 5141 1133 1504 1132 1504 0 2 500 114
SAGROW 5242 1132 1504 1132 1504 0 4 500 50
SAGROW 5325 1132 1504 1132 1504 0 5 500 133
SAGROW 5426 1130 1504 1132 1504 0 6 500 72
SAGROW 5542 1132 1504 1132 1504 0 1 500 98
SAGROW 5634 1131 1504 1132 1504 0 3 500 42
SAGROW 5736 1132 1504 1132 1504 0 4 500 65
SAGROW 5831 1131 1504 1132 1504 0 5 500 75
SAGROW 5944 1130 1504 1132 1504 0 6 500 105
SAGROW 6039 1130 1504 1132 1504 0 1 500 118
SAGROW 6135 1129 1504 1132 1504 0 3 500 45
SAGROW 6265 1129 1504 1132 1504 0 4 500 100
SAGROW 6348 1134 1504 1132 1504 0 5 500 108
SAGROW 6457 1134 1504 1132 1504 0 1 500 53
SAGROW 6521 1131 1504 1132 1504 0 2 500 118
SAGROW 6642 1129 1505 1132 1504 0 3 500 74
SAGROW 6763 1128 1505 1132 1504 0 4 500 113
SAGROW 6853 1128 1505 1132 1504 0 6 500 39
SAGROW 6939 1128 1505 1132 1504 0 1 500 125
SAGROW 7032 1127 1505 1132 1504 0 2 500 55
SAGROW 7153 1122 1505 1132 1504 0 3 500 95
SAGROW 7247 1122 1505 1132 1504 0 5 500 118
SAGROW 7339 1119 1505 1132 1504 0 6 500 43
SAGROW 7444 1119 1504 1132 1504 0 1 500 65
SAGROW 7561 1119 1504 1132 1504 0 2 500 99
SAGROW 7669 1120 1504 1132 1504 0 4 500 45
SAGROW 7746 1121 1504 1132 1504 0 5 500 49
SAGROW 7855 1121 1504 1132 1504 0 6 500 78
SAGROW 7957 1119 1504 1132 1504 0 1 500 95
SAGROW 8058 1119 1504 1132 1504 0 2 500 115
SAGROW 8141 1123 1504 1132 1504 0 3 500 115
SAGROW 8243 1123 1504 1132 1504 0 5 500 53
SAGROW 8341 1120 1505 1132 1504 0 6 500 68
SAGROW 8474 1119 1505 1132 1504 0 1 500 122
SAGROW 8565 1118 1504 1132 1504 0 3 500 38
SAGROW 8667 1118 1504 1132 1504 0 4 500 70
SAGROW 8767 1118 1504 1132 1504 0 5 500 81
SAGROW 8876 1117 1504 1132 1504 0 1 500 121
SAGROW 8960 1118 1505 1132 1504 0 1 500 122
SAGROW 9053 1120 1505 1132 1504 0 3 500 48
SAGROW 9181 1123 1505 1132 1504 0 4 500 99
SAGROW 9264 1123 1505 1132 1504 0 5 500 107
SAGROW 9363 1123 1505 1132 1504 0 1 500 128
SAGROW 9458 1123 1505 1132 1504 0 2 500 57
SAGROW 9564 1124 1505 1132 1504 0 3 500 80
SAGROW 9683 1127 1505 1132 1504 0 4 500 118
SAGROW 9774 1125 1505 1132 1504 0 6 500 42
SAGROW 9865 1125 1505 1132 1504 0 1 500 54
SAGROW 9991 1124 1505 1132 1504 0 2 500 98
SAGROW 10087 1123 1504 1132 1504 0 4 500 119
SAGROW 10171 1123 1504 1132 1504 0 5 500 41
SAGROW 10259 1125 1505 1132 1504 0 6 500 47
SAGROW 10371 1127 1505 1132 1504 0 1 500 76
SAGROW 10504 1125 1505 1132 1504 0 3 500 126
SAGROW 10570 1126 1505 1132 1504 0 3 500 99
SAGROW 10663 1126 1505 1132 1504 0 5 500 49
SAGROW 10772 1127 1505 1132 1504 0 6 500 79
SAGROW 10894 1126 1505 1132 1504 0 1 500 116
SAGROW 10984 1128 1506 1132 1504 0 3 500 41
SAGROW 11088 1127 1505 1132 1504 0 4 500 64
SAGROW 11197 1125 1505 1132 1504 0 5 500 86
SAGROW 11313 1123 1505 1132 1504 0 1 500 44
SAGROW 11385 1124 1505 1132 1504 0 2 500 117
SAGROW 11493 1123 1505 1132 1504 0 3 500 61
SAGROW 11615 1122 1505 1132 1504 0 4 500 79
SAGROW 11704 1122 1505 1132 1504 0 6 500 114
SAGROW 11785 1122 1504 1132 1504 0 6 500 114
SAGROW 11879 1123 1504 1132 1504 0 2 500 43
SAGROW 12012 1122 1504 1132 1504 0 3 500 94
SAGROW 12110 1125 1503 1132 1504 0 5 500 37
SAGROW 12192 1124 1503 1132 1504 0 6 500 41
SAGROW 12296 1124 1503 1132 1504 0 1 500 60
SAGROW 12382 1126 1503 1132 1504 0 2 500 65
SAGROW 12509 1125 1504 1132 1504 0 3 500 109
SAGROW 12605 1125 1503 1132 1504 0 5 500 40
SAGROW 12684 1123 1503 1132 1504 0 6 500 119
SAGROW 12823 1124 1503 1132 1504 0 1 500 96
SAGROW 12905 1122 1503 1132 1504 0 2 500 96
SAGROW 12993 1121 1503 1132 1504 0 3 500 110
SAGROW 13093 1123 1504 1132 1504 0 5 500 47
SAGROW 13209 1122 1504 1132 1504 0 6 500 80
SAGROW 13324 1122 1504 1132 1504 0 1 500 109
SAGROW 13410 1122 1504 1132 1504 0 2 500 116
SAGROW 13497 1123 1504 1132 1504 0 4 500 117
SAGROW 13604 1121 1504 1132 1504 0 5 500 74
SAGROW 13716 1123 1504 1132 1504 0 6 500 107
SAGROW 13815 1124 1504 1132 1504 0 2 500 41
SAGROW 13894 1123 1504 1132 1504 0 3 500 119
SAGROW 14038 1122 1504 1132 1504 0 4 500 98
SAGROW 14141 1122 1504 1132 1504 0 6 500 37
SAGROW 14225 1122 1504 1132 1504 0 1 500 48
SAGROW 14313 1121 1504 1132 1504 0 2 500 59
SAGROW 14408 1123 1504 1132 1504 0 3 500 71
SAGROW 14541 1122 1505 1132 1504 0 4 500 122
SAGROW 14626 1121 1505 1132 1504 0 6 500 39
SAGROW 14714 1122 1504 1132 1504 0 1 500 127
SAGROW 14813 1123 1504 1132 1504 0 2 500 61
SAGROW 14934 1123 1504 1132 1504 0 3 500 74
SAGROW 15023 1124 1504 1132 1504 0 5 500 110
SAGROW 15110 1124 1504 1132 1504 0 6 500 43
SAGROW 15228 1122 1504 1132 1504 0 1 500 75
SAGROW 15340 1121 1504 1132 1504 0 2 500 106
SAGROW 15429 1119 1503 1132 1504 0 3 500 113
SAGROW 15519 1118 1503 1132 1504 0 4 500 122
SAGROW 15632 1117 1503 1132 1504 0 6 500 71
SAGROW 15747 1118 1503 1132 1504 0 1 500 98
SAGROW 15840 1117 1503 1132 1504 0 3 500 46
SAGROW 15942 1116 1504 1132 1504 0 4 500 65
SAGROW 16017 1116 1504 1132 1504 0 5 500 54
SAGROW 16123 1117 1504 1132 1504 0 6 500 78
SAGROW 16251 1116 1504 1132 1504 0 2 500 42
SAGROW 16337 1118 1504 1132 1504 0 3 500 39
SAGROW 16457 1119 1504 1132 1504 0 4 500 73
SAGROW 16547 1118 1503 1132 1504 0 5 500 102
SAGROW 16650 1116 1503 1132 1504 0 1 500 125
SAGROW 16739 1117 1503 1132 1504 0 2 500 48
SAGROW 16832 1116 1503 1132 1504 0 3 500 58
SAGROW 16955 1117 1503 1132 1504 0 4 500 102
SAGROW 17049 1117 1504 1132 1504 0 5 500 107
SAGROW 17159 1118 1504 1132 1504 0 1 500 103
SAGROW 17237 1117 1504 1132 1504 0 2 500 56
SAGROW 17358 1118 1504 1132 1504 0 3 500 94
SAGROW 17452 1121 1505 1132 1504 0 5 500 117
SAGROW 17544 1121 1505 1132 1504 0 6 500 42
SAGROW 17646 1123 1505 1132 1504 0 1 500 63
SAGROW 17756 1124 1505 1132 1504 0 2 500 89
SAGROW 17860 1126 1505 1132 1504 0 3 500 89
SAGROW 17942 1126 1505 1131 1504 0 4 500 114
SAGROW 18045 1125 1505 1131 1504 0 6 500 61
SAGROW 18173 1125 1505 1131 1504 0 1 500 105
SAGROW 18270 1124 1505 1131 1504 0 3 500 38
SAGROW 18374 1124 1505 1131 1504 0 4 500 60
SAGROW 18451 1123 1505 1131 1504 0 5 500 137
SAGROW 18562 1121 1505 1131 1504 0 6 500 87
SAGROW 18668 1121 1504 1131 1504 0 2 500 39
SAGROW 18746 1121 1505 1131 1504 0 3 500 118
SAGROW 18874 1121 1505 1131 1504 0 4 500 82
SAGROW 18974 1126 1505 1131 1504 0 5 500 94
SAGROW 19085 1128 1504 1131 1504 0 1 500 45
SAGROW 19165 1129 1504 1131 1504 0 2 500 39
SAGROW 19249 1130 1504 1131 1504 0 3 500 123
SAGROW 19395 1131 1505 1131 1504 0 4 500 108
SAGROW 19472 1131 1505 1131 1504 0 6 500 110
SAGROW 19579 1130 1506 1131 1504 0 1 500 53
SAGROW 19663 1131 1506 1131 1504 0 2 500 55
SAGROW 19783 1126 1506 1131 1504 0 3 500 93
SAGROW 19899 1125 1506 1131 1504 0 4 500 121
SAGROW 19975 1125 1506 1131 1504 0 6 500 38
SAGROW 20072 1124 1506 1131 1504 0 1 500 63
SAGROW 20166 1124 1505 1131 1504 0 2 500 80
SAGROW 20300 1125 1505 1131 1504 0 4 500 49
SAGROW 20379 1126 1505 1131 1504 0 5 500 41
SAGROW 20467 1126 1505 1131 1504 0 6 500 48
SAGROW 20608 1124 1505 1131 1504 0 1 500 108
SAGROW 20675 1125 1505 1131 1504 0 2 500 92
SAGROW 20776 1124 1505 1131 1504 0 3 500 87
SAGROW 20868 1125 1505 1131 1504 0 5 500 49
SAGROW 20976 1125 1505 1131 1504 0 6 500 78
SAGROW 21100 1124 1504 1131 1504 0 1 500 116
SAGROW 21191 1122 1504 1131 1504 0 3 500 43
SAGROW 21294 1123 1504 1131 1504 0 4 500 65
SAGROW 21405 1123 1504 1131 1504 0 5 500 81
SAGROW 21507 1121 1504 1131 1504 0 1 500 113
SAGROW 21585 1121 1504 1131 1504 0 1 500 118
SAGROW 21692 1121 1504 1131 1504 0 3 500 76
SAGROW 21806 1122 1504 1131 1504 0 4 500 97
SAGROW 21902 1121 1504 1131 1504 0 5 500 109
SAGROW 22006 1120 1505 1131 1504 0 1 500 46
SAGROW 22086 1120 1505 1131 1504 0 2 500 46
SAGROW 22193 1120 1505 1131 1504 0 3 500 64
SAGROW 22312 1122 1505 1131 1504 0 4 500 109
SAGROW 22389 1122 1505 1131 1504 0 5 500 112
SAGROW 22505 1121 1504 1131 1504 0 1 500 62
SAGROW 22591 1120 1504 1131 1504 0 2 500 68
SAGROW 22683 1121 1503 1131 1504 0 3 500 78
SAGROW 22817 1121 1503 1131 1504 0 5 500 43
SAGROW 22900 1122 1503 1131 1504 0 6 500 48
SAGROW 22993 1122 1503 1131 1504 0 1 500 69
SAGROW 23122 1120 1503 1131 1504 0 3 500 37
SAGROW 23226 1121 1503 1131 1504 0 4 500 59
SAGROW 23301 1121 1503 1131 1504 0 5 500 50
SAGROW 23428 1122 1503 1131 1504 0 6 500 80
SAGROW 23534 1122 1504 1131 1504 0 1 500 117
SAGROW 23615 1122 1504 1131 1504 0 2 500 116
SAGROW 23702 1122 1504 1131 1504 0 4 500 115
SAGROW 23795 1123 1504 1131 1504 0 5 500 59
SAGROW 23921 1124 1504 1131 1504 0 6 500 107
SAGROW 24020 1123 1504 1131 1504 0 2 500 39
SAGROW 24099 1123 1504 1131 1504 0 3 500 118
SAGROW 24225 1121 1504 1131 1504 0 4 500 80
SAGROW 24337 1120 1504 1131 1504 0 5 500 110
SAGROW 24417 1118 1504 1131 1504 0 6 500 93
SAGROW 24507 1117 1504 1131 1504 0 2 500 117
SAGROW 24614 1116 1504 1131 1504 0 3 500 61
SAGROW 24747 1116 1504 1131 1504 0 4 500 122
SAGROW 24826 1114 1504 1131 1504 0 6 500 117
SAGROW 24907 1112 1505 1131 1504 0 6 500 115
SAGROW 25015 1113 1505 1131 1504 0 2 500 51
SAGROW 25131 1113 1505 1131 1504 0 3 500 88
SAGROW 25233 1115 1505 1131 1504 0 4 500 113
SAGROW 25310 1116 1505 1131 1504 0 6 500 116
SAGROW 25432 1114 1505 1131 1504 0 1 500 73
SAGROW 25544 1115 1505 1131 1504 0 2 500 105
SAGROW 25632 1116 1505 1131 1504 0 3 500 111
SAGROW 25733 1116 1505 1131 1504 0 5 500 131
SAGROW 25820 1118 1504 1131 1504 0 6 500 53
SAGROW 25951 1119 1504 1131 1504 0 1 500 110
SAGROW 26042 1119 1503 1131 1504 0 3 500 41
SAGROW 26146 1119 1504 1131 1504 0 4 500 63
SAGROW 26221 1121 1504 1131 1504 0 5 500 54
SAGROW 26346 1121 1504 1131 1504 0 6 500 95
SAGROW 26454 1120 1504 1131 1504 0 1 500 121
SAGROW 26529 1123 1504 1131 1504 0 2 500 114
SAGSLOW 1130 1504 1132 1504
SAGSLOW 1138 1504 1132 1504
SAGSLOW 1139 1504 1132 1504
SAGSLOW 1135 1504 1132 1504
SAGSLOW 1134 1505 1132 1504
SAGSLOW 1134 1504 1132 1504
SAGSLOW 1134 1505 1132 1504
SAGSLOW 1134 1505 1132 1504
SAGSLOW 1129 1505 1132 1504
SAGSLOW 1134 1505 1132 1504
SAGSLOW 1137 1506 1132 1504
SAGSLOW 1142 1504 1132 1504
SAGSLOW 1138 1504 1133 1504
SAGSLOW 1128 1503 1133 1504
SAGSLOW 1132 1505 1132 1504
SAGSLOW 1131 1505 1132 1504
SAGSLOW 1130 1505 1132 1504
SAGSLOW 1128 1505 1132 1504
SAGSLOW 1128 1505 1132 1504
SAGSLOW 1128 1505 1132 1504
SAGSLOW 1129 1504 1132 1504
SAGSLOW 1130 1505 1132 1504
SAGSLOW 1126 1505 1132 1504
SAGSLOW 1142 1504 1132 1504
SAGSLOW 1134 1503 1132 1504
SAGSLOW 1135 1504 1132 1504
SAGSLOW 1130 1505 1132 1504
SAGSLOW 1126 1504 1132 1504
SAGSLOW 1144 1505 1132 1504
SAGSLOW 1133 1505 1132 1504
SAGSLOW 1141 1504 1132 1504
SAGSLOW 1131 1504 1132 1504
SAGSLOW 1135 1504 1132 1504
SAGSLOW 1138 1505 1133 1504
SAGSLOW 1130 1504 1132 1504
SAGSLOW 1141 1504 1133 1504
SAGSLOW 1147 1504 1133 1504
SAGSLOW 1146 1505 1133 1504
SAGSLOW 1135 1505 1133 1504
SAGSLOW 1134 1505 1133 1504
SAGSLOW 1135 1504 1133 1504
SAGSLOW 1132 1504 1133 1504
SAGSLOW 1131 1504 1133 1504
SAGSLOW 1129 1505 1133 1504
SAGSLOW 1138 1504 1133 1504
SAGSLOW 1134 1506 1133 1504
SAGSLOW 1139 1504 1133 1504
SAGSLOW 1132 1504 1133 1504
SAGSLOW 1134 1505 1133 1504
SAGSLOW 1134 1505 1133 1504
SAGSLOW 1139 1505 1133 1504
SAGSLOW 1141 1504 1133 1504
SAGSLOW 1144 1505 1133 1504
SAGSLOW 1137 1505 1133 1504
SAGSLOW 1143 1504 1134 1504
SAGSLOW 1138 1505 1134 1504
SAGSLOW 1141 1504 1134 1504
SAGSLOW 1131 1505 1134 1504
SAGSLOW 1128 1505 1134 1504
SAGSLOW 1134 1504 1134 1504
SAGSLOW 1137 1504 1134 1504
SAGSLOW 1135 1505 1134 1504
SAGSLOW 1136 1505 1134 1504
SAGSLOW 1131 1505 1134 1504
SAGSLOW 1136 1505 1134 1504
SAGSLOW 1130 1504 1134 1504
SAGSLOW 1130 1505 1134 1504
SAGSLOW 1140 1504 1134 1504
SAGSLOW 1141 1504 1134 1504
SAGSLOW 1132 1504 1134 1504
SAGSLOW 1136 1504 1134 1504
SAGSLOW 1133 1505 1134 1504
SAGSLOW 1131 1504 1134 1504
SAGSLOW 1145 1504 1134 1504
SAGSLOW 1134 1505 1134 1504
SAGSLOW 1142 1505 1134 1504
SAGSLOW 1137 1504 1134 1504
SAGSLOW 1137 1505 1135 1504
SAGSLOW 1131 1504 1135 1504
SAGSLOW 1132 1504 1135 1504
SAGSLOW 1131 1503 1134 1504
SAGSLOW 1131 1504 1134 1504
SAGSLOW 1129 1505 1134 1504
SAGSLOW 1131 1505 1134 1504
SAGSLOW 1133 1503 1134 1504
SAGSLOW 1128 1504 1134 1504
SAGSLOW 1133 1504 1134 1504
SAGSLOW 1139 1505 1134 1504
SAGSLOW 1132 1505 1134 1504
SAGSLOW 1131 1505 1134 1504
SAGSLOW 1131 1504 1134 1504
SAGSLOW 1132 1504 1134 1504
SAGSLOW 1132 1504 1134 1504
SAGSLOW 1134 1505 1134 1504
SAGSLOW 1137 1504 1134 1504
SAGSLOW 1136 1504 1134 1504
SAGSLOW 1144 1504 1134 1504
SAGSLOW 1138 1505 1134 1504
SAGSLOW 1141 1505 1134 1504
SAGSLOW 1148 1504 1135 1504
SAGSLOW 1139 1505 1135 1504
SAGSLOW 1140 1505 1135 1504
SAGSLOW 1139 1505 1135 1504
SAGSLOW 1137 1504 1135 1504
SAGSLOW 1144 1504 1135 1504
SAGSLOW 1141 1505 1135 1504
SAGSLOW 1139 1504 1135 1504
SAGSLOW 1138 1504 1135 1504
SAGSLOW 1150 1503 1136 1504
SAGSLOW 1144 1504 1136 1504
SAGSLOW 1134 1504 1136 1504
SAGSLOW 1137 1504 1136 1504
SAGSLOW 1130 1504 1136 1504
SAGSLOW 1133 1505 1136 1504
SAGSLOW 1143 1505 1136 1504
SAGSLOW 1140 1505 1136 1504
SAGSLOW 1145 1503 1136 1504
SAGSLOW 1135 1505 1136 1504
SAGSLOW 1142 1504 1136 1504
SAGSLOW 1144 1506 1136 1504
SAGSLOW 1145 1505 1136 1504
SAGSLOW 1152 1505 1137 1504
SAGSLOW 1140 1504 1137 1504
SAGSLOW 1140 1504 1137 1504
SAGSLOW 1136 1504 1137 1504
SAGSLOW 1131 1504 1137 1504
SAGSLOW 1134 1505 1137 1504
SAGSLOW 1142 1504 1137 1504
SAGSLOW 1144 1504 1137 1504
SAGSLOW 1149 1505 1137 1504
SAGSLOW 1147 1504 1137 1504
SAGSLOW 1142 1504 1137 1504
SAGSLOW 1133 1504 1137 1504
SAGSLOW 1136 1505 1137 1504
SAGSLOW 1138 1505 1137 1504
SAGSLOW 1140 1504 1137 1504
SAGSLOW 1133 1505 1137 1504
SAGSLOW 1133 1504 1137 1504
SAGSLOW 1146 1504 1137 1504
SAGSLOW 1142 1505 1137 1504
SAGSLOW 1140 1504 1137 1504
SAGSLOW 1140 1505 1137 1504
SAGSLOW 1128 1505 1137 1504
SAGSLOW 1139 1505 1137 1504
SAGSLOW 1147 1505 1138 1504
SAGSLOW 1145 1504 1138 1504
SAGSLOW 1146 1504 1138 1504
SAGSLOW 1142 1505 1138 1504
SAGSLOW 1148 1504 1138 1504
SAGSLOW 1143 1504 1138 1504
SAGSLOW 1139 1505 1138 1504
SAGSLOW 1139 1504 1138 1504
SAGSLOW 1145 1505 1138 1504
SAGSLOW 1147 1505 1138 1504
SAGSLOW 1141 1505 1139 1504
SAGSLOW 1141 1504 1139 1504
SAGSLOW 1132 1505 1139 1504
SAGSLOW 1136 1504 1138 1504
SAGSLOW 1145 1504 1139 1504
SAGSLOW 1144 1504 1139 1504
SAGSLOW 1140 1504 1139 1504
SAGSLOW 1142 1504 1139 1504
SAGSLOW 1148 1505 1139 1504
SAGSLOW 1142 1504 1139 1504
SAGSLOW 1142 1505 1139 1504
SAGSLOW 1141 1504 1139 1504
SAGSLOW 1150 1504 1139 1504
SAGSLOW 1143 1504 1139 1504
SAGSLOW 1139 1504 1139 1504
SAGSLOW 1149 1504 1140 1504
SAGSLOW 1142 1505 1140 1504
SAGSLOW 1147 1504 1140 1504
SAGSLOW 1146 1505 1140 1504
SAGSLOW 1149 1504 1140 1504
SAGSLOW 1144 1505 1140 1504
SAGSLOW 1156 1504 1140 1504
SAGSLOW 1153 1505 1140 1504
SAGSLOW 1143 1505 1140 1504
SAGSLOW 1145 1505 1141 1504
SAGSLOW 1143 1505 1141 1504
SAGSLOW 1143 1505 1141 1504
SAGSLOW 1129 1505 1141 1504
SAGSLOW 1137 1505 1140 1504
SAGSLOW 1142 1504 1140 1504
SAGSLOW 1137 1504 1140 1504
SAGSLOW 1145 1505 1140 1504
SAGSLOW 1140 1504 1140 1504
SAGSLOW 1144 1504 1140 1504
SAGSLOW 1140 1504 1140 1504
SAGSLOW 1134 1505 1140 1504
SAGSLOW 1140 1504 1140 1504
SAGSLOW 1143 1504 1140 1504
SAGSLOW 1143 1504 1140 1504
SAGSLOW 1143 1503 1140 1504
SAGSLOW 1145 1504 1140 1504
SAGSLOW 1140 1503 1140 1504
SAGSLOW 1138 1504 1140 1504
SAGSLOW 1146 1504 1140 1504
SAGSLOW 1151 1505 1140 1504
SAGSLOW 1141 1505 1140 1504
SAGSLOW 1145 1505 1140 1504
SAGSLOW 1142 1505 1140 1504
SAGSLOW 1146 1504 1141 1504
SAGSLOW 1146 1504 1141 1504
SAGSLOW 1144 1505 1141 1504
SAGSLOW 1144 1505 1141 1504
SAGSLOW 1142 1505 1141 1504
SAGSLOW 1138 1504 1141 1504
SAGSLOW 1137 1505 1141 1504
SAGSLOW 1138 1503 1141 1504
SAGSLOW 1139 1505 1141 1504
SAGSLOW 1146 1504 1141 1504
SAGSLOW 1139 1506 1141 1504
SAGSLOW 1143 1504 1141 1504
SAGSLOW 1140 1503 1141 1504
SAGSLOW 1136 1505 1141 1504
SAGSLOW 1133 1504 1141 1504
SAGSLOW 1137 1505 1141 1504
SAGSLOW 1135 1505 1141 1504
SAGSLOW 1140 1504 1140 1504
SAGSLOW 1145 1504 1141 1504
SAGSLOW 1142 1504 1141 1504
SAGSLOW 1145 1504 1141 1504
SAGSLOW 1142 1504 1141 1504
SAGSLOW 1142 1505 1141 1504
SAGSLOW 1147 1504 1141 1504
SAGSLOW 1156 1505 1141 1504
SAGSLOW 1152 1504 1141 1504
SAGSLOW 1142 1505 1141 1504
SAGSLOW 1150 1504 1141 1504
SAGSLOW 1143 1505 1141 1504
SAGSLOW 1136 1504 1141 1504
SAGSLOW 1149 1504 1141 1504
SAGSLOW 1136 1504 1141 1504
SAGSLOW 1142 1505 1141 1504
SAGSLOW 1147 1504 1141 1504
SAGSLOW 1143 1505 1141 1504
SAGSLOW 1139 1505 1141 1504
SAGSLOW 1136 1504 1141 1504
SAGSLOW 1146 1505 1141 1504
SAGSLOW 1143 1505 1141 1504
SAGSLOW 1150 1504 1141 1504
SAGSLOW 1140 1504 1141 1504
SAGSLOW 1141 1504 1141 1504
SAGSLOW 1134 1504 1141 1504
SAGSLOW 1136 1505 1141 1504
SAGSLOW 1142 1504 1141 1504
SAGSLOW 1145 1504 1141 1504
SAGSLOW 1141 1504 1141 1504
SAGSLOW 1137 1504 1141 1504
SAGSLOW 1135 1504 1141 1504
SAGSLOW 1137 1505 1141 1504
SAGSLOW 1138 1504 1141 1504
SAGSLOW 1138 1504 1141 1504
SAGSLOW 1143 1504 1141 1504
SAGSLOW 1135 1504 1141 1504
SAGSLOW 1140 1504 1141 1504
SAGSLOW 1146 1504 1141 1504
SAGSLOW 1148 1505 1141 1504
SAGSLOW 1145 1505 1141 1504
SAGSLOW 1143 1504 1141 1504
SAGSLOW 1148 1505 1141 1504
SAGSLOW 1141 1504 1141 1504
SAGSLOW 1138 1504 1141 1504
SAGSLOW 1135 1505 1141 1504
SAGSLOW 1143 1504 1141 1504
SAGSLOW 1136 1504 1141 1504
SAGSLOW 1130 1505 1141 1504
SAGSLOW 1137 1505 1141 1504
SAGSLOW 1136 1504 1141 1504
SAGSLOW 1131 1505 1140 1504
SAGSLOW 1134 1504 1140 1504
SAGSLOW 1136 1504 1140 1504
SAGSLOW 1142 1505 1140 1504
SAGSLOW 1146 1504 1140 1504
SAGSLOW 1149 1504 1140 1504
SAGSLOW 1143 1504 1140 1504
SAGSLOW 1146 1505 1141 1504
SAGSLOW 1146 1505 1141 1504
SAGSLOW 1133 1505 1141 1504
SAGSLOW 1136 1505 1141 1504
SAGSLOW 1141 1504 1141 1504
SAGSLOW 1142 1504 1140 1504
SAGSLOW 1137 1505 1140 1504
SAGSLOW 1137 1504 1140 1504
SAGSLOW 1138 1504 1140 1504
SAGSLOW 1134 1504 1140 1504
SAGSLOW 1138 1504 1140 1504
SAGSLOW 1139 1504 1140 1504
SAGSLOW 1130 1505 1140 1504
SAGSLOW 1137 1505 1140 1504
SAGSLOW 1136 1505 1140 1504
SAGSLOW 1131 1504 1139 1504
SAGSLOW 1136 1505 1139 1504
SAGSLOW 1140 1504 1139 1504
SAGSLOW 1135 1505 1139 1504
SAGSLOW 1130 1503 1139 1504
SAGSLOW 1134 1503 1139 1504
SAGSLOW 1131 1504 1139 1504
SAGSLOW 1131 1504 1139 1504
SAGSLOW 1132 1504 1139 1504
SAGSLOW 1140 1504 1139 1504
SAGSLOW 1142 1504 1139 1504
SAGSLOW 1141 1504 1139 1504
SAGSLOW 1146 1504 1139 1504
SAGSLOW 1137 1505 1139 1504
SAGSLOW 1143 1505 1139 1504
SAGSLOW 1137 1504 1139 1504
SAGSLOW 1147 1504 1139 1504
SAGSLOW 1134 1505 1139 1504
SAGSLOW 1141 1503 1139 1504
SAGSLOW 1142 1504 1139 1504
SAGSLOW 1142 1505 1139 1504
SAGSLOW 1145 1505 1139 1504
SAGSLOW 1143 1505 1139 1504
SAGSLOW 1146 1504 1139 1504
SAGSLOW 1151 1506 1140 1504
SAGSLOW 1136 1504 1140 1504
SAGSLOW 1139 1504 1140 1504
SAGSLOW 1141 1504 1140 1504
SAGSLOW 1143 1504 1139 1504
SAGSLOW 1142 1505 1140 1504
SAGSLOW 1149 1503 1140 1504
SAGSLOW 1144 1504 1140 1504
SAGSLOW 1144 1503 1140 1504
SAGSLOW 1146 1504 1140 1504
SAGSLOW 1148 1504 1140 1504
SAGSLOW 1140 1504 1140 1504
SAGSLOW 1140 1504 1140 1504
SAGSLOW 1139 1504 1140 1504
SAGSLOW 1142 1505 1140 1504
SAGSLOW 1144 1504 1140 1504
SAGSLOW 1150 1504 1140 1504
SAGSLOW 1147 1503 1141 1504
SAGSLOW 1144 1503 1141 1504
SAGSLOW 1132 1505 1141 1504
SAGSLOW 1149 1505 1141 1504
SAGSLOW 1151 1503 1141 1504
SAGSLOW 1146 1503 1141 1504
SAGSLOW 1142 1505 1141 1504
SAGSLOW 1137 1503 1141 1504
SAGSLOW 1144 1505 1141 1504
SAGSLOW 1146 1504 1141 1504
SAGSLOW 1148 1504 1141 1504
SAGSLOW 1139 1504 1141 1504
SAGSLOW 1142 1504 1141 1504
SAGSLOW 1144 1503 1141 1504
SAGSLOW 1144 1504 1141 1504
SAGSLOW 1154 1505 1141 1504
SAGSLOW 1141 1504 1141 1504
SAGSLOW 1139 1504 1141 1504
SAGSLOW 1145 1505 1141 1504
SAGSLOW 1135 1506 1141 1504
SAGSLOW 1133 1505 1141 1504
SAGSLOW 1135 1504 1141 1504
SAGSLOW 1135 1504 1141 1504
SAGSLOW 1148 1504 1141 1504
SAGSLOW 1137 1504 1141 1504
SAGSLOW 1139 1504 1141 1504
SAGSLOW 1145 1504 1141 1504
SAGSLOW 1146 1505 1141 1504
SAGSLOW 1144 1504 1141 1504
SAGSLOW 1139 1503 1141 1504
SAGSLOW 1139 1504 1141 1504
SAGSLOW 1135 1504 1141 1504
SAGSLOW 1141 1505 1141 1504
SAGSLOW 1141 1504 1141 1504
SAGSLOW 1144 1504 1141 1504
SAGSLOW 1148 1504 1141 1504
SAGSLOW 1147 1505 1141 1504
SAGSLOW 1141 1504 1141 1504
SAGSLOW 1143 1503 1141 1504
SAGSLOW 1144 1505 1141 1504
SAGSLOW 1140 1505 1142 1504
SAGSLOW 1140 1504 1141 1504
SAGSLOW 1142 1505 1141 1504
SAGSLOW 1154 1504 1141 1504
SAGSLOW 1144 1505 1142 1504
SAGSLOW 1135 1504 1141 1504
SAGSLOW 1141 1504 1141 1504
SAGSLOW 1142 1505 1141 1504
SAGSLOW 1140 1504 1141 1504
SAGSLOW 1134 1504 1141 1504
SAGSLOW 1140 1504 1141 1504
SAGSLOW 1137 1504 1141 1504
SAGSLOW 1140 1504 1141 1504
SAGSLOW 1136 1505 1141 1504
SAGSLOW 1135 1504 1141 1504
SAGSLOW 1141 1504 1141 1504
SAGSLOW 1139 1505 1141 1504
SAGSLOW 1135 1504 1141 1504
SAGSLOW 1135 1504 1141 1504
SAGSLOW 1134 1504 1141 1504
SAGSLOW 1144 1505 1141 1504
SAGSLOW 1139 1503 1140 1504
SAGSLOW 1140 1505 1140 1504
SAGSLOW 1143 1504 1140 1504
SAGSLOW 1138 1504 1141 1504
SAGSLOW 1137 1504 1140 1504
SAGSLOW 1145 1505 1140 1504
SAGSLOW 1136 1505 1140 1504
SAGSLOW 1139 1505 1140 1504
SAGSLOW 1139 1504 1140 1504
SAGSLOW 1148 1503 1140 1504
SAGSLOW 1146 1505 1141 1504
SAGSLOW 1138 1504 1141 1504
SAGSLOW 1140 1504 1140 1504
SAGSLOW 1135 1504 1140 1504
SAGSLOW 1137 1505 1140 1504
SAGSLOW 1137 1505 1140 1504
SAGSLOW 1141 1505 1140 1504
SAGSLOW 1143 1504 1140 1504
SAGSLOW 1135 1504 1140 1504
SAGSLOW 1137 1503 1140 1504
SAGSLOW 1129 1506 1140 1504
SAGSLOW 1136 1505 1140 1504
SAGSLOW 1142 1505 1140 1504
SAGSLOW 1139 1505 1140 1504
SAGSLOW 1127 1504 1140 1504
SAGSLOW 1142 1505 1140 1504
SAGSLOW 1136 1505 1140 1504
SAGSLOW 1144 1503 1140 1504
SAGSLOW 1138 1504 1140 1504
SAGSLOW 1140 1505 1140 1504
SAGSLOW 1142 1504 1140 1504
SAGSLOW 1141 1504 1140 1504
SAGSLOW 1146 1504 1140 1504
SAGSLOW 1151 1503 1140 1504
SAGSLOW 1144 1504 1140 1504
SAGSLOW 1143 1504 1140 1504
SAGSLOW 1145 1504 1140 1504
SAGSLOW 1140 1504 1140 1504
SAGSLOW 1146 1505 1140 1504
SAGSLOW 1146 1504 1140 1504
SAGSLOW 1139 1504 1141 1504
SAGSLOW 1140 1505 1141 1504
SAGSLOW 1140 1504 1141 1504
SAGSLOW 1149 1505 1141 1504
SAGSLOW 1139 1504 1141 1504
SAGSLOW 1141 1505 1141 1504
SAGSLOW 1137 1504 1141 1504
SAGSLOW 1136 1505 1141 1504
SAGSLOW 1128 1503 1140 1504
SAGSLOW 1132 1505 1140 1504
SAGSLOW 1140 1504 1140 1504
SAGSLOW 1131 1504 1140 1504
SAGSLOW 1132 1505 1140 1504
SAGSLOW 1145 1504 1140 1504
SAGSLOW 1132 1505 1140 1504
SAGSLOW 1138 1506 1140 1504
SAGSLOW 1142 1505 1140 1504
SAGSLOW 1132 1504 1140 1504
SAGSLOW 1140 1505 1140 1504
SAGSLOW 1132 1504 1139 1504
SAGSLOW 1137 1503 1139 1504
SAGSLOW 1145 1504 1139 1504
SAGSLOW 1139 1505 1139 1504
SAGSLOW 1136 1505 1139 1504
SAGSLOW 1144 1505 1139 1504
SAGSLOW 1144 1504 1139 1504
SAGSLOW 1132 1503 1139 1504
SAGSLOW 1139 1505 1139 1504
SAGSLOW 1134 1505 1139 1504
SAGSLOW 1151 1505 1139 1504
SAGSLOW 1144 1504 1139 1504
SAGSLOW 1141 1504 1140 1504
SAGSLOW 1144 1504 1140 1504
SAGSLOW 1145 1505 1140 1504
SAGSLOW 1140 1505 1140 1504
SAGSLOW 1142 1505 1140 1504
SAGSLOW 1134 1505 1140 1504
SAGSLOW 1143 1505 1140 1504
SAGSLOW 1137 1504 1140 1504
SAGSLOW 1135 1505 1140 1504
SAGSLOW 1136 1505 1140 1504
SAGSLOW 1145 1505 1140 1504
SAGSLOW 1150 1505 1140 1504
SAGSLOW 1152 1505 1140 1504
SAGSLOW 1139 1504 1140 1504
SAGSLOW 1140 1505 1140 1504
SAGSLOW 1138 1505 1140 1504
SAGSLOW 1143 1504 1140 1504
SAGSLOW 1157 1504 1140 1504
SAGSLOW 1155 1504 1140 1504
SAGSLOW 1149 1504 1141 1504
SAGSLOW 1145 1505 1141 1504
SAGSLOW 1141 1504 1141 1504
SAGSLOW 1148 1505 1141 1504
SAGSLOW 1140 1504 1141 1504
SAGSLOW 1145 1505 1141 1504
SAGSLOW 1146 1504 1141 1504
SAGSLOW 1148 1505 1141 1504
SAGSLOW 1138 1504 1141 1504
SAGSLOW 1152 1504 1141 1504
SAGSLOW 1153 1505 1141 1504
SAGSLOW 1147 1505 1141 1504
SAGSLOW 1142 1505 1141 1504
SAGSLOW 1139 1504 1142 1504
SAGSLOW 1149 1505 1142 1504
SAGSLOW 1144 1505 1142 1504
SAGSLOW 1140 1505 1142 1504
SAGSLOW 1149 1506 1142 1504
SAGSLOW 1151 1505 1142 1504
SAGSLOW 1139 1504 1142 1504
SAGSLOW 1143 1506 1142 1504
SAGSLOW 1154 1505 1142 1504
SAGSLOW 1148 1505 1142 1504
SAGSLOW 1145 1504 1142 1505
SAGSLOW 1144 1504 1142 1505
SAGSLOW 1147 1504 1143 1505
SAGSLOW 1143 1505 1143 1505
SAGSLOW 1146 1504 1143 1505
SAGSLOW 1143 1505 1143 1505
SAGSLOW 1143 1505 1143 1505
SAGSLOW 1144 1504 1143 1505
SAGSLOW 1138 1503 1143 1505
SAGSLOW 1137 1505 1143 1505
SAGSLOW 1141 1504 1143 1505
SAGSLOW 1141 1504 1143 1504
SAGSLOW 1143 1505 1143 1504
SAGSLOW 1142 1504 1143 1504
SAGSLOW 1140 1504 1142 1504
SAGSLOW 1133 1504 1142 1504
SAGSLOW 1131 1504 1142 1504
SAGSLOW 1137 1504 1142 1504
SAGSLOW 1131 1504 1142 1504
SAGSLOW 1143 1505 1142 1504
SAGSLOW 1145 1506 1142 1504
SAGSLOW 1136 1504 1142 1504
SAGSLOW 1137 1504 1142 1504
SAGSLOW 1134 1505 1142 1504
SAGSLOW 1137 1504 1142 1504
SAGSLOW 1146 1504 1142 1504
SAGSLOW 1155 1505 1142 1504
SAGSLOW 1141 1505 1142 1504
SAGSLOW 1145 1504 1142 1504
SAGSLOW 1146 1505 1142 1504
SAGSLOW 1149 1504 1142 1504
SAGSLOW 1145 1505 1142 1504
SAGSLOW 1145 1505 1142 1504
SAGSLOW 1138 1504 1142 1504
SAGSLOW 1143 1504 1142 1504
SAGSLOW 1141 1505 1142 1504
SAGSLOW 1143 1505 1142 1504
SAGSLOW 1148 1505 1142 1504
SAGSLOW 1133 1504 1142 1504
SAGSLOW 1135 1504 1142 1504
SAGSLOW 1143 1504 1142 1504
SAGSLOW 1147 1505 1142 1504
SAGSLOW 1148 1505 1142 1504
SAGSLOW 1145 1504 1142 1504
SAGSLOW 1137 1505 1142 1504
SAGSLOW 1141 1505 1142 1504
SAGSLOW 1145 1504 1143 1504
SAGSLOW 1150 1505 1143 1504
SAGSLOW 1134 1504 1143 1504
SAGSLOW 1133 1505 1142 1504
SAGSLOW 1141 1505 1142 1504
SAGSLOW 1139 1505 1142 1504
SAGSLOW 1127 1506 1142 1504
SAGSLOW 1133 1504 1142 1504
SAGSLOW 1145 1504 1142 1504
SAGSLOW 1138 1505 1142 1504
SAGSLOW 1134 1505 1142 1504
SAGSLOW 1138 1505 1142 1504
SAGSLOW 1135 1505 1142 1504
SAGSLOW 1136 1505 1141 1504
SAGSLOW 1141 1505 1141 1504
SAGSLOW 1138 1504 1141 1504
SAGSLOW 1130 1504 1141 1504
SAGSLOW 1131 1505 1141 1504
SAGSLOW 1127 1505 1141 1504
SAGSLOW 1138 1505 1141 1504
SAGSLOW 1137 1504 1141 1504
SAGSLOW 1135 1505 1141 1504
SAGSLOW 1142 1505 1140 1504
SAGSLOW 1137 1504 1140 1504
SAGSLOW 1132 1504 1140 1504
SAGSLOW 1132 1504 1140 1504
SAGSLOW 1141 1505 1140 1504
SAGSLOW 1141 1505 1140 1504
SAGSLOW 1145 1504 1140 1504
SAGSLOW 1140 1504 1140 1504
SAGSLOW 1140 1504 1140 1504
SAGSLOW 1149 1506 1140 1504
SAGSLOW 1130 1505 1140 1504
SAGSLOW 1130 1505 1140 1504
SAGSLOW 1142 1504 1140 1504
SAGSLOW 1140 1504 1140 1504
SAGSLOW 1136 1504 1140 1504
SAGSLOW 1147 1505 1140 1504
SAGSLOW 1141 1505 1140 1504
SAGSLOW 1151 1505 1140 1504
SAGSLOW 1146 1505 1140 1504
SAGSLOW 1142 1505 1141 1504
SAGSLOW 1139 1504 1141 1504
SAGSLOW 1132 1505 1140 1504
SAGSLOW 1150 1505 1140 1504
SAGSLOW 1139 1504 1141 1504
SAGSLOW 1136 1505 1140 1504
SAGSLOW 1149 1504 1141 1504
SAGSLOW 1147 1505 1141 1504
SAGSLOW 1145 1505 1141 1504
SAGSLOW 1135 1505 1141 1504
SAGSLOW 1143 1503 1141 1504
SAGSLOW 1144 1505 1141 1504
SAGSLOW 1139 1505 1141 1504
SAGSLOW 1135 1505 1141 1504
SAGSLOW 1135 1504 1141 1504
SAGSLOW 1141 1505 1140 1504
SAGSLOW 1138 1505 1140 1504
SAGSLOW 1147 1504 1140 1504
SAGSLOW 1142 1504 1140 1504
SAGSLOW 1140 1503 1140 1504
SAGSLOW 1143 1504 1140 1504
SAGSLOW 1133 1505 1140 1504
SAGSLOW 1135 1504 1140 1504
SAGSLOW 1135 1504 1140 1504
SAGSLOW 1148 1504 1140 1504
SAGSLOW 1140 1505 1140 1504
SAGSLOW 1137 1504 1140 1504
SAGSLOW 1140 1503 1140 1504
SAGSLOW 1133 1504 1140 1504
SAGSLOW 1132 1505 1140 1504
SAGSLOW 1127 1504 1140 1504
SAGSLOW 1133 1505 1139 1504
SAGSLOW 1148 1504 1139 1504
SAGSLOW 1143 1504 1140 1504
SAGSLOW 1131 1504 1140 1504
SAGSLOW 1128 1503 1139 1504
SAGSLOW 1131 1504 1139 1504
SAGSLOW 1142 1505 1139 1504
SAGSLOW 1139 1505 1139 1504
SAGSLOW 1133 1504 1139 1504
SAGSLOW 1140 1504 1139 1504
SAGSLOW 1131 1505 1139 1504
SAGSLOW 1135 1505 1139 1504
SAGSLOW 1139 1503 1139 1504
SAGSLOW 1126 1505 1139 1504
SAGSLOW 1130 1504 1139 1504
SAGSLOW 1126 1504 1139 1504
SAGSLOW 1137 1504 1139 1504
SAGSLOW 1139 1504 1139 1504
SAGSLOW 1149 1506 1139 1504
SAGSLOW 1138 1505 1139 1504
SAGSLOW 1133 1504 1139 1504
SAGSLOW 1138 1504 1138 1504
SAGSLOW 1135 1504 1138 1504
SAGSLOW 1132 1505 1138 1504
SAGSLOW 1135 1504 1138 1504
SAGSLOW 1134 1505 1138 1504
SAGSLOW 1136 1504 1138 1504
SAGSLOW 1135 1504 1138 1504
SAGSLOW 1129 1504 1138 1504
SAGSLOW 1129 1503 1138 1504
SAGSLOW 1129 1505 1138 1504
SAGSLOW 1124 1505 1138 1504
SAGSLOW 1127 1505 1137 1504
SAGSLOW 1135 1504 1137 1504
SAGSLOW 1141 1505 1137 1504
SAGSLOW 1135 1505 1138 1504
SAGSLOW 1137 1505 1137 1504
SAGSLOW 1132 1505 1137 1504
SAGSLOW 1135 1503 1137 1504
SAGSLOW 1140 1505 1137 1504
SAGSLOW 1133 1505 1137 1504
SAGSLOW 1133 1503 1137 1504
SAGSLOW 1129 1505 1137 1504
SAGSLOW 1122 1504 1137 1504
SAGSLOW 1134 1505 1137 1504
SAGSLOW 1144 1505 1137 1504
SAGSLOW 1136 1504 1137 1504
SAGSLOW 1128 1504 1137 1504
SAGSLOW 1130 1505 1136 1504
SAGSLOW 1138 1504 1136 1504
SAGSLOW 1137 1505 1136 1504
SAGSLOW 1142 1504 1136 1504
SAGSLOW 1135 1506 1136 1504
SAGSLOW 1138 1505 1136 1504
SAGSLOW 1132 1504 1136 1504
SAGSLOW 1127 1504 1136 1504
SAGSLOW 1127 1504 1136 1504
SAGSLOW 1140 1504 1136 1504
SAGSLOW 1140 1505 1136 1504
SAGSLOW 1129 1506 1136 1504
SAGSLOW 1130 1504 1136 1504
SAGSLOW 1122 1506 1136 1504
SAGSLOW 1128 1505 1136 1504
SAGSLOW 1124 1504 1136 1504
SAGSLOW 1131 1505 1135 1504
SAGSLOW 1127 1505 1135 1504
SAGSLOW 1125 1505 1135 1504
SAGSLOW 1130 1505 1135 1504
SAGSLOW 1128 1505 1135 1504
SAGSLOW 1139 1505 1135 1504
SAGSLOW 1136 1504 1135 1504
SAGSLOW 1133 1504 1135 1504
SAGSLOW 1144 1504 1135 1504
SAGSLOW 1138 1505 1135 1504
SAGSLOW 1137 1504 1135 1504
SAGSLOW 1127 1505 1135 1504
SAGSLOW 1122 1504 1135 1504
SAGSLOW 1129 1504 1135 1504
SAGSLOW 1131 1504 1135 1504
SAGSLOW 1136 1505 1135 1504
SAGSLOW 1134 1505 1135 1504
SAGSLOW 1136 1505 1135 1504
SAGSLOW 1139 1504 1135 1504
SAGSLOW 1139 1506 1135 1504
SAGSLOW 1139 1505 1135 1504
SAGSLOW 1122 1504 1135 1504
SAGSLOW 1130 1505 1135 1504
SAGSLOW 1131 1504 1135 1504
SAGSLOW 1129 1505 1135 1504
SAGSLOW 1130 1504 1135 1504
SAGSLOW 1134 1504 1134 1504
SAGSLOW 1130 1504 1134 1504
SAGSLOW 1125 1506 1134 1504
SAGSLOW 1126 1505 1134 1504
SAGSLOW 1124 1505 1134 1504
SAGSLOW 1121 1504 1134 1504
SAGSLOW 1119 1505 1134 1504
SAGSLOW 1124 1505 1134 1504
SAGSLOW 1128 1506 1133 1504
SAGSLOW 1126 1504 1133 1504
SAGSLOW 1129 1505 1133 1504
SAGSLOW 1125 1504 1133 1504
SAGSLOW 1125 1505 1133 1504
SAGSLOW 1121 1504 1133 1504
SAGSLOW 1124 1504 1133 1504
SAGSLOW 1123 1504 1133 1504
SAGSLOW 1145 1504 1133 1504
SAGSLOW 1136 1505 1133 1504
SAGSLOW 1128 1503 1133 1504
SAGSLOW 1128 1504 1133 1504
SAGSLOW 1132 1505 1133 1504
SAGSLOW 1125 1504 1133 1504
SAGSLOW 1136 1505 1133 1504
SAGSLOW 1134 1505 1133 1504
SAGSLOW 1128 1504 1133 1504
SAGSLOW 1127 1504 1132 1504
SAGSLOW 1128 1506 1132 1504
SAGSLOW 1137 1504 1132 1504
SAGSLOW 1135 1504 1132 1504
SAGSLOW 1138 1505 1132 1504
SAGSLOW 1141 1505 1133 1504
SAGSLOW 1131 1505 1133 1504
SAGSLOW 1134 1505 1133 1504
SAGSLOW 1136 1504 1133 1504
SAGSLOW 1132 1505 1133 1504
SAGSLOW 1139 1504 1133 1504
SAGSLOW 1132 1503 1133 1504
SAGSLOW 1132 1505 1133 1504
SAGSLOW 1126 1504 1133 1504
SAGSLOW 1129 1505 1132 1504
SAGSLOW 1124 1505 1132 1504
SAGSLOW 1119 1505 1132 1504
SAGSLOW 1122 1504 1132 1504
SAGSLOW 1137 1503 1132 1504
SAGSLOW 1127 1505 1132 1504
SAGSLOW 1121 1504 1132 1504
SAGSLOW 1119 1505 1132 1504
SAGSLOW 1126 1504 1132 1504
SAGSLOW 1126 1504 1131 1504
SAGSLOW 1124 1505 1131 1504
SAGSLOW 1125 1505 1131 1504
SAGSLOW 1128 1505 1131 1504
SAGSLOW 1132 1505 1131 1504
SAGSLOW 1135 1505 1131 1504
SAGSLOW 1125 1504 1131 1504
SAGSLOW 1125 1504 1131 1504
SAGSLOW 1131 1505 1131 1504
SAGSLOW 1137 1504 1131 1504
SAGSLOW 1122 1505 1131 1504
SAGSLOW 1125 1503 1131 1504
SAGSLOW 1133 1504 1131 1504
SAGSLOW 1125 1504 1131 1504
SAGSLOW 1126 1505 1131 1504
SAGSLOW 1134 1505 1131 1504
SAGSLOW 1119 1503 1131 1504
SAGSLOW 1117 1504 1130 1504
SAGSLOW 1128 1505 1130 1504
SAGSLOW 1121 1505 1130 1504
SAGSLOW 1119 1504 1130 1504
SAGSLOW 1119 1505 1130 1504
SAGSLOW 1126 1504 1130 1504
SAGSLOW 1120 1504 1130 1504
SAGSLOW 1129 1504 1130 1504
SAGSLOW 1124 1505 1129 1504
SAGSLOW 1128 1505 1129 1504
SAGSLOW 1125 1505 1129 1504
SAGSLOW 1125 1505 1129 1504
SAGSLOW 1121 1503 1129 1504
SAGSLOW 1126 1505 1129 1504
SAGSLOW 1131 1504 1129 1504
SAGSLOW 1135 1505 1129 1504
SAGSLOW 1127 1504 1129 1504
SAGSLOW 1130 1504 1129 1504
SAGSLOW 1131 1505 1129 1504
SAGSLOW 1127 1504 1129 1504
SAGSLOW 1125 1505 1129 1504
SAGSLOW 1130 1505 1129 1504
SAGSLOW 1120 1504 1129 1504
SAGSLOW 1121 1504 1129 1504
SAGSLOW 1128 1505 1128 1504
SAGSLOW 1123 1503 1128 1504
SAGSLOW 1135 1504 1128 1504
SAGSLOW 1136 1505 1128 1504
SAGSLOW 1125 1504 1129 1504
SAGSLOW 1114 1504 1128 1504
SAGSLOW 1118 1503 1128 1504
SAGSLOW 1121 1505 1128 1504
SAGSLOW 1123 1505 1128 1504
SAGSLOW 1129 1505 1128 1504
SAGSLOW 1136 1504 1128 1504
SAGSLOW 1124 1505 1128 1504
SAGSLOW 1126 1504 1128 1504
SAGSLOW 1125 1504 1128 1504
SAGSLOW 1127 1504 1128 1504
SAGSLOW 1124 1504 1128 1504
SAGSLOW 1123 1504 1128 1504
SAGSLOW 1132 1505 1128 1504
SAGSLOW 1124 1504 1128 1504
SAGSLOW 1127 1504 1128 1504
SAGSLOW 1131 1504 1128 1504
SAGSLOW 1129 1505 1128 1504
SAGSLOW 1123 1503 1128 1504
SAGSLOW 1121 1504 1128 1504
SAGSLOW 1118 1506 1128 1504
SAGSLOW 1127 1505 1127 1504
SAGSLOW 1133 1506 1128 1504
SAGSLOW 1125 1504 1127 1504
SAGSLOW 1129 1505 1127 1504
SAGSLOW 1131 1504 1127 1504
SAGSLOW 1134 1503 1127 1504
SAGSLOW 1123 1505 1127 1504
SAGSLOW 1124 1504 1127 1504
SAGSLOW 1118 1504 1127 1504
SAGSLOW 1123 1504 1127 1504
SAGSLOW 1127 1504 1127 1504
SAGSLOW 1119 1505 1127 1504
SAGSLOW 1116 1504 1127 1504
SAGSLOW 1126 1504 1127 1504
SAGSLOW 1124 1505 1127 1504
SAGSLOW 1138 1504 1127 1504
SAGSLOW 1127 1504 1127 1504
SAGSLOW 1127 1504 1127 1504
SAGSLOW 1122 1505 1127 1504
SAGSLOW 1132 1504 1127 1504
SAGSLOW 1130 1504 1127 1504
SAGSLOW 1130 1505 1127 1504
SAGSLOW 1127 1503 1127 1504
SAGSLOW 1127 1504 1127 1504
SAGSLOW 1129 1504 1127 1504
SAGSLOW 1123 1504 1127 1504
SAGSLOW 1122 1505 1127 1504
SAGSLOW 1123 1504 1127 1504
SAGSLOW 1115 1504 1126 1504
SAGSLOW 1125 1504 1126 1504
SAGSLOW 1122 1505 1126 1504
SAGSLOW 1134 1505 1126 1504
SAGSLOW 1128 1504 1126 1504
SAGSLOW 1131 1505 1127 1504
SAGSLOW 1130 1504 1127 1504
SAGSLOW 1133 1504 1127 1504
SAGSLOW 1127 1504 1127 1504
SAGSLOW 1119 1504 1127 1504
SAGSLOW 1118 1505 1127 1504
SAGSLOW 1118 1505 1126 1504
SAGSLOW 1123 1503 1126 1504
SAGSLOW 1126 1504 1126 1504
SAGSLOW 1138 1505 1126 1504
SAGSLOW 1125 1504 1126 1504
SAGSLOW 1126 1505 1126 1504
SAGSLOW 1127 1504 1126 1504
SAGSLOW 1133 1503 1126 1504
SAGSLOW 1130 1504 1127 1504
SAGSLOW 1121 1503 1126 1504
SAGSLOW 1131 1505 1126 1504
SAGSLOW 1134 1505 1127 1504
SAGSLOW 1125 1505 1127 1504
SAGSLOW 1121 1504 1126 1504
SAGSLOW 1134 1504 1126 1504
SAGSLOW 1131 1504 1126 1504
SAGSLOW 1122 1504 1126 1504
SAGSLOW 1126 1504 1126 1504
SAGSLOW 1135 1504 1127 1504
SAGSLOW 1125 1504 1127 1504
SAGSLOW 1124 1505 1127 1504
SAGSLOW 1130 1504 1127 1504
SAGSLOW 1133 1504 1127 1504
SAGSLOW 1143 1505 1127 1504
SAGSLOW 1131 1506 1127 1504
SAGSLOW 1123 1505 1127 1504
SAGSLOW 1128 1505 1127 1504
SAGSLOW 1137 1505 1127 1504
SAGSLOW 1136 1505 1127 1504
SAGSLOW 1128 1505 1127 1504
SAGSLOW 1127 1504 1127 1504
SAGSLOW 1126 1504 1127 1504
SAGSLOW 1134 1504 1127 1504
SAGSLOW 1128 1503 1128 1504
SAGSLOW 1128 1504 1128 1504
SAGSLOW 1129 1504 1128 1504
SAGSLOW 1127 1504 1128 1504
SAGSLOW 1125 1504 1128 1504
SAGSLOW 1130 1505 1128 1504
SAGSLOW 1126 1505 1128 1504
SAGSLOW 1129 1502 1128 1504
SAGSLOW 1131 1504 1128 1504
SAGSLOW 1147 1505 1128 1504
SAGSLOW 1140 1505 1128 1504
SAGSLOW 1139 1505 1128 1504
SAGSLOW 1135 1504 1128 1504
SAGSLOW 1135 1504 1128 1504
SAGSLOW 1135 1505 1128 1504
SAGSLOW 1133 1505 1129 1504
SAGSLOW 1132 1505 1129 1504
SAGSLOW 1136 1504 1129 1504
SAGSLOW 1140 1504 1129 1504
SAGSLOW 1128 1503 1129 1504
SAGSLOW 1125 1505 1129 1504
SAGSLOW 1129 1503 1129 1504
SAGSLOW 1137 1504 1129 1504
SAGSLOW 1134 1506 1129 1504
SAGSLOW 1141 1504 1129 1504
SAGSLOW 1132 1504 1129 1504
SAGSLOW 1142 1504 1130 1504
SAGSLOW 1138 1504 1130 1504
SAGSLOW 1132 1504 1130 1504
SAGSLOW 1133 1505 1130 1504
SAGSLOW 1143 1504 1130 1504
SAGSLOW 1138 1505 1130 1504
SAGSLOW 1130 1505 1130 1504
SAGSLOW 1127 1504 1130 1504
SAGSLOW 1129 1504 1130 1504
SAGSLOW 1132 1504 1130 1504
SAGSLOW 1120 1504 1130 1504
SAGSLOW 1125 1505 1130 1504
SAGSLOW 1125 1504 1130 1504
SAGSLOW 1128 1504 1130 1504
SAGSLOW 1143 1504 1130 1504
SAGSLOW 1135 1504 1130 1504
SAGSLOW 1132 1505 1130 1504
SAGSLOW 1122 1504 1130 1504
SAGSLOW 1125 1505 1130 1504
SAGSLOW 1143 1505 1130 1504
SAGSLOW 1127 1504 1130 1504
SAGSLOW 1139 1504 1130 1504
SAGSLOW 1136 1505 1130 1504
SAGSLOW 1135 1504 1130 1504
SAGSLOW 1131 1504 1130 1504
SAGSLOW 1135 1505 1131 1504
SAGSLOW 1130 1505 1131 1504
SAGSLOW 1128 1504 1131 1504
SAGSLOW 1149 1505 1131 1504
SAGSLOW 1143 1504 1131 1504
SAGSLOW 1142 1504 1131 1504
SAGSLOW 1136 1503 1131 1504
SAGSLOW 1137 1505 1131 1504
SAGSLOW 1147 1504 1131 1504
SAGSLOW 1137 1504 1132 1504
SAGSLOW 1143 1505 1132 1504
SAGSLOW 1139 1504 1132 1504
SAGSLOW 1144 1504 1132 1504
SAGSLOW 1139 1503 1132 1504
SAGSLOW 1140 1504 1132 1504
SAGSLOW 1145 1504 1132 1504
SAGSLOW 1132 1504 1132 1504
SAGSLOW 1142 1504 1132 1504
SAGSLOW 1139 1504 1133 1504
SAGSLOW 1139 1505 1133 1504
SAGSLOW 1127 1505 1133 1504
SAGSLOW 1128 1505 1133 1504
SAGSLOW 1133 1505 1132 1504
SAGSLOW 1138 1505 1133 1504
SAGSLOW 1130 1504 1133 1504
SAGSLOW 1128 1504 1133 1504
SAGSLOW 1131 1504 1132 1504
SAGSLOW 1140 1504 1132 1504
SAGSLOW 1139 1504 1133 1504
SAGSLOW 1131 1505 1133 1504
SAGSLOW 1123 1506 1132 1504
SAGSLOW 1134 1504 1132 1504
SAGSLOW 1119 1503 1132 1504
SAGSLOW 1122 1504 1132 1504
SAGSLOW 1125 1504 1132 1504
SAGSLOW 1130 1504 1132 1504
SAGSLOW 1132 1505 1132 1504
SAGSLOW 1131 1504 1132 1504
SAGSLOW 1136 1505 1132 1504
SAGSLOW 1145 1505 1132 1504
SAGSLOW 1136 1505 1132 1504
SAGSLOW 1132 1505 1132 1504
SAGSLOW 1130 1505 1132 1504
SAGSLOW 1130 1505 1132 1504
SAGSLOW 1129 1504 1132 1504
SAGSLOW 1134 1504 1132 1504
SAGSLOW 1125 1505 1132 1504
SAGSLOW 1134 1504 1132 1504
SAGSLOW 1134 1504 1132 1504
SAGSLOW 1150 1505 1132 1504
SAGSLOW 1134 1505 1132 1504
SAGSLOW 1134 1505 1132 1504
SAGSLOW 1149 1504 1132 1504
SAGSLOW 1145 1503 1132 1504
SAGSLOW 1141 1503 1133 1504
SAGSLOW 1132 1505 1133 1504
SAGSLOW 1133 1504 1133 1504
SAGSLOW 1108 1505 1133 1504
SAGSLOW 1115 1504 1132 1504
SAGSLOW 1126 1504 1132 1504
SAGSLOW 1124 1504 1132 1504
SAGSLOW 1132 1504 1132 1504
SAGSLOW 1129 1504 1132 1504
SAGSLOW 1132 1504 1132 1504
SAGSLOW 1132 1504 1132 1504
SAGSLOW 1131 1506 1132 1504
SAGSLOW 1119 1505 1132 1504
SAGSLOW 1126 1505 1132 1504
SAGSLOW 1124 1504 1132 1504
SAGSLOW 1117 1504 1132 1504
SAGSLOW 1125 1505 1131 1504
SAGSLOW 1122 1504 1131 1504
SAGEND
