# elf_crc32 63C0061D
# elf_sha256 828501C1596B3C1425F3D77CCE5AAEBDE343D25109FC0F7F0BACBA965B74D8D5
# started 2026-09-24T08:15:44
BEMFRUN handoff_ehz=200 target_duty_tenths=500 advance_level=22 total_ms=80000 inject=0
PREFLIGHT moe=0 ccr1=0 ccr2=0 ccr3=0 gates_low=1 en=0 nfault=1 verdict=PASS
POSTSTOP
PREFLIGHT moe=0 ccr1=0 ccr2=0 ccr3=0 gates_low=1 en=0 nfault=1 verdict=PASS
BEMFDONE reason=2 accepted=842497 forced=0 zc_acc=843947 too_early=0 unstable=1458637 ci_us=81 bus_ref=1216 bus_min=1000
BEMFSAG ref_bus=1216 ref_vref=1504 filt_bus=1131 filt_vref=1504 streak=0 tripped=0
BEMFGATE closed_ms=74776 hold_ms=54776 target_tenths=500 zc_per_s=11266 comm_per_s=11266 ehz_from_ci_last=2057 forced_pct=0
BEMFRATE hold_ms=54776 hold_accepted=683884 hold_forced=0 mean_ci_us=80 mean_sector_us=80 ehz_from_sector=2083 zc_per_s=12485 zc_expected_per_s=12500 zc_rate_permille_of_expected=998 hold_forced_pct=0
BEMFTAIL accepts=34385 span_us=2775035 start_before_stop_us=2775163 end_before_stop_us=128 window_us=2000000
BEMFRCOMP spent_max_us=11 late_arms=0 com_preempts=0 com_arm_preempts=0
BEMFSECTOR a1=65535 f1=0 a2=65535 f2=0 a3=65535 f3=0 a4=65535 f4=0 a5=65535 f5=0 a6=65535 f6=0
BEMFPHASE lt075=27729 to100=65535 to125=65535 to150=17205 gt150=3089
BEMFREVISIT r1=29797 v1=11846 r2=27803 v2=13642 r3=23501 v3=16849 r4=40303 v4=15555 r5=18145 v5=11571 r6=34888 v6=19727
BEMFDRIVEN entered=1 epochs=21 accepts=13 early=16 unstable=271 defers=2 retries=0 late_max_us=61 qual_intervals=12 qual_reanchors=0 qual_fault=0 fail=0 seeded=1 seed_step=3 seed_us=761 commanded_us=833 irq_peak_per_ms=55 closed_irq_peak_per_ms=60 storm=0 storm_step=0 cap_armed=1 comp_call_max_us=16 overrun=0 blank_arms=843948 blank_latched=0 com_count=843948 com_late_max_us=10
BEMFGUARD reason=0 ticks=786939 gap_max_us=109 track_fault=0 track_max_us=240 fast_events=835242 fast_min_us=44 loop_iters_closed=2386820 loop_gap_max_us=179 acquire_us=16803
BEMFDRVROWS 9:3:7652:868 10:4:704:670 11:5:797:699 12:6:680:560 13:1:781:501 14:2:642:325 15:3:770:243 16:4:629:44
BEMFDRVROWS 17:5:817:18 18:6:880:75 19:1:783:13 20:2:818:24 21:3:835:15
BEMFCURRENT blocks=7869 mean_residual=10434 mean_ma=1310 hold_blocks=5423 hold_ma=1654 zero_blocks=50 zero_start=618011 zero_end=616250 zero_drift_ma=-221 ref_ma=326 duty_tenths=500 ceiling_tenths=500 worst_residual=16903 worst_ma=2122
BEMFWITNESS samples=118923 bemf_min=0 bemf_max=0 mid=0 mid_fixed=0 alt=0 hyst_codes=12 driven_rotation=0
vsenc_min=0 vsenc_max=0 star_min=0 star_max=0 bus_ref=1216
BEMFCOAST reason=2 pp_first=0 pp_last=0 crossings=0 spun=1 comp_edges=1693 comp_hi=360231 comp_polls=551631
COASTTIMING trans=1343 offset_us=43 first_us=75 iv_us=246,242,247,241,247,242,247,245 ehz_first=2032
SAGSNAP judged=786918 fast_len=512 slow_len=1024 slow_every=32 frozen=1 num=95 den=100 streak_to_latch=3 adc_rail=4095
SAGROW 36408 1125 1504 1131 1504 0 2 500 67
SAGROW 36532 1124 1504 1131 1504 0 3 500 103
SAGROW 36622 1122 1503 1131 1504 0 5 500 43
SAGROW 36705 1122 1504 1131 1504 0 6 500 46
SAGROW 36821 1122 1504 1131 1504 0 1 500 78
SAGROW 36933 1123 1504 1131 1504 0 2 500 107
SAGROW 37029 1123 1504 1131 1504 0 4 500 121
SAGROW 37118 1122 1504 1131 1504 0 5 500 129
SAGROW 37207 1124 1504 1131 1504 0 6 500 123
SAGROW 37348 1125 1503 1131 1504 0 1 500 113
SAGROW 37438 1125 1504 1131 1504 0 3 500 40
SAGROW 37533 1125 1504 1131 1504 0 4 500 60
SAGROW 37628 1127 1504 1131 1504 0 5 500 71
SAGROW 37733 1126 1504 1131 1504 0 6 500 96
SAGROW 37845 1126 1504 1131 1504 0 2 500 43
SAGROW 37922 1126 1504 1131 1504 0 3 500 121
SAGROW 38034 1126 1504 1131 1504 0 4 500 67
SAGROW 38126 1126 1504 1131 1504 0 5 500 80
SAGROW 38233 1126 1505 1131 1504 0 6 500 101
SAGROW 38326 1127 1504 1131 1504 0 2 500 43
SAGROW 38420 1126 1504 1131 1504 0 3 500 55
SAGROW 38560 1127 1504 1131 1504 0 4 500 113
SAGROW 38651 1127 1504 1131 1504 0 6 500 37
SAGROW 38729 1128 1504 1131 1504 0 6 500 115
SAGROW 38840 1128 1505 1131 1504 0 2 500 61
SAGROW 38939 1129 1505 1131 1504 0 3 500 81
SAGROW 39056 1130 1505 1131 1504 0 4 500 115
SAGROW 39133 1130 1505 1131 1504 0 6 500 116
SAGROW 39241 1127 1505 1131 1504 0 1 500 59
SAGROW 39327 1127 1505 1131 1504 0 2 500 66
SAGROW 39453 1128 1505 1131 1504 0 3 500 109
SAGROW 39550 1129 1505 1131 1504 0 5 500 41
SAGROW 39652 1129 1505 1131 1504 0 6 500 60
SAGROW 39768 1128 1506 1131 1504 0 1 500 95
SAGROW 39866 1129 1505 1131 1504 0 3 500 37
SAGROW 39969 1130 1505 1131 1504 0 4 500 53
SAGROW 40044 1133 1504 1131 1504 0 5 500 54
SAGROW 40156 1134 1504 1131 1504 0 6 500 82
SAGROW 40265 1134 1504 1131 1504 0 1 500 103
SAGROW 40361 1134 1504 1131 1504 0 3 500 40
SAGROW 40447 1134 1504 1131 1504 0 4 500 125
SAGROW 40580 1134 1504 1131 1504 0 5 500 80
SAGROW 40639 1133 1504 1131 1504 0 6 500 73
SAGROW 40756 1134 1504 1131 1504 0 2 500 115
SAGROW 40857 1135 1505 1131 1504 0 3 500 49
SAGROW 40963 1134 1505 1131 1504 0 4 500 78
SAGROW 41049 1132 1505 1131 1504 0 5 500 81
SAGROW 41175 1131 1505 1131 1504 0 1 500 120
SAGROW 41259 1133 1505 1131 1504 0 2 500 45
SAGROW 41360 1135 1504 1131 1504 0 3 500 56
SAGROW 41486 1136 1504 1131 1504 0 4 500 107
SAGROW 41564 1136 1504 1131 1504 0 5 500 110
SAGROW 41673 1135 1504 1131 1504 0 1 500 55
SAGROW 41760 1136 1504 1131 1504 0 2 500 61
SAGROW 41886 1136 1504 1131 1504 0 3 500 104
SAGROW 41987 1135 1504 1131 1504 0 4 500 124
SAGROW 42072 1136 1504 1131 1504 0 6 500 43
SAGROW 42165 1136 1504 1131 1504 0 1 500 137
SAGROW 42296 1136 1504 1131 1504 0 2 500 96
SAGROW 42396 1135 1504 1131 1504 0 4 500 121
SAGROW 42475 1134 1504 1131 1504 0 5 500 44
SAGROW 42579 1135 1505 1131 1504 0 6 500 69
SAGROW 42673 1135 1504 1131 1504 0 1 500 78
SAGROW 42785 1136 1504 1131 1504 0 2 500 107
SAGROW 42874 1135 1504 1131 1504 0 3 500 114
SAGROW 42977 1134 1504 1131 1504 0 5 500 135
SAGROW 43077 1133 1505 1131 1504 0 6 500 52
SAGROW 43195 1133 1505 1131 1504 0 2 500 37
SAGROW 43273 1134 1505 1131 1504 0 2 500 114
SAGROW 43388 1134 1504 1131 1504 0 4 500 56
SAGROW 43481 1135 1504 1131 1504 0 5 500 75
SAGROW 43605 1136 1504 1131 1504 0 6 500 115
SAGROW 43698 1137 1504 1131 1504 0 2 500 43
SAGROW 43777 1136 1505 1131 1504 0 3 500 122
SAGROW 43889 1135 1504 1131 1504 0 4 500 69
SAGROW 44012 1138 1504 1131 1504 0 5 500 106
SAGROW 44087 1139 1504 1131 1504 0 6 500 104
SAGROW 44194 1137 1504 1131 1504 0 2 500 58
SAGROW 44287 1137 1504 1131 1504 0 3 500 64
SAGROW 44410 1137 1504 1131 1504 0 4 500 108
SAGROW 44499 1137 1504 1131 1504 0 5 500 114
SAGROW 44605 1138 1504 1131 1504 0 1 500 54
SAGROW 44697 1140 1504 1131 1504 0 2 500 63
SAGROW 44825 1140 1504 1131 1504 0 3 500 101
SAGROW 44907 1140 1504 1131 1504 0 4 500 113
SAGROW 44984 1141 1505 1131 1504 0 6 500 115
SAGROW 45106 1141 1505 1131 1504 0 1 500 73
SAGROW 45194 1141 1504 1131 1504 0 2 500 80
SAGROW 45326 1141 1504 1131 1504 0 4 500 46
SAGROW 45406 1140 1505 1131 1504 0 5 500 43
SAGROW 45506 1140 1505 1131 1504 0 6 500 61
SAGROW 45635 1137 1504 1131 1504 0 1 500 88
SAGROW 45731 1135 1505 1131 1504 0 3 500 40
SAGROW 45816 1135 1505 1131 1504 0 4 500 125
SAGROW 45897 1134 1505 1131 1504 0 5 500 50
SAGROW 46008 1132 1505 1131 1504 0 6 500 82
SAGROW 46131 1132 1505 1131 1504 0 1 500 117
SAGROW 46205 1131 1505 1131 1504 0 2 500 113
SAGROW 46325 1130 1505 1131 1504 0 4 500 67
SAGROW 46412 1130 1505 1131 1504 0 5 500 61
SAGROW 46524 1130 1505 1131 1504 0 6 500 100
SAGROW 46619 1131 1505 1131 1504 0 2 500 47
SAGROW 46714 1132 1505 1131 1504 0 3 500 54
SAGROW 46834 1132 1505 1131 1504 0 4 500 97
SAGROW 46930 1131 1505 1131 1504 0 5 500 108
SAGROW 47029 1130 1505 1131 1504 0 1 500 123
SAGROW 47116 1129 1505 1131 1504 0 2 500 46
SAGROW 47233 1129 1505 1131 1504 0 3 500 80
SAGROW 47353 1130 1505 1131 1504 0 4 500 115
SAGROW 47416 1128 1505 1131 1504 0 5 500 101
SAGROW 47521 1127 1505 1131 1504 0 1 500 134
SAGROW 47631 1127 1506 1131 1504 0 2 500 80
SAGROW 47738 1128 1505 1131 1504 0 3 500 101
SAGROW 47839 1128 1505 1131 1504 0 4 500 123
SAGROW 47924 1127 1505 1131 1504 0 6 500 41
SAGROW 48028 1125 1505 1131 1504 0 1 500 62
SAGROW 48141 1124 1505 1131 1504 0 2 500 93
SAGROW 48242 1125 1505 1131 1504 0 3 500 114
SAGROW 48327 1125 1505 1131 1504 0 5 500 42
SAGROW 48429 1125 1504 1131 1504 0 6 500 65
SAGROW 48560 1126 1504 1131 1504 0 1 500 110
SAGROW 48640 1127 1504 1131 1504 0 2 500 110
SAGROW 48728 1129 1505 1131 1504 0 3 500 114
SAGROW 48831 1131 1505 1131 1504 0 5 500 137
SAGROW 48939 1131 1505 1131 1504 0 6 500 79
SAGROW 49053 1128 1505 1131 1504 0 1 500 109
SAGROW 49128 1128 1505 1131 1504 0 2 500 106
SAGROW 49236 1128 1505 1131 1504 0 4 500 52
SAGROW 49363 1126 1505 1131 1504 0 5 500 94
SAGROW 49457 1128 1505 1131 1504 0 6 500 114
SAGROW 49547 1129 1505 1131 1504 0 1 500 121
SAGROW 49640 1127 1505 1131 1504 0 3 500 49
SAGROW 49765 1127 1505 1131 1504 0 4 500 93
SAGROW 49866 1128 1505 1131 1504 0 5 500 114
SAGROW 49967 1127 1505 1131 1504 0 1 500 46
SAGROW 50053 1127 1505 1131 1504 0 2 500 65
SAGROW 50146 1126 1505 1131 1504 0 3 500 75
SAGROW 50274 1126 1505 1131 1504 0 5 500 37
SAGROW 50347 1123 1505 1131 1504 0 5 500 109
SAGROW 50453 1123 1504 1131 1504 0 1 500 52
SAGROW 50551 1118 1504 1131 1504 0 2 500 68
SAGROW 50675 1119 1504 1131 1504 0 3 500 103
SAGROW 50757 1119 1504 1131 1504 0 4 500 110
SAGROW 50858 1120 1504 1131 1504 0 6 500 57
SAGROW 50953 1121 1504 1131 1504 0 1 500 67
SAGROW 51081 1120 1504 1131 1504 0 2 500 114
SAGROW 51172 1120 1504 1131 1504 0 4 500 122
SAGROW 51256 1120 1504 1131 1504 0 5 500 43
SAGROW 51357 1123 1504 1131 1504 0 6 500 60
SAGROW 51480 1125 1505 1131 1504 0 1 500 112
SAGROW 51575 1124 1505 1131 1504 0 3 500 128
SAGROW 51665 1124 1504 1131 1504 0 4 500 125
SAGROW 51758 1122 1505 1131 1504 0 5 500 62
SAGROW 51858 1121 1504 1131 1504 0 6 500 78
SAGROW 51980 1120 1505 1131 1504 0 1 500 116
SAGROW 52075 1122 1505 1131 1504 0 3 500 133
SAGROW 52202 1122 1505 1131 1504 0 4 500 94
SAGROW 52284 1121 1504 1131 1504 0 5 500 103
SAGROW 52387 1121 1505 1131 1504 0 1 500 117
SAGROW 52466 1120 1504 1131 1504 0 1 500 120
SAGROW 52565 1126 1504 1131 1504 0 3 500 57
SAGROW 52705 1128 1504 1131 1504 0 4 500 115
SAGROW 52787 1129 1504 1131 1504 0 5 500 115
SAGROW 52870 1128 1504 1131 1504 0 6 500 115
SAGROW 52981 1127 1504 1131 1504 0 2 500 61
SAGROW 53081 1126 1504 1131 1504 0 3 500 81
SAGROW 53190 1125 1504 1131 1504 0 5 500 107
SAGROW 53285 1125 1505 1131 1504 0 6 500 45
SAGROW 53387 1119 1505 1131 1504 0 1 500 63
SAGROW 53482 1117 1505 1131 1504 0 2 500 78
SAGROW 53594 1121 1505 1131 1504 0 3 500 106
SAGROW 53690 1122 1505 1131 1504 0 5 500 39
SAGROW 53789 1124 1505 1131 1504 0 6 500 42
SAGROW 53910 1125 1505 1131 1504 0 1 500 97
SAGROW 54006 1126 1505 1131 1504 0 3 500 39
SAGROW 54078 1128 1505 1131 1504 0 3 500 112
SAGROW 54178 1128 1505 1131 1504 0 5 500 45
SAGROW 54294 1130 1505 1131 1504 0 6 500 79
SAGROW 54415 1128 1504 1131 1504 0 1 500 115
SAGROW 54497 1127 1505 1131 1504 0 3 500 118
SAGROW 54609 1124 1504 1131 1504 0 4 500 67
SAGROW 54690 1124 1505 1131 1504 0 5 500 73
SAGROW 54802 1125 1505 1131 1504 0 6 500 107
SAGROW 54901 1123 1505 1131 1504 0 2 500 38
SAGROW 54997 1124 1505 1131 1504 0 3 500 53
SAGROW 55137 1123 1505 1131 1504 0 4 500 110
SAGROW 55217 1122 1505 1131 1504 0 5 500 107
SAGROW 55325 1121 1505 1131 1504 0 1 500 52
SAGROW 55398 1122 1505 1131 1504 0 2 500 43
SAGROW 55511 1122 1505 1131 1504 0 3 500 83
SAGROW 55625 1120 1504 1131 1504 0 4 500 109
SAGROW 55708 1120 1504 1131 1504 0 6 500 118
SAGROW 55816 1118 1504 1131 1504 0 1 500 60
SAGROW 55903 1119 1504 1131 1504 0 2 500 64
SAGROW 56028 1118 1504 1131 1504 0 3 500 87
SAGROW 56125 1118 1504 1131 1504 0 5 500 41
SAGROW 56215 1119 1504 1131 1504 0 6 500 61
SAGROW 56309 1120 1504 1131 1504 0 1 500 67
SAGROW 56435 1121 1504 1131 1504 0 2 500 116
SAGROW 56526 1122 1505 1131 1504 0 4 500 122
SAGROW 56611 1122 1505 1131 1504 0 5 500 42
SAGROW 56711 1121 1505 1131 1504 0 6 500 61
SAGROW 56851 1121 1505 1131 1504 0 1 500 118
SAGROW 56929 1123 1505 1131 1504 0 3 500 41
SAGROW 57045 1122 1505 1131 1504 0 4 500 59
SAGROW 57111 1122 1505 1131 1504 0 5 500 60
SAGROW 57245 1123 1505 1131 1504 0 6 500 113
SAGROW 57339 1123 1505 1131 1504 0 2 500 40
SAGROW 57417 1124 1505 1131 1504 0 3 500 118
SAGROW 57530 1125 1505 1131 1504 0 4 500 68
SAGROW 57637 1125 1505 1131 1504 0 5 500 67
SAGROW 57730 1124 1505 1131 1504 0 6 500 106
SAGROW 57826 1126 1504 1131 1504 0 2 500 47
SAGROW 57918 1126 1504 1131 1504 0 3 500 57
SAGROW 58057 1127 1504 1131 1504 0 4 500 115
SAGROW 58148 1129 1504 1131 1504 0 6 500 37
SAGROW 58233 1127 1504 1131 1504 0 1 500 122
SAGROW 58334 1127 1504 1131 1504 0 2 500 60
SAGROW 58448 1126 1504 1131 1504 0 3 500 61
SAGROW 58550 1127 1504 1131 1504 0 4 500 113
SAGROW 58627 1125 1505 1131 1504 0 6 500 116
SAGROW 58735 1124 1505 1131 1504 0 1 500 59
SAGROW 58862 1123 1504 1131 1504 0 2 500 105
SAGROW 58950 1121 1505 1131 1504 0 3 500 111
SAGROW 59046 1122 1504 1131 1504 0 5 500 42
SAGROW 59137 1122 1504 1131 1504 0 6 500 133
SAGROW 59247 1122 1504 1131 1504 0 1 500 81
SAGROW 59361 1121 1505 1131 1504 0 3 500 113
SAGROW 59448 1121 1504 1131 1504 0 4 500 117
SAGROW 59533 1121 1504 1131 1504 0 5 500 47
SAGROW 59646 1122 1504 1131 1504 0 6 500 78
SAGROW 59767 1123 1504 1131 1504 0 1 500 115
SAGROW 59845 1122 1504 1131 1504 0 3 500 111
SAGROW 59964 1123 1504 1131 1504 0 4 500 67
SAGROW 60045 1123 1503 1131 1504 0 5 500 75
SAGROW 60157 1124 1503 1131 1504 0 6 500 99
SAGROW 60256 1125 1503 1131 1504 0 2 500 39
SAGROW 60352 1126 1503 1131 1504 0 3 500 55
SAGROW 60458 1126 1503 1131 1504 0 4 500 79
SAGROW 60571 1128 1504 1131 1504 0 5 500 107
SAGROW 60672 1129 1504 1131 1504 0 6 500 126
SAGROW 60746 1129 1504 1131 1504 0 2 500 107
SAGROW 60877 1129 1504 1131 1504 0 3 500 94
SAGROW 60978 1130 1504 1131 1504 0 5 500 115
SAGROW 61055 1131 1504 1131 1504 0 5 500 108
SAGROW 61162 1134 1504 1131 1504 0 1 500 52
SAGROW 61273 1134 1505 1131 1504 0 2 500 82
SAGROW 61385 1133 1505 1131 1504 0 3 500 107
SAGROW 61474 1135 1505 1131 1504 0 4 500 118
SAGROW 61565 1136 1505 1131 1504 0 6 500 45
SAGROW 61661 1137 1505 1131 1504 0 1 500 68
SAGROW 61788 1137 1505 1131 1504 0 3 500 115
SAGROW 61897 1138 1505 1131 1504 0 4 500 59
SAGROW 61972 1133 1505 1131 1504 0 5 500 50
SAGROW 62070 1132 1505 1131 1504 0 6 500 66
SAGROW 62204 1132 1505 1131 1504 0 1 500 108
SAGROW 62295 1132 1505 1131 1504 0 3 500 38
SAGROW 62385 1133 1505 1131 1504 0 4 500 54
SAGROW 62473 1132 1505 1131 1504 0 5 500 68
SAGROW 62599 1132 1505 1131 1504 0 6 500 113
SAGROW 62692 1131 1505 1131 1504 0 2 500 40
SAGROW 62771 1133 1505 1131 1504 0 3 500 119
SAGROW 62878 1135 1505 1131 1504 0 4 500 64
SAGROW 62992 1133 1505 1131 1504 0 5 500 93
SAGROW 63101 1133 1505 1131 1504 0 1 500 123
SAGROW 63178 1132 1506 1131 1504 0 2 500 116
SAGROW 63280 1130 1505 1131 1504 0 3 500 55
SAGROW 63414 1131 1505 1131 1504 0 4 500 118
SAGROW 63497 1129 1505 1131 1504 0 5 500 117
SAGROW 63598 1131 1504 1131 1504 0 1 500 52
SAGROW 63690 1130 1504 1131 1504 0 2 500 62
SAGROW 63784 1130 1504 1131 1504 0 3 500 49
SAGROW 63909 1129 1504 1131 1504 0 5 500 42
SAGROW 63992 1129 1504 1131 1504 0 6 500 48
SAGROW 64088 1130 1504 1131 1504 0 1 500 59
SAGROW 64214 1130 1505 1131 1504 0 2 500 97
SAGROW 64303 1132 1505 1131 1504 0 3 500 110
SAGROW 64399 1130 1506 1131 1504 0 5 500 41
SAGROW 64499 1131 1506 1131 1504 0 6 500 60
SAGROW 64604 1130 1506 1131 1504 0 6 500 165
SAGROW 64700 1130 1505 1131 1504 0 1 500 130
SAGROW 64808 1131 1505 1131 1504 0 3 500 75
SAGROW 64895 1131 1505 1131 1504 0 5 500 53
SAGROW 64989 1131 1506 1131 1504 0 6 500 67
SAGROW 65117 1131 1506 1131 1504 0 1 500 113
SAGROW 65200 1131 1506 1131 1504 0 2 500 114
SAGROW 65297 1129 1506 1131 1504 0 4 500 127
SAGROW 65399 1129 1505 1131 1504 0 5 500 68
SAGROW 65520 1127 1505 1131 1504 0 6 500 115
SAGROW 77 1128 1506 1131 1504 0 2 500 42
SAGROW 168 1125 1505 1131 1504 0 3 500 49
SAGROW 308 1126 1505 1131 1504 0 4 500 111
SAGROW 388 1127 1505 1131 1504 0 5 500 107
SAGROW 489 1126 1505 1131 1504 0 6 500 126
SAGROW 576 1128 1505 1131 1504 0 2 500 47
SAGROW 660 1130 1505 1131 1504 0 3 500 45
SAGROW 801 1132 1505 1131 1504 0 4 500 111
SAGROW 878 1132 1505 1131 1504 0 6 500 114
SAGROW 986 1135 1505 1131 1504 0 1 500 57
SAGROW 1072 1133 1505 1131 1504 0 2 500 62
SAGROW 1199 1132 1504 1131 1504 0 3 500 105
SAGROW 1300 1131 1505 1131 1504 0 4 500 125
SAGROW 1384 1131 1505 1131 1504 0 6 500 45
SAGROW 1480 1132 1505 1131 1504 0 1 500 68
SAGROW 1580 1129 1504 1131 1504 0 2 500 78
SAGROW 1713 1129 1504 1131 1504 0 4 500 58
SAGROW 1787 1128 1504 1131 1504 0 5 500 49
SAGROW 1882 1129 1504 1131 1504 0 6 500 59
SAGROW 2016 1130 1504 1131 1504 0 1 500 111
SAGROW 2083 1131 1504 1131 1504 0 2 500 95
SAGROW 2181 1132 1504 1131 1504 0 3 500 88
SAGROW 2280 1131 1504 1131 1504 0 5 500 56
SAGROW 2399 1132 1504 1131 1504 0 6 500 83
SAGROW 2504 1132 1504 1131 1504 0 2 500 116
SAGROW 2586 1133 1504 1131 1504 0 3 500 116
SAGROW 2713 1133 1504 1131 1504 0 4 500 79
SAGROW 2825 1132 1504 1131 1504 0 5 500 107
SAGROW 2892 1134 1504 1131 1504 0 6 500 94
SAGROW 3000 1134 1504 1131 1504 0 1 500 95
SAGROW 3099 1135 1504 1131 1504 0 3 500 62
SAGROW 3226 1136 1504 1131 1504 0 4 500 91
SAGROW 3314 1137 1505 1131 1504 0 6 500 117
SAGROW 3396 1136 1505 1131 1504 0 6 500 114
SAGROW 3489 1137 1505 1131 1504 0 2 500 43
SAGROW 3624 1137 1505 1131 1504 0 3 500 92
SAGROW 3732 1134 1505 1131 1504 0 4 500 121
SAGROW 3808 1134 1505 1131 1504 0 5 500 92
SAGROW 3911 1133 1505 1131 1504 0 1 500 63
SAGROW 4006 1133 1505 1131 1504 0 2 500 79
SAGROW 4139 1131 1505 1131 1504 0 4 500 48
SAGROW 4217 1133 1505 1131 1504 0 5 500 41
SAGROW 4306 1132 1505 1131 1504 0 6 500 48
SAGROW 4436 1132 1505 1131 1504 0 1 500 88
SAGROW 4543 1134 1505 1131 1504 0 2 500 120
SAGROW 4618 1133 1505 1131 1504 0 3 500 107
SAGROW 4703 1132 1505 1131 1504 0 5 500 43
SAGROW 4807 1132 1505 1131 1504 0 6 500 68
SAGROW 4935 1132 1505 1131 1504 0 1 500 111
SAGROW 5031 1132 1505 1131 1504 0 3 500 44
SAGROW 5135 1131 1504 1131 1504 0 4 500 66
SAGROW 5234 1130 1504 1131 1504 0 5 500 81
SAGROW 5347 1130 1504 1131 1504 0 6 500 111
SAGROW 5426 1130 1504 1131 1504 0 2 500 38
SAGROW 5523 1131 1504 1131 1504 0 3 500 50
SAGROW 5629 1130 1504 1131 1504 0 4 500 68
SAGROW 5716 1132 1504 1131 1504 0 5 500 81
SAGROW 5844 1132 1503 1131 1504 0 1 500 122
SAGROW 5919 1134 1504 1131 1504 0 2 500 117
SAGROW 6021 1134 1504 1131 1504 0 3 500 55
SAGROW 6148 1135 1504 1131 1504 0 4 500 101
SAGROW 6237 1137 1504 1131 1504 0 5 500 118
SAGROW 6337 1136 1503 1131 1504 0 1 500 53
SAGROW 6445 1137 1504 1131 1504 0 2 500 80
SAGROW 6551 1135 1504 1131 1504 0 3 500 101
SAGROW 6645 1134 1504 1131 1504 0 5 500 118
SAGROW 6727 1134 1504 1131 1504 0 5 500 115
SAGROW 6836 1134 1504 1131 1504 0 1 500 59
SAGROW 6937 1137 1504 1131 1504 0 2 500 72
SAGROW 7059 1138 1504 1131 1504 0 3 500 101
SAGROW 7134 1140 1505 1131 1504 0 5 500 107
SAGROW 7234 1141 1504 1131 1504 0 6 500 59
SAGROW 7364 1143 1504 1131 1504 0 1 500 96
SAGROW 7458 1143 1504 1131 1504 0 2 500 117
SAGROW 7541 1143 1504 1131 1504 0 3 500 115
SAGROW 7632 1145 1504 1131 1504 0 5 500 44
SAGROW 7766 1142 1504 1131 1504 0 6 500 94
SAGROW 7856 1141 1504 1131 1504 0 2 500 103
SAGROW 7954 1140 1504 1131 1504 0 3 500 42
SAGROW 8065 1140 1504 1131 1504 0 4 500 56
SAGROW 8151 1139 1504 1131 1504 0 5 500 76
SAGROW 8263 1142 1504 1131 1504 0 6 500 107
SAGROW 8359 1143 1505 1131 1504 0 1 500 121
SAGROW 8453 1143 1504 1131 1504 0 3 500 49
SAGROW 8584 1142 1504 1131 1504 0 4 500 93
SAGROW 8673 1143 1504 1131 1504 0 5 500 110
SAGROW 8773 1143 1504 1131 1504 0 1 500 51
SAGROW 8861 1145 1505 1131 1504 0 2 500 60
SAGROW 8955 1147 1504 1131 1504 0 3 500 73
SAGROW 9089 1146 1504 1131 1504 0 4 500 124
SAGROW 9166 1145 1503 1131 1504 0 6 500 117
SAGROW 9249 1144 1504 1131 1504 0 6 500 116
SAGROW 9360 1144 1503 1131 1504 0 2 500 63
SAGROW 9502 1144 1504 1131 1504 0 4 500 122
SAGROW 9573 1143 1504 1131 1504 0 4 500 111
SAGROW 9674 1140 1504 1131 1504 0 6 500 60
SAGROW 9768 1139 1504 1131 1504 0 1 500 69
SAGROW 9874 1139 1504 1131 1504 0 2 500 81
SAGROW 10002 1140 1504 1131 1504 0 4 500 59
SAGROW 10066 1142 1504 1131 1504 0 4 500 122
SAGROW 10157 1142 1504 1131 1504 0 6 500 46
SAGROW 10301 1143 1504 1131 1504 0 1 500 95
SAGROW 10375 1142 1504 1131 1504 0 2 500 103
SAGROW 10486 1143 1504 1131 1504 0 4 500 58
SAGROW 10581 1142 1504 1131 1504 0 5 500 69
SAGROW 10673 1143 1504 1131 1504 0 6 500 81
SAGROW 10795 1142 1504 1131 1504 0 1 500 116
SAGROW 10886 1142 1504 1131 1504 0 3 500 43
SAGROW 10982 1142 1504 1131 1504 0 4 500 59
SAGROW 11082 1141 1504 1131 1504 0 5 500 55
SAGROW 11189 1141 1504 1131 1504 0 6 500 104
SAGROW 11271 1140 1504 1131 1504 0 2 500 111
SAGROW 11372 1141 1504 1131 1504 0 3 500 52
SAGROW 11512 1139 1504 1131 1504 0 4 500 110
SAGROW 11601 1139 1504 1131 1504 0 5 500 114
SAGROW 11681 1139 1504 1131 1504 0 6 500 111
SAGROW 11777 1139 1504 1131 1504 0 2 500 42
SAGROW 11887 1138 1504 1131 1504 0 3 500 61
SAGROW 12006 1137 1505 1131 1504 0 4 500 108
SAGROW 12083 1138 1505 1131 1504 0 5 500 112
SAGROW 12198 1138 1505 1131 1504 0 1 500 62
SAGROW 12292 1139 1505 1131 1504 0 2 500 77
SAGROW 12392 1138 1505 1131 1504 0 3 500 81
SAGROW 12501 1137 1505 1131 1504 0 4 500 120
SAGROW 12594 1136 1505 1131 1504 0 6 500 46
SAGROW 12735 1134 1505 1131 1504 0 1 500 95
SAGROW 12810 1132 1505 1131 1504 0 2 500 101
SAGROW 12906 1132 1505 1131 1504 0 4 500 122
SAGROW 12984 1131 1505 1131 1504 0 5 500 125
SAGROW 13110 1130 1505 1131 1504 0 6 500 82
SAGROW 13219 1129 1504 1131 1504 0 1 500 104
SAGROW 13311 1127 1504 1131 1504 0 3 500 117
SAGROW 13401 1132 1504 1131 1504 0 4 500 123
SAGROW 13500 1132 1504 1131 1504 0 5 500 60
SAGROW 13617 1132 1504 1131 1504 0 6 500 96
SAGROW 13716 1131 1504 1131 1504 0 2 500 41
SAGROW 13794 1130 1504 1131 1504 0 3 500 120
SAGROW 13935 1128 1504 1131 1504 0 4 500 83
SAGROW 14031 1128 1504 1131 1504 0 5 500 107
SAGROW 14135 1130 1504 1131 1504 0 1 500 46
SAGROW 14215 1124 1504 1131 1504 0 2 500 44
SAGROW 14301 1124 1504 1131 1504 0 3 500 42
SAGROW 14442 1125 1504 1131 1504 0 4 500 110
SAGROW 14520 1125 1504 1131 1504 0 6 500 112
SAGROW 14627 1126 1504 1131 1504 0 1 500 55
SAGROW 14714 1125 1504 1131 1504 0 2 500 61
SAGROW 14842 1123 1504 1131 1504 0 3 500 106
SAGROW 14938 1124 1504 1131 1504 0 5 500 38
SAGROW 15017 1123 1504 1131 1504 0 6 500 116
SAGROW 15125 1122 1504 1131 1504 0 1 500 62
SAGROW 15233 1121 1504 1131 1504 0 2 500 87
SAGROW 15334 1121 1504 1131 1504 0 3 500 114
SAGROW 15424 1120 1504 1131 1504 0 5 500 43
SAGROW 15521 1121 1504 1131 1504 0 6 500 50
SAGROW 15642 1122 1504 1131 1504 0 1 500 95
SAGROW 15745 1121 1504 1131 1504 0 3 500 115
SAGROW 15834 1123 1504 1131 1504 0 4 500 122
SAGROW 15920 1123 1505 1131 1504 0 5 500 44
SAGROW 16030 1122 1505 1131 1504 0 6 500 73
SAGROW 16149 1121 1505 1131 1504 0 2 500 37
SAGROW 16227 1123 1504 1131 1504 0 2 500 115
SAGROW 16334 1122 1504 1131 1504 0 4 500 58
SAGROW 16421 1122 1504 1131 1504 0 5 500 61
SAGROW 16553 1122 1504 1131 1504 0 6 500 110
SAGROW 16640 1122 1504 1131 1504 0 2 500 115
SAGROW 16722 1122 1504 1131 1504 0 3 500 115
SAGROW 16870 1122 1503 1131 1504 0 4 500 101
SAGROW 16953 1124 1504 1131 1504 0 5 500 109
SAGROW 17059 1124 1504 1131 1504 0 1 500 51
SAGROW 17147 1126 1504 1131 1504 0 2 500 58
SAGROW 17240 1127 1505 1131 1504 0 3 500 67
SAGROW 17367 1126 1505 1131 1504 0 4 500 112
SAGROW 17436 1127 1505 1131 1504 0 5 500 95
SAGROW 17531 1126 1505 1131 1504 0 6 500 127
SAGROW 17650 1129 1505 1131 1504 0 2 500 80
SAGROW 17759 1129 1505 1131 1504 0 3 500 107
SAGROW 17853 1129 1505 1131 1504 0 5 500 119
SAGROW 17946 1128 1505 1131 1504 0 6 500 44
SAGROW 18054 1128 1505 1131 1504 0 1 500 64
SAGROW 18158 1130 1505 1131 1504 0 2 500 91
SAGROW 18268 1130 1506 1131 1504 0 4 500 96
SAGROW 18346 1132 1505 1131 1504 0 5 500 42
SAGROW 18450 1130 1505 1131 1504 0 6 500 68
SAGROW 18578 1130 1505 1131 1504 0 1 500 112
SAGROW 18661 1128 1506 1131 1504 0 2 500 113
SAGROW 18758 1128 1506 1131 1504 0 4 500 127
SAGROW 18852 1128 1505 1131 1504 0 5 500 55
SAGROW 18970 1127 1505 1131 1504 0 6 500 79
SAGROW 19077 1126 1505 1131 1504 0 1 500 118
SAGROW 19152 1125 1505 1131 1504 0 3 500 111
SAGROW 19260 1125 1505 1131 1504 0 4 500 58
SAGROW 19387 1126 1505 1131 1504 0 5 500 110
SAGROW 19494 1126 1505 1131 1504 0 1 500 50
SAGROW 19565 1126 1505 1131 1504 0 1 500 121
SAGROW 19658 1124 1505 1131 1504 0 3 500 51
SAGROW 19803 1123 1505 1131 1504 0 4 500 114
SAGROW 19893 1123 1504 1131 1504 0 6 500 41
SAGROW 19977 1123 1504 1131 1504 0 1 500 50
SAGROW 20067 1124 1504 1131 1504 0 2 500 60
SAGROW 20194 1123 1505 1131 1504 0 3 500 101
SAGROW 20288 1124 1505 1131 1504 0 5 500 118
SAGROW 20381 1126 1504 1131 1504 0 6 500 42
SAGROW 20472 1127 1504 1131 1504 0 1 500 50
SAGROW 20570 1128 1505 1131 1504 0 2 500 69
SAGROW 20713 1129 1504 1131 1504 0 4 500 49
SAGROW 20777 1129 1505 1131 1504 0 4 500 113
SAGROW 20878 1129 1505 1131 1504 0 6 500 59
SAGROW 20973 1129 1504 1131 1504 0 1 500 70
SAGROW 21099 1131 1504 1131 1504 0 2 500 114
SAGROW 21200 1130 1504 1131 1504 0 4 500 51
SAGROW 21283 1131 1504 1131 1504 0 5 500 134
SAGROW 21383 1130 1504 1131 1504 0 6 500 72
SAGROW 21499 1129 1504 1131 1504 0 1 500 96
SAGROW 21591 1129 1504 1131 1504 0 3 500 43
SAGROW 21693 1129 1504 1131 1504 0 4 500 64
SAGROW 21788 1128 1504 1131 1504 0 5 500 74
SAGROW 21900 1125 1504 1131 1504 0 6 500 104
SAGROW 21996 1124 1504 1131 1504 0 1 500 118
SAGROW 22092 1124 1504 1131 1504 0 3 500 131
SAGROW 22224 1123 1504 1131 1504 0 4 500 101
SAGROW 22307 1124 1504 1131 1504 0 5 500 109
SAGROW 22390 1124 1503 1131 1504 0 6 500 113
SAGROW 22491 1122 1504 1131 1504 0 2 500 48
SAGSLOW 1133 1504 1135 1505
SAGSLOW 1140 1505 1135 1505
SAGSLOW 1139 1505 1135 1505
SAGSLOW 1149 1505 1136 1505
SAGSLOW 1139 1505 1136 1505
SAGSLOW 1144 1505 1136 1505
SAGSLOW 1146 1506 1136 1505
SAGSLOW 1149 1504 1136 1505
SAGSLOW 1138 1506 1136 1505
SAGSLOW 1138 1505 1136 1505
SAGSLOW 1131 1505 1136 1505
SAGSLOW 1124 1505 1136 1505
SAGSLOW 1128 1505 1136 1505
SAGSLOW 1123 1505 1136 1505
SAGSLOW 1128 1505 1136 1505
SAGSLOW 1130 1504 1135 1505
SAGSLOW 1127 1504 1135 1505
SAGSLOW 1126 1504 1135 1505
SAGSLOW 1131 1504 1135 1505
SAGSLOW 1134 1504 1135 1505
SAGSLOW 1137 1504 1135 1505
SAGSLOW 1136 1504 1135 1505
SAGSLOW 1134 1504 1135 1505
SAGSLOW 1132 1504 1135 1505
SAGSLOW 1130 1504 1135 1505
SAGSLOW 1132 1505 1135 1505
SAGSLOW 1137 1504 1135 1505
SAGSLOW 1132 1504 1135 1505
SAGSLOW 1137 1505 1135 1505
SAGSLOW 1132 1504 1135 1505
SAGSLOW 1130 1505 1135 1505
SAGSLOW 1140 1505 1135 1505
SAGSLOW 1134 1504 1135 1504
SAGSLOW 1137 1505 1135 1504
SAGSLOW 1137 1505 1135 1504
SAGSLOW 1135 1504 1135 1504
SAGSLOW 1140 1504 1135 1504
SAGSLOW 1141 1504 1135 1504
SAGSLOW 1138 1505 1135 1504
SAGSLOW 1139 1505 1135 1504
SAGSLOW 1135 1504 1135 1504
SAGSLOW 1145 1505 1135 1504
SAGSLOW 1136 1506 1135 1504
SAGSLOW 1130 1505 1135 1504
SAGSLOW 1132 1504 1135 1504
SAGSLOW 1129 1505 1135 1505
SAGSLOW 1133 1504 1135 1505
SAGSLOW 1137 1504 1135 1505
SAGSLOW 1138 1505 1135 1505
SAGSLOW 1131 1504 1135 1505
SAGSLOW 1135 1505 1135 1505
SAGSLOW 1135 1504 1135 1505
SAGSLOW 1136 1505 1135 1505
SAGSLOW 1144 1504 1135 1505
SAGSLOW 1145 1505 1135 1505
SAGSLOW 1146 1505 1135 1505
SAGSLOW 1138 1505 1135 1505
SAGSLOW 1141 1503 1136 1505
SAGSLOW 1141 1505 1136 1505
SAGSLOW 1135 1506 1136 1505
SAGSLOW 1133 1505 1136 1505
SAGSLOW 1139 1504 1136 1505
SAGSLOW 1144 1504 1136 1505
SAGSLOW 1143 1504 1136 1505
SAGSLOW 1142 1504 1136 1505
SAGSLOW 1148 1505 1136 1505
SAGSLOW 1142 1504 1136 1505
SAGSLOW 1142 1504 1136 1505
SAGSLOW 1146 1506 1137 1505
SAGSLOW 1154 1504 1137 1505
SAGSLOW 1139 1504 1137 1505
SAGSLOW 1135 1505 1137 1505
SAGSLOW 1148 1504 1137 1505
SAGSLOW 1153 1504 1137 1505
SAGSLOW 1144 1504 1137 1505
SAGSLOW 1148 1504 1137 1505
SAGSLOW 1145 1504 1137 1505
SAGSLOW 1138 1504 1138 1505
SAGSLOW 1141 1505 1138 1505
SAGSLOW 1146 1505 1138 1505
SAGSLOW 1140 1504 1138 1505
SAGSLOW 1136 1505 1138 1505
SAGSLOW 1140 1505 1138 1505
SAGSLOW 1144 1505 1138 1505
SAGSLOW 1142 1504 1138 1505
SAGSLOW 1135 1505 1138 1505
SAGSLOW 1146 1505 1138 1505
SAGSLOW 1140 1505 1138 1505
SAGSLOW 1133 1504 1138 1505
SAGSLOW 1138 1505 1138 1505
SAGSLOW 1133 1504 1138 1505
SAGSLOW 1130 1504 1138 1505
SAGSLOW 1135 1504 1138 1505
SAGSLOW 1142 1504 1138 1505
SAGSLOW 1135 1504 1138 1505
SAGSLOW 1145 1503 1138 1505
SAGSLOW 1144 1505 1138 1505
SAGSLOW 1134 1504 1138 1505
SAGSLOW 1149 1504 1138 1505
SAGSLOW 1141 1505 1138 1505
SAGSLOW 1138 1505 1138 1505
SAGSLOW 1138 1504 1138 1505
SAGSLOW 1149 1505 1138 1505
SAGSLOW 1147 1504 1138 1505
SAGSLOW 1147 1504 1138 1505
SAGSLOW 1133 1505 1138 1505
SAGSLOW 1140 1505 1138 1505
SAGSLOW 1134 1505 1138 1505
SAGSLOW 1145 1504 1138 1505
SAGSLOW 1140 1504 1138 1505
SAGSLOW 1141 1504 1138 1505
SAGSLOW 1136 1505 1138 1505
SAGSLOW 1143 1505 1138 1505
SAGSLOW 1152 1504 1139 1505
SAGSLOW 1152 1505 1139 1505
SAGSLOW 1145 1504 1139 1505
SAGSLOW 1140 1504 1139 1505
SAGSLOW 1133 1504 1139 1505
SAGSLOW 1136 1504 1139 1505
SAGSLOW 1142 1504 1139 1505
SAGSLOW 1138 1505 1139 1505
SAGSLOW 1147 1504 1139 1505
SAGSLOW 1141 1504 1139 1505
SAGSLOW 1143 1504 1139 1505
SAGSLOW 1137 1504 1139 1505
SAGSLOW 1153 1504 1139 1505
SAGSLOW 1164 1505 1139 1505
SAGSLOW 1152 1504 1140 1505
SAGSLOW 1143 1505 1140 1505
SAGSLOW 1145 1505 1140 1505
SAGSLOW 1149 1506 1140 1505
SAGSLOW 1140 1504 1140 1505
SAGSLOW 1145 1504 1140 1505
SAGSLOW 1139 1505 1140 1505
SAGSLOW 1142 1504 1140 1505
SAGSLOW 1142 1503 1140 1505
SAGSLOW 1136 1506 1140 1505
SAGSLOW 1133 1505 1140 1505
SAGSLOW 1143 1504 1140 1505
SAGSLOW 1148 1505 1140 1505
SAGSLOW 1150 1504 1140 1505
SAGSLOW 1147 1504 1140 1505
SAGSLOW 1146 1505 1140 1505
SAGSLOW 1135 1505 1140 1505
SAGSLOW 1135 1505 1140 1505
SAGSLOW 1137 1505 1140 1505
SAGSLOW 1137 1505 1140 1505
SAGSLOW 1138 1505 1140 1505
SAGSLOW 1134 1504 1140 1505
SAGSLOW 1139 1504 1140 1505
SAGSLOW 1135 1505 1140 1505
SAGSLOW 1133 1506 1140 1505
SAGSLOW 1143 1504 1140 1505
SAGSLOW 1142 1505 1140 1505
SAGSLOW 1142 1504 1140 1505
SAGSLOW 1147 1504 1140 1505
SAGSLOW 1151 1505 1140 1505
SAGSLOW 1151 1506 1140 1505
SAGSLOW 1154 1505 1140 1505
SAGSLOW 1149 1504 1140 1505
SAGSLOW 1143 1504 1140 1505
SAGSLOW 1140 1505 1140 1505
SAGSLOW 1137 1504 1140 1505
SAGSLOW 1138 1505 1140 1505
SAGSLOW 1138 1504 1140 1505
SAGSLOW 1144 1505 1140 1505
SAGSLOW 1136 1504 1140 1505
SAGSLOW 1140 1504 1140 1505
SAGSLOW 1143 1505 1140 1505
SAGSLOW 1147 1505 1140 1505
SAGSLOW 1141 1505 1141 1505
SAGSLOW 1137 1504 1141 1505
SAGSLOW 1142 1505 1141 1505
SAGSLOW 1138 1503 1141 1505
SAGSLOW 1145 1505 1141 1505
SAGSLOW 1148 1505 1141 1505
SAGSLOW 1135 1504 1141 1505
SAGSLOW 1140 1503 1141 1505
SAGSLOW 1143 1504 1141 1505
SAGSLOW 1137 1504 1141 1505
SAGSLOW 1136 1505 1140 1505
SAGSLOW 1146 1505 1140 1505
SAGSLOW 1141 1504 1140 1505
SAGSLOW 1144 1505 1141 1505
SAGSLOW 1137 1505 1141 1505
SAGSLOW 1136 1505 1140 1505
SAGSLOW 1133 1504 1140 1505
SAGSLOW 1134 1504 1140 1505
SAGSLOW 1133 1504 1140 1505
SAGSLOW 1138 1505 1140 1505
SAGSLOW 1131 1504 1140 1504
SAGSLOW 1126 1504 1140 1504
SAGSLOW 1128 1504 1140 1504
SAGSLOW 1128 1505 1140 1504
SAGSLOW 1132 1505 1140 1504
SAGSLOW 1138 1504 1139 1505
SAGSLOW 1136 1505 1139 1504
SAGSLOW 1136 1505 1139 1504
SAGSLOW 1145 1504 1139 1505
SAGSLOW 1137 1505 1139 1505
SAGSLOW 1132 1505 1139 1505
SAGSLOW 1137 1504 1139 1505
SAGSLOW 1133 1504 1139 1505
SAGSLOW 1138 1505 1139 1505
SAGSLOW 1137 1504 1139 1505
SAGSLOW 1142 1504 1139 1505
SAGSLOW 1146 1505 1139 1505
SAGSLOW 1138 1504 1139 1505
SAGSLOW 1145 1505 1139 1505
SAGSLOW 1139 1504 1139 1505
SAGSLOW 1137 1505 1139 1505
SAGSLOW 1130 1504 1139 1505
SAGSLOW 1137 1505 1139 1505
SAGSLOW 1136 1504 1139 1505
SAGSLOW 1137 1506 1139 1505
SAGSLOW 1134 1504 1139 1505
SAGSLOW 1139 1504 1139 1505
SAGSLOW 1138 1505 1139 1505
SAGSLOW 1137 1505 1138 1505
SAGSLOW 1128 1506 1138 1505
SAGSLOW 1135 1505 1138 1505
SAGSLOW 1146 1504 1138 1505
SAGSLOW 1135 1503 1138 1505
SAGSLOW 1140 1505 1138 1505
SAGSLOW 1141 1503 1138 1505
SAGSLOW 1138 1504 1138 1505
SAGSLOW 1133 1505 1138 1505
SAGSLOW 1130 1504 1138 1505
SAGSLOW 1140 1504 1138 1505
SAGSLOW 1139 1505 1138 1505
SAGSLOW 1136 1503 1138 1505
SAGSLOW 1140 1504 1138 1505
SAGSLOW 1135 1505 1138 1505
SAGSLOW 1130 1504 1138 1505
SAGSLOW 1140 1505 1138 1505
SAGSLOW 1137 1505 1138 1505
SAGSLOW 1142 1505 1138 1505
SAGSLOW 1141 1506 1138 1505
SAGSLOW 1138 1506 1138 1505
SAGSLOW 1131 1505 1138 1505
SAGSLOW 1134 1504 1138 1505
SAGSLOW 1131 1504 1138 1505
SAGSLOW 1149 1505 1138 1505
SAGSLOW 1140 1504 1138 1505
SAGSLOW 1139 1505 1138 1505
SAGSLOW 1143 1505 1138 1505
SAGSLOW 1141 1504 1138 1505
SAGSLOW 1137 1505 1138 1505
SAGSLOW 1135 1504 1138 1505
SAGSLOW 1143 1504 1138 1505
SAGSLOW 1139 1505 1138 1505
SAGSLOW 1136 1505 1138 1505
SAGSLOW 1133 1504 1138 1505
SAGSLOW 1158 1505 1138 1505
SAGSLOW 1143 1504 1138 1505
SAGSLOW 1141 1505 1138 1505
SAGSLOW 1146 1505 1139 1505
SAGSLOW 1144 1504 1139 1505
SAGSLOW 1142 1504 1139 1505
SAGSLOW 1134 1506 1139 1505
SAGSLOW 1135 1504 1139 1505
SAGSLOW 1132 1505 1138 1505
SAGSLOW 1136 1505 1138 1505
SAGSLOW 1135 1504 1138 1505
SAGSLOW 1145 1504 1138 1505
SAGSLOW 1145 1504 1138 1505
SAGSLOW 1137 1504 1139 1505
SAGSLOW 1143 1505 1139 1505
SAGSLOW 1135 1504 1139 1505
SAGSLOW 1131 1504 1138 1505
SAGSLOW 1135 1504 1138 1505
SAGSLOW 1138 1505 1138 1505
SAGSLOW 1137 1505 1138 1504
SAGSLOW 1139 1504 1138 1504
SAGSLOW 1139 1504 1138 1505
SAGSLOW 1148 1504 1138 1505
SAGSLOW 1147 1504 1138 1505
SAGSLOW 1138 1505 1139 1505
SAGSLOW 1139 1504 1139 1505
SAGSLOW 1143 1504 1139 1505
SAGSLOW 1139 1504 1139 1505
SAGSLOW 1135 1505 1138 1505
SAGSLOW 1139 1504 1138 1505
SAGSLOW 1139 1505 1138 1505
SAGSLOW 1155 1504 1139 1505
SAGSLOW 1151 1505 1139 1505
SAGSLOW 1150 1505 1139 1505
SAGSLOW 1143 1505 1139 1505
SAGSLOW 1137 1505 1139 1505
SAGSLOW 1134 1504 1139 1505
SAGSLOW 1133 1506 1139 1505
SAGSLOW 1135 1504 1139 1505
SAGSLOW 1141 1505 1139 1505
SAGSLOW 1145 1504 1139 1505
SAGSLOW 1143 1504 1139 1505
SAGSLOW 1143 1505 1139 1505
SAGSLOW 1142 1504 1139 1505
SAGSLOW 1133 1504 1139 1505
SAGSLOW 1138 1504 1139 1505
SAGSLOW 1143 1505 1139 1505
SAGSLOW 1139 1504 1139 1505
SAGSLOW 1142 1503 1139 1505
SAGSLOW 1146 1504 1139 1505
SAGSLOW 1149 1504 1139 1505
SAGSLOW 1143 1505 1139 1505
SAGSLOW 1146 1505 1139 1505
SAGSLOW 1148 1504 1140 1505
SAGSLOW 1145 1504 1140 1505
SAGSLOW 1137 1504 1140 1505
SAGSLOW 1147 1505 1140 1505
SAGSLOW 1156 1505 1140 1505
SAGSLOW 1152 1504 1140 1505
SAGSLOW 1143 1505 1140 1505
SAGSLOW 1134 1505 1140 1505
SAGSLOW 1137 1504 1140 1505
SAGSLOW 1141 1503 1140 1505
SAGSLOW 1139 1504 1140 1505
SAGSLOW 1143 1504 1140 1505
SAGSLOW 1140 1504 1140 1505
SAGSLOW 1149 1504 1140 1505
SAGSLOW 1149 1505 1141 1504
SAGSLOW 1145 1504 1141 1504
SAGSLOW 1144 1505 1141 1504
SAGSLOW 1136 1505 1141 1504
SAGSLOW 1138 1505 1141 1505
SAGSLOW 1142 1504 1141 1505
SAGSLOW 1153 1504 1141 1504
SAGSLOW 1145 1505 1141 1504
SAGSLOW 1139 1504 1141 1504
SAGSLOW 1145 1504 1141 1505
SAGSLOW 1147 1505 1141 1504
SAGSLOW 1152 1505 1141 1504
SAGSLOW 1149 1505 1141 1505
SAGSLOW 1143 1505 1141 1505
SAGSLOW 1141 1505 1141 1505
SAGSLOW 1139 1504 1141 1505
SAGSLOW 1135 1503 1141 1505
SAGSLOW 1150 1504 1141 1504
SAGSLOW 1149 1504 1141 1504
SAGSLOW 1147 1504 1141 1504
SAGSLOW 1145 1506 1141 1504
SAGSLOW 1141 1505 1142 1504
SAGSLOW 1142 1503 1141 1504
SAGSLOW 1141 1504 1141 1504
SAGSLOW 1138 1504 1141 1504
SAGSLOW 1140 1504 1141 1504
SAGSLOW 1146 1505 1141 1504
SAGSLOW 1141 1505 1141 1504
SAGSLOW 1139 1503 1141 1504
SAGSLOW 1139 1505 1141 1504
SAGSLOW 1144 1504 1141 1504
SAGSLOW 1141 1504 1141 1504
SAGSLOW 1148 1504 1141 1504
SAGSLOW 1142 1505 1141 1505
SAGSLOW 1137 1505 1141 1505
SAGSLOW 1139 1504 1141 1505
SAGSLOW 1137 1505 1141 1505
SAGSLOW 1134 1505 1141 1505
SAGSLOW 1142 1505 1141 1505
SAGSLOW 1142 1505 1141 1505
SAGSLOW 1135 1505 1141 1505
SAGSLOW 1147 1505 1141 1505
SAGSLOW 1156 1504 1141 1505
SAGSLOW 1145 1504 1141 1505
SAGSLOW 1149 1505 1141 1505
SAGSLOW 1141 1505 1141 1505
SAGSLOW 1142 1505 1141 1505
SAGSLOW 1144 1505 1141 1505
SAGSLOW 1140 1505 1142 1505
SAGSLOW 1148 1504 1142 1505
SAGSLOW 1149 1504 1142 1505
SAGSLOW 1136 1505 1142 1505
SAGSLOW 1134 1505 1142 1505
SAGSLOW 1140 1505 1142 1505
SAGSLOW 1136 1505 1141 1505
SAGSLOW 1132 1505 1141 1505
SAGSLOW 1148 1504 1141 1505
SAGSLOW 1138 1505 1141 1505
SAGSLOW 1141 1505 1141 1505
SAGSLOW 1143 1504 1141 1505
SAGSLOW 1152 1505 1141 1505
SAGSLOW 1148 1505 1141 1505
SAGSLOW 1136 1504 1141 1505
SAGSLOW 1145 1504 1141 1505
SAGSLOW 1140 1504 1141 1505
SAGSLOW 1147 1505 1142 1505
SAGSLOW 1148 1504 1142 1504
SAGSLOW 1140 1505 1142 1504
SAGSLOW 1134 1505 1142 1504
SAGSLOW 1138 1504 1142 1504
SAGSLOW 1133 1505 1142 1504
SAGSLOW 1135 1506 1141 1504
SAGSLOW 1149 1505 1141 1505
SAGSLOW 1149 1504 1142 1505
SAGSLOW 1150 1505 1142 1505
SAGSLOW 1140 1506 1142 1505
SAGSLOW 1146 1505 1142 1505
SAGSLOW 1143 1506 1142 1505
SAGSLOW 1147 1505 1142 1505
SAGSLOW 1146 1504 1142 1505
SAGSLOW 1145 1505 1142 1505
SAGSLOW 1142 1504 1142 1505
SAGSLOW 1136 1505 1142 1505
SAGSLOW 1138 1504 1142 1505
SAGSLOW 1139 1505 1142 1505
SAGSLOW 1140 1504 1142 1505
SAGSLOW 1142 1504 1142 1505
SAGSLOW 1138 1505 1142 1505
SAGSLOW 1140 1504 1142 1505
SAGSLOW 1144 1504 1141 1505
SAGSLOW 1143 1505 1142 1505
SAGSLOW 1146 1504 1142 1505
SAGSLOW 1147 1504 1142 1505
SAGSLOW 1135 1505 1142 1505
SAGSLOW 1134 1504 1142 1505
SAGSLOW 1136 1505 1142 1505
SAGSLOW 1144 1504 1141 1505
SAGSLOW 1146 1504 1142 1505
SAGSLOW 1139 1506 1142 1504
SAGSLOW 1132 1505 1142 1504
SAGSLOW 1138 1504 1141 1504
SAGSLOW 1144 1504 1141 1504
SAGSLOW 1143 1504 1141 1504
SAGSLOW 1149 1505 1141 1504
SAGSLOW 1138 1505 1141 1504
SAGSLOW 1146 1505 1141 1504
SAGSLOW 1144 1504 1142 1504
SAGSLOW 1152 1504 1142 1504
SAGSLOW 1137 1504 1142 1504
SAGSLOW 1144 1503 1141 1504
SAGSLOW 1144 1504 1142 1504
SAGSLOW 1147 1504 1142 1504
SAGSLOW 1136 1505 1142 1504
SAGSLOW 1132 1506 1141 1504
SAGSLOW 1141 1504 1141 1504
SAGSLOW 1141 1504 1141 1504
SAGSLOW 1148 1505 1141 1504
SAGSLOW 1147 1505 1141 1504
SAGSLOW 1149 1504 1142 1504
SAGSLOW 1144 1505 1142 1504
SAGSLOW 1142 1504 1142 1504
SAGSLOW 1154 1505 1142 1504
SAGSLOW 1155 1504 1142 1504
SAGSLOW 1141 1504 1142 1504
SAGSLOW 1137 1504 1142 1504
SAGSLOW 1146 1505 1142 1504
SAGSLOW 1142 1505 1142 1504
SAGSLOW 1136 1505 1142 1504
SAGSLOW 1143 1504 1142 1504
SAGSLOW 1133 1506 1142 1504
SAGSLOW 1135 1505 1142 1504
SAGSLOW 1133 1504 1142 1504
SAGSLOW 1133 1504 1141 1504
SAGSLOW 1133 1505 1141 1504
SAGSLOW 1138 1504 1141 1504
SAGSLOW 1144 1504 1141 1504
SAGSLOW 1133 1504 1141 1504
SAGSLOW 1132 1504 1141 1504
SAGSLOW 1138 1505 1141 1504
SAGSLOW 1137 1504 1141 1504
SAGSLOW 1133 1504 1141 1504
SAGSLOW 1137 1504 1141 1504
SAGSLOW 1139 1505 1141 1504
SAGSLOW 1135 1505 1140 1504
SAGSLOW 1137 1504 1140 1504
SAGSLOW 1135 1504 1140 1504
SAGSLOW 1141 1505 1140 1504
SAGSLOW 1132 1504 1140 1504
SAGSLOW 1138 1504 1140 1504
SAGSLOW 1142 1504 1140 1504
SAGSLOW 1136 1505 1140 1504
SAGSLOW 1145 1504 1140 1504
SAGSLOW 1139 1504 1140 1504
SAGSLOW 1141 1505 1140 1504
SAGSLOW 1137 1504 1140 1504
SAGSLOW 1135 1504 1140 1504
SAGSLOW 1143 1505 1140 1504
SAGSLOW 1132 1505 1140 1504
SAGSLOW 1136 1503 1140 1504
SAGSLOW 1125 1504 1140 1504
SAGSLOW 1132 1504 1140 1504
SAGSLOW 1135 1504 1140 1504
SAGSLOW 1142 1504 1140 1504
SAGSLOW 1140 1505 1140 1504
SAGSLOW 1137 1503 1140 1504
SAGSLOW 1148 1504 1140 1504
SAGSLOW 1145 1505 1140 1504
SAGSLOW 1142 1504 1140 1504
SAGSLOW 1135 1505 1140 1504
SAGSLOW 1143 1506 1140 1504
SAGSLOW 1139 1504 1140 1504
SAGSLOW 1134 1504 1140 1504
SAGSLOW 1140 1504 1140 1504
SAGSLOW 1147 1505 1140 1504
SAGSLOW 1137 1505 1140 1504
SAGSLOW 1134 1505 1140 1504
SAGSLOW 1141 1505 1140 1504
SAGSLOW 1148 1506 1140 1504
SAGSLOW 1141 1505 1140 1505
SAGSLOW 1128 1505 1140 1505
SAGSLOW 1127 1504 1140 1504
SAGSLOW 1126 1505 1140 1505
SAGSLOW 1140 1504 1139 1504
SAGSLOW 1126 1504 1139 1504
SAGSLOW 1129 1505 1139 1504
SAGSLOW 1131 1505 1139 1504
SAGSLOW 1138 1504 1139 1504
SAGSLOW 1141 1504 1139 1504
SAGSLOW 1132 1504 1139 1504
SAGSLOW 1131 1505 1139 1504
SAGSLOW 1139 1505 1139 1505
SAGSLOW 1143 1504 1139 1504
SAGSLOW 1138 1504 1139 1504
SAGSLOW 1125 1505 1139 1504
SAGSLOW 1126 1505 1139 1504
SAGSLOW 1128 1504 1138 1504
SAGSLOW 1134 1504 1138 1504
SAGSLOW 1136 1504 1138 1504
SAGSLOW 1139 1505 1138 1504
SAGSLOW 1133 1505 1138 1504
SAGSLOW 1132 1505 1138 1504
SAGSLOW 1140 1504 1138 1504
SAGSLOW 1129 1505 1138 1504
SAGSLOW 1133 1505 1138 1504
SAGSLOW 1134 1504 1138 1504
SAGSLOW 1137 1505 1138 1504
SAGSLOW 1138 1504 1138 1504
SAGSLOW 1142 1504 1138 1504
SAGSLOW 1136 1504 1138 1504
SAGSLOW 1134 1504 1138 1504
SAGSLOW 1129 1504 1138 1504
SAGSLOW 1137 1504 1137 1504
SAGSLOW 1145 1505 1137 1504
SAGSLOW 1138 1505 1138 1504
SAGSLOW 1132 1505 1137 1504
SAGSLOW 1131 1505 1137 1504
SAGSLOW 1135 1504 1137 1504
SAGSLOW 1127 1504 1137 1504
SAGSLOW 1131 1504 1137 1504
SAGSLOW 1139 1504 1137 1504
SAGSLOW 1134 1504 1137 1504
SAGSLOW 1137 1504 1137 1504
SAGSLOW 1133 1505 1137 1504
SAGSLOW 1120 1505 1137 1504
SAGSLOW 1135 1506 1137 1504
SAGSLOW 1144 1505 1137 1505
SAGSLOW 1133 1504 1137 1505
SAGSLOW 1131 1503 1137 1505
SAGSLOW 1136 1504 1136 1504
SAGSLOW 1147 1505 1137 1504
SAGSLOW 1137 1505 1137 1504
SAGSLOW 1133 1504 1137 1504
SAGSLOW 1137 1504 1137 1504
SAGSLOW 1137 1505 1137 1504
SAGSLOW 1141 1503 1137 1504
SAGSLOW 1129 1504 1137 1504
SAGSLOW 1126 1504 1136 1504
SAGSLOW 1128 1505 1136 1504
SAGSLOW 1136 1504 1136 1504
SAGSLOW 1134 1505 1136 1504
SAGSLOW 1127 1504 1136 1504
SAGSLOW 1134 1505 1136 1504
SAGSLOW 1132 1505 1136 1504
SAGSLOW 1134 1505 1136 1504
SAGSLOW 1136 1505 1136 1504
SAGSLOW 1134 1505 1136 1504
SAGSLOW 1138 1505 1136 1504
SAGSLOW 1142 1505 1136 1505
SAGSLOW 1134 1505 1136 1505
SAGSLOW 1135 1504 1136 1505
SAGSLOW 1131 1504 1136 1505
SAGSLOW 1131 1504 1136 1504
SAGSLOW 1134 1505 1135 1504
SAGSLOW 1136 1505 1135 1504
SAGSLOW 1137 1505 1135 1505
SAGSLOW 1132 1505 1135 1505
SAGSLOW 1130 1504 1135 1505
SAGSLOW 1139 1503 1135 1505
SAGSLOW 1133 1504 1135 1505
SAGSLOW 1131 1504 1135 1505
SAGSLOW 1141 1505 1135 1505
SAGSLOW 1125 1505 1135 1505
SAGSLOW 1132 1505 1135 1505
SAGSLOW 1137 1504 1135 1505
SAGSLOW 1134 1504 1135 1505
SAGSLOW 1145 1505 1135 1505
SAGSLOW 1143 1504 1135 1505
SAGSLOW 1144 1504 1135 1505
SAGSLOW 1129 1504 1135 1505
SAGSLOW 1148 1505 1135 1505
SAGSLOW 1144 1504 1135 1505
SAGSLOW 1137 1505 1135 1505
SAGSLOW 1129 1505 1135 1505
SAGSLOW 1132 1505 1135 1505
SAGSLOW 1132 1504 1135 1505
SAGSLOW 1135 1504 1135 1505
SAGSLOW 1135 1505 1135 1505
SAGSLOW 1132 1505 1135 1505
SAGSLOW 1136 1504 1135 1505
SAGSLOW 1146 1505 1135 1505
SAGSLOW 1144 1504 1135 1505
SAGSLOW 1139 1505 1135 1505
SAGSLOW 1143 1505 1135 1505
SAGSLOW 1138 1504 1135 1505
SAGSLOW 1137 1505 1135 1505
SAGSLOW 1130 1504 1135 1505
SAGSLOW 1126 1505 1135 1505
SAGSLOW 1130 1505 1135 1505
SAGSLOW 1129 1504 1135 1505
SAGSLOW 1135 1504 1135 1505
SAGSLOW 1139 1504 1135 1505
SAGSLOW 1145 1504 1135 1505
SAGSLOW 1139 1504 1135 1505
SAGSLOW 1133 1504 1135 1505
SAGSLOW 1130 1505 1135 1505
SAGSLOW 1128 1505 1135 1505
SAGSLOW 1136 1504 1135 1505
SAGSLOW 1133 1504 1135 1505
SAGSLOW 1134 1504 1135 1505
SAGSLOW 1136 1505 1135 1505
SAGSLOW 1136 1504 1135 1505
SAGSLOW 1137 1504 1135 1505
SAGSLOW 1136 1505 1135 1505
SAGSLOW 1126 1504 1135 1505
SAGSLOW 1130 1505 1134 1505
SAGSLOW 1134 1504 1134 1505
SAGSLOW 1131 1505 1134 1505
SAGSLOW 1134 1505 1134 1505
SAGSLOW 1140 1505 1135 1505
SAGSLOW 1129 1504 1134 1505
SAGSLOW 1134 1505 1134 1505
SAGSLOW 1132 1505 1134 1505
SAGSLOW 1126 1505 1134 1505
SAGSLOW 1135 1504 1134 1505
SAGSLOW 1137 1504 1134 1505
SAGSLOW 1129 1504 1134 1505
SAGSLOW 1127 1504 1134 1505
SAGSLOW 1131 1505 1134 1505
SAGSLOW 1127 1504 1134 1505
SAGSLOW 1134 1503 1134 1505
SAGSLOW 1132 1504 1134 1505
SAGSLOW 1132 1505 1134 1505
SAGSLOW 1137 1505 1134 1505
SAGSLOW 1136 1505 1134 1505
SAGSLOW 1135 1504 1134 1505
SAGSLOW 1147 1505 1134 1505
SAGSLOW 1137 1504 1135 1505
SAGSLOW 1142 1504 1135 1505
SAGSLOW 1138 1504 1135 1505
SAGSLOW 1137 1506 1135 1505
SAGSLOW 1136 1504 1135 1505
SAGSLOW 1137 1504 1135 1505
SAGSLOW 1146 1505 1135 1505
SAGSLOW 1143 1503 1135 1505
SAGSLOW 1133 1504 1135 1505
SAGSLOW 1136 1505 1135 1505
SAGSLOW 1137 1505 1135 1505
SAGSLOW 1128 1505 1135 1505
SAGSLOW 1141 1504 1135 1505
SAGSLOW 1135 1504 1135 1505
SAGSLOW 1135 1503 1135 1505
SAGSLOW 1139 1504 1135 1505
SAGSLOW 1134 1504 1135 1505
SAGSLOW 1130 1504 1135 1505
SAGSLOW 1138 1505 1135 1505
SAGSLOW 1151 1505 1136 1505
SAGSLOW 1143 1505 1136 1505
SAGSLOW 1135 1505 1136 1505
SAGSLOW 1138 1504 1136 1505
SAGSLOW 1132 1505 1136 1505
SAGSLOW 1142 1505 1136 1505
SAGSLOW 1133 1504 1136 1505
SAGSLOW 1125 1503 1136 1505
SAGSLOW 1127 1504 1136 1505
SAGSLOW 1131 1505 1136 1505
SAGSLOW 1146 1505 1136 1505
SAGSLOW 1142 1505 1136 1505
SAGSLOW 1135 1504 1136 1505
SAGSLOW 1136 1504 1136 1505
SAGSLOW 1142 1505 1136 1505
SAGSLOW 1131 1505 1136 1505
SAGSLOW 1140 1504 1136 1505
SAGSLOW 1141 1504 1136 1505
SAGSLOW 1148 1503 1136 1505
SAGSLOW 1143 1505 1136 1505
SAGSLOW 1132 1504 1136 1505
SAGSLOW 1132 1506 1136 1505
SAGSLOW 1128 1504 1136 1504
SAGSLOW 1133 1505 1136 1505
SAGSLOW 1134 1505 1136 1504
SAGSLOW 1127 1504 1135 1504
SAGSLOW 1134 1505 1135 1504
SAGSLOW 1132 1504 1135 1504
SAGSLOW 1137 1504 1135 1504
SAGSLOW 1138 1504 1135 1504
SAGSLOW 1143 1504 1135 1504
SAGSLOW 1140 1505 1136 1504
SAGSLOW 1136 1504 1136 1504
SAGSLOW 1136 1504 1136 1504
SAGSLOW 1141 1504 1136 1504
SAGSLOW 1138 1504 1136 1504
SAGSLOW 1136 1505 1136 1504
SAGSLOW 1137 1504 1136 1504
SAGSLOW 1148 1504 1136 1504
SAGSLOW 1140 1505 1136 1504
SAGSLOW 1140 1504 1136 1504
SAGSLOW 1129 1505 1136 1504
SAGSLOW 1142 1504 1136 1504
SAGSLOW 1151 1505 1136 1504
SAGSLOW 1142 1504 1136 1504
SAGSLOW 1139 1504 1136 1504
SAGSLOW 1133 1505 1136 1504
SAGSLOW 1133 1505 1136 1504
SAGSLOW 1127 1505 1136 1504
SAGSLOW 1128 1504 1136 1504
SAGSLOW 1135 1504 1136 1504
SAGSLOW 1142 1504 1136 1504
SAGSLOW 1132 1504 1136 1504
SAGSLOW 1137 1505 1136 1504
SAGSLOW 1140 1506 1136 1504
SAGSLOW 1142 1503 1136 1504
SAGSLOW 1140 1505 1136 1504
SAGSLOW 1132 1504 1136 1504
SAGSLOW 1132 1504 1136 1504
SAGSLOW 1134 1504 1136 1504
SAGSLOW 1142 1503 1136 1504
SAGSLOW 1144 1505 1136 1504
SAGSLOW 1144 1504 1136 1504
SAGSLOW 1142 1504 1136 1504
SAGSLOW 1149 1505 1137 1504
SAGSLOW 1140 1505 1137 1504
SAGSLOW 1139 1505 1137 1504
SAGSLOW 1134 1504 1137 1504
SAGSLOW 1140 1505 1137 1504
SAGSLOW 1142 1505 1137 1504
SAGSLOW 1138 1504 1137 1504
SAGSLOW 1140 1504 1137 1504
SAGSLOW 1143 1504 1137 1504
SAGSLOW 1140 1505 1137 1504
SAGSLOW 1137 1504 1137 1504
SAGSLOW 1139 1504 1137 1504
SAGSLOW 1136 1505 1137 1504
SAGSLOW 1145 1505 1137 1504
SAGSLOW 1143 1504 1137 1504
SAGSLOW 1138 1505 1137 1504
SAGSLOW 1132 1505 1137 1504
SAGSLOW 1136 1505 1137 1504
SAGSLOW 1145 1504 1137 1504
SAGSLOW 1139 1504 1137 1504
SAGSLOW 1133 1504 1137 1504
SAGSLOW 1135 1505 1137 1504
SAGSLOW 1133 1505 1137 1504
SAGSLOW 1148 1504 1137 1504
SAGSLOW 1146 1505 1137 1504
SAGSLOW 1134 1505 1137 1504
SAGSLOW 1140 1504 1137 1504
SAGSLOW 1139 1505 1137 1504
SAGSLOW 1140 1504 1137 1504
SAGSLOW 1135 1505 1137 1504
SAGSLOW 1137 1504 1137 1504
SAGSLOW 1144 1506 1137 1504
SAGSLOW 1137 1504 1137 1504
SAGSLOW 1133 1504 1137 1504
SAGSLOW 1131 1505 1137 1504
SAGSLOW 1133 1504 1137 1504
SAGSLOW 1136 1505 1137 1504
SAGSLOW 1132 1504 1137 1504
SAGSLOW 1134 1505 1137 1504
SAGSLOW 1126 1505 1137 1504
SAGSLOW 1125 1504 1136 1504
SAGSLOW 1129 1505 1136 1504
SAGSLOW 1127 1505 1136 1504
SAGSLOW 1135 1506 1136 1504
SAGSLOW 1134 1504 1136 1504
SAGSLOW 1140 1505 1136 1504
SAGSLOW 1129 1505 1136 1504
SAGSLOW 1135 1504 1136 1505
SAGSLOW 1126 1504 1136 1505
SAGSLOW 1135 1505 1136 1504
SAGSLOW 1126 1504 1136 1504
SAGSLOW 1126 1504 1136 1504
SAGSLOW 1124 1505 1136 1504
SAGSLOW 1128 1504 1135 1504
SAGSLOW 1131 1504 1135 1504
SAGSLOW 1134 1505 1135 1504
SAGSLOW 1140 1505 1135 1504
SAGSLOW 1142 1505 1135 1504
SAGSLOW 1137 1504 1135 1504
SAGSLOW 1114 1505 1135 1504
SAGSLOW 1137 1505 1135 1504
SAGSLOW 1142 1504 1135 1504
SAGSLOW 1136 1505 1135 1504
SAGSLOW 1144 1505 1135 1504
SAGSLOW 1141 1505 1136 1505
SAGSLOW 1140 1503 1136 1505
SAGSLOW 1141 1504 1136 1505
SAGSLOW 1132 1504 1136 1505
SAGSLOW 1137 1504 1136 1505
SAGSLOW 1136 1505 1136 1505
SAGSLOW 1135 1504 1136 1505
SAGSLOW 1132 1503 1136 1505
SAGSLOW 1134 1505 1136 1505
SAGSLOW 1126 1505 1136 1505
SAGSLOW 1138 1505 1136 1505
SAGSLOW 1134 1505 1136 1505
SAGSLOW 1129 1505 1135 1505
SAGSLOW 1132 1505 1135 1505
SAGSLOW 1130 1504 1135 1505
SAGSLOW 1134 1504 1135 1505
SAGSLOW 1133 1504 1135 1505
SAGSLOW 1132 1504 1135 1505
SAGSLOW 1127 1504 1135 1505
SAGSLOW 1134 1504 1135 1505
SAGSLOW 1136 1504 1135 1505
SAGSLOW 1136 1505 1135 1505
SAGSLOW 1137 1503 1135 1505
SAGSLOW 1142 1504 1135 1505
SAGSLOW 1140 1505 1135 1505
SAGSLOW 1136 1504 1135 1505
SAGSLOW 1148 1504 1135 1505
SAGSLOW 1134 1503 1136 1505
SAGSLOW 1133 1504 1135 1505
SAGSLOW 1138 1505 1135 1505
SAGSLOW 1127 1505 1135 1505
SAGSLOW 1130 1505 1135 1505
SAGSLOW 1133 1504 1135 1505
SAGSLOW 1133 1505 1135 1505
SAGSLOW 1136 1503 1135 1505
SAGSLOW 1136 1505 1135 1505
SAGSLOW 1134 1505 1135 1505
SAGSLOW 1136 1505 1135 1505
SAGSLOW 1134 1505 1135 1505
SAGSLOW 1128 1505 1135 1505
SAGSLOW 1123 1505 1135 1505
SAGSLOW 1131 1505 1135 1505
SAGSLOW 1139 1504 1134 1505
SAGSLOW 1129 1505 1134 1505
SAGSLOW 1128 1504 1134 1505
SAGSLOW 1132 1505 1134 1505
SAGSLOW 1148 1505 1134 1505
SAGSLOW 1143 1504 1134 1505
SAGSLOW 1143 1505 1134 1505
SAGSLOW 1138 1504 1135 1505
SAGSLOW 1141 1504 1135 1505
SAGSLOW 1139 1504 1135 1505
SAGSLOW 1136 1504 1135 1505
SAGSLOW 1145 1505 1135 1505
SAGSLOW 1135 1505 1135 1505
SAGSLOW 1132 1504 1135 1505
SAGSLOW 1131 1505 1135 1505
SAGSLOW 1132 1504 1135 1505
SAGSLOW 1141 1504 1135 1505
SAGSLOW 1141 1504 1135 1505
SAGSLOW 1141 1504 1135 1504
SAGSLOW 1142 1504 1135 1504
SAGSLOW 1134 1505 1135 1504
SAGSLOW 1133 1505 1135 1504
SAGSLOW 1129 1504 1135 1504
SAGSLOW 1137 1504 1135 1504
SAGSLOW 1137 1503 1135 1504
SAGSLOW 1125 1504 1135 1504
SAGSLOW 1128 1504 1135 1504
SAGSLOW 1125 1505 1135 1504
SAGSLOW 1125 1504 1135 1504
SAGSLOW 1134 1504 1135 1504
SAGSLOW 1136 1503 1135 1504
SAGSLOW 1136 1504 1135 1504
SAGSLOW 1127 1504 1135 1504
SAGSLOW 1133 1505 1135 1504
SAGSLOW 1135 1505 1135 1504
SAGSLOW 1136 1504 1135 1504
SAGSLOW 1136 1505 1135 1504
SAGSLOW 1147 1505 1135 1504
SAGSLOW 1129 1504 1135 1504
SAGSLOW 1130 1504 1135 1504
SAGSLOW 1139 1504 1135 1504
SAGSLOW 1130 1504 1135 1504
SAGSLOW 1134 1506 1135 1504
SAGSLOW 1134 1504 1135 1504
SAGSLOW 1129 1505 1135 1504
SAGSLOW 1125 1505 1135 1504
SAGSLOW 1145 1505 1135 1504
SAGSLOW 1132 1505 1135 1504
SAGSLOW 1143 1505 1135 1505
SAGSLOW 1140 1504 1135 1505
SAGSLOW 1128 1505 1135 1505
SAGSLOW 1136 1505 1135 1505
SAGSLOW 1133 1505 1135 1505
SAGSLOW 1135 1503 1135 1505
SAGSLOW 1129 1504 1135 1505
SAGSLOW 1144 1504 1135 1505
SAGSLOW 1137 1505 1135 1505
SAGSLOW 1139 1504 1135 1505
SAGSLOW 1141 1505 1135 1505
SAGSLOW 1135 1505 1135 1504
SAGSLOW 1138 1504 1135 1504
SAGSLOW 1135 1505 1135 1504
SAGSLOW 1134 1506 1135 1504
SAGSLOW 1131 1505 1135 1504
SAGSLOW 1142 1504 1135 1504
SAGSLOW 1136 1505 1135 1504
SAGSLOW 1138 1504 1135 1504
SAGSLOW 1129 1504 1135 1504
SAGSLOW 1131 1504 1135 1504
SAGSLOW 1135 1504 1135 1504
SAGSLOW 1135 1506 1135 1504
SAGSLOW 1134 1504 1135 1504
SAGSLOW 1128 1504 1135 1504
SAGSLOW 1139 1505 1135 1504
SAGSLOW 1128 1504 1135 1504
SAGSLOW 1131 1504 1135 1504
SAGSLOW 1142 1506 1135 1504
SAGSLOW 1138 1505 1135 1504
SAGSLOW 1122 1505 1134 1504
SAGSLOW 1141 1504 1135 1504
SAGSLOW 1135 1504 1135 1504
SAGSLOW 1129 1504 1134 1504
SAGSLOW 1124 1505 1134 1504
SAGSLOW 1126 1503 1134 1504
SAGSLOW 1132 1503 1134 1504
SAGSLOW 1136 1505 1134 1504
SAGSLOW 1137 1505 1134 1504
SAGSLOW 1133 1503 1134 1504
SAGSLOW 1136 1504 1134 1504
SAGSLOW 1136 1503 1134 1504
SAGSLOW 1138 1504 1134 1504
SAGSLOW 1136 1504 1134 1504
SAGSLOW 1133 1505 1134 1504
SAGSLOW 1143 1504 1134 1504
SAGSLOW 1149 1504 1135 1504
SAGSLOW 1141 1505 1135 1504
SAGSLOW 1131 1505 1135 1504
SAGSLOW 1130 1505 1135 1504
SAGSLOW 1134 1505 1135 1504
SAGSLOW 1133 1504 1134 1504
SAGSLOW 1138 1504 1135 1504
SAGSLOW 1143 1504 1135 1504
SAGSLOW 1145 1504 1135 1504
SAGSLOW 1126 1505 1135 1504
SAGSLOW 1123 1505 1135 1504
SAGSLOW 1127 1505 1135 1504
SAGSLOW 1121 1504 1134 1504
SAGSLOW 1121 1504 1134 1504
SAGSLOW 1136 1505 1134 1504
SAGSLOW 1133 1504 1134 1504
SAGSLOW 1122 1505 1134 1504
SAGSLOW 1128 1506 1134 1504
SAGSLOW 1136 1504 1134 1504
SAGSLOW 1131 1505 1134 1504
SAGSLOW 1129 1505 1134 1504
SAGSLOW 1130 1505 1134 1504
SAGSLOW 1133 1504 1134 1504
SAGSLOW 1143 1503 1134 1504
SAGSLOW 1135 1505 1134 1504
SAGSLOW 1139 1505 1134 1504
SAGSLOW 1127 1505 1134 1504
SAGSLOW 1138 1505 1134 1504
SAGSLOW 1144 1505 1134 1504
SAGSLOW 1144 1506 1134 1504
SAGSLOW 1127 1504 1134 1504
SAGSLOW 1126 1504 1134 1504
SAGSLOW 1123 1504 1134 1504
SAGSLOW 1135 1505 1134 1504
SAGSLOW 1132 1503 1133 1504
SAGSLOW 1140 1503 1133 1504
SAGSLOW 1136 1504 1134 1504
SAGSLOW 1131 1505 1133 1504
SAGSLOW 1137 1505 1133 1504
SAGSLOW 1132 1503 1133 1504
SAGSLOW 1135 1505 1133 1504
SAGSLOW 1131 1505 1133 1504
SAGSLOW 1136 1505 1133 1504
SAGSLOW 1139 1505 1133 1504
SAGSLOW 1135 1505 1134 1504
SAGSLOW 1138 1504 1134 1504
SAGSLOW 1135 1503 1134 1504
SAGSLOW 1129 1504 1134 1504
SAGSLOW 1126 1504 1133 1504
SAGSLOW 1123 1504 1133 1504
SAGSLOW 1127 1505 1133 1504
SAGSLOW 1126 1505 1133 1504
SAGSLOW 1125 1504 1133 1504
SAGSLOW 1124 1504 1133 1504
SAGSLOW 1120 1505 1133 1504
SAGSLOW 1121 1505 1133 1504
SAGSLOW 1131 1504 1132 1504
SAGSLOW 1142 1505 1132 1504
SAGSLOW 1131 1504 1132 1504
SAGSLOW 1124 1505 1132 1504
SAGSLOW 1129 1504 1132 1504
SAGSLOW 1130 1504 1132 1504
SAGSLOW 1125 1505 1132 1504
SAGSLOW 1126 1505 1132 1504
SAGSLOW 1124 1504 1132 1504
SAGSLOW 1147 1504 1132 1504
SAGSLOW 1129 1504 1132 1504
SAGSLOW 1137 1503 1132 1504
SAGSLOW 1129 1504 1132 1504
SAGSLOW 1129 1505 1132 1504
SAGSLOW 1127 1504 1132 1504
SAGSLOW 1121 1503 1131 1504
SAGSLOW 1130 1504 1131 1504
SAGSLOW 1130 1504 1131 1504
SAGSLOW 1137 1505 1131 1504
SAGSLOW 1138 1504 1131 1504
SAGSLOW 1127 1506 1131 1504
SAGSLOW 1127 1505 1131 1504
SAGSLOW 1126 1505 1131 1504
SAGSLOW 1130 1505 1131 1504
SAGSLOW 1136 1504 1131 1504
SAGSLOW 1140 1505 1131 1504
SAGSLOW 1129 1505 1131 1504
SAGSLOW 1120 1505 1131 1504
SAGSLOW 1122 1505 1131 1504
SAGSLOW 1126 1504 1131 1504
SAGSLOW 1137 1505 1131 1504
SAGSLOW 1131 1505 1131 1504
SAGSLOW 1133 1504 1131 1504
SAGSLOW 1132 1503 1131 1504
SAGSLOW 1146 1504 1131 1504
SAGSLOW 1139 1505 1131 1504
SAGSLOW 1121 1504 1131 1504
SAGSLOW 1128 1506 1131 1504
SAGSLOW 1124 1504 1131 1504
SAGEND
