# elf_sha256 7338EFDC785BB2B537888C7D512CB2C858850EBF69F9D188C536E94BF78C8E5D
# started 2026-09-24T02:46:57
BEMFRUN handoff_ehz=200 target_duty_tenths=250 advance_level=20 total_ms=80000 inject=0
PREFLIGHT moe=0 ccr1=0 ccr2=0 ccr3=0 gates_low=1 en=0 nfault=1 verdict=PASS
POSTSTOP
PREFLIGHT moe=0 ccr1=0 ccr2=0 ccr3=0 gates_low=1 en=0 nfault=1 verdict=PASS
BEMFDONE reason=2 accepted=517900 forced=0 zc_acc=517900 too_early=0 unstable=1665020 ci_us=135 bus_ref=1217 bus_min=1128
BEMFSAG ref_bus=1217 ref_vref=1506 filt_bus=1212 filt_vref=1507 streak=0 tripped=0
BEMFGATE closed_ms=74776 hold_ms=67276 target_tenths=250 zc_per_s=6926 comm_per_s=6926 ehz_from_ci_last=1234 forced_pct=0
BEMFRATE hold_ms=67276 hold_accepted=482388 hold_forced=0 mean_ci_us=139 mean_sector_us=139 ehz_from_sector=1199 zc_per_s=7170 zc_expected_per_s=7194 zc_rate_permille_of_expected=996 hold_forced_pct=0
BEMFTAIL accepts=23479 span_us=3274278 start_before_stop_us=3274342 end_before_stop_us=64 window_us=2000000
BEMFRCOMP spent_max_us=11 late_arms=0 com_preempts=0 com_arm_preempts=0
BEMFSECTOR a1=65535 f1=0 a2=65535 f2=0 a3=65535 f3=0 a4=65535 f4=0 a5=65535 f5=0 a6=65535 f6=0
BEMFPHASE lt075=1951 to100=65535 to125=65535 to150=2362 gt150=1
BEMFREVISIT r1=5916 v1=5915 r2=10691 v2=10692 r3=14317 v3=14317 r4=11749 v4=11749 r5=13416 v5=13416 r6=16041 v6=16041
BEMFDRIVEN entered=1 epochs=21 accepts=13 early=16 unstable=293 defers=2 retries=0 late_max_us=11 qual_intervals=12 qual_reanchors=0 qual_fault=0 fail=0 seeded=1 seed_step=3 seed_us=761 commanded_us=833 irq_peak_per_ms=55 closed_irq_peak_per_ms=64 storm=0 storm_step=0 cap_armed=1 comp_call_max_us=18 overrun=0 blank_arms=517901 blank_latched=0 com_count=517901 com_late_max_us=9
BEMFGUARD reason=0 ticks=786939 gap_max_us=107 track_fault=0 track_max_us=375 fast_events=509145 fast_min_us=85 loop_iters_closed=3236767 loop_gap_max_us=152 acquire_us=16803
BEMFDRVROWS 9:3:7653:870 10:4:742:730 11:5:759:699 12:6:700:579 13:1:777:521 14:2:677:375 15:3:789:317 16:4:556:43
BEMFDRVROWS 17:5:824:24 18:6:876:79 19:1:780:12 20:2:821:24 21:3:835:14
BEMFCURRENT blocks=7869 mean_residual=3059 mean_ma=384 hold_blocks=6660 hold_ma=413 zero_blocks=50 zero_start=619589 zero_end=617308 zero_drift_ma=-286 ref_ma=326 duty_tenths=250
BEMFWITNESS samples=177835 bemf_min=0 bemf_max=0 mid=0 mid_fixed=0 alt=0 hyst_codes=12 driven_rotation=0
vsenc_min=0 vsenc_max=0 star_min=0 star_max=0 bus_ref=1217
BEMFCOAST reason=2 pp_first=0 pp_last=0 crossings=0 spun=1 comp_edges=1395 comp_hi=384451 comp_polls=548820
COASTTIMING trans=907 offset_us=38 first_us=318 iv_us=427,409,429,412,429,412,430,415 ehz_first=1170
CHAINSNAP len=512 total=517900
CHAIN 1 55879 63743 64271 26 528 6 2
CHAIN 1 56010 6615 7143 26 528 1 2
CHAIN 1 56157 16012 16540 26 528 2 2
CHAIN 1 56308 25658 26177 27 519 3 2
CHAIN 1 56428 33338 33882 26 544 4 2
CHAIN 1 56584 43332 43877 26 545 5 2
CHAIN 1 56721 52116 52644 27 528 6 2
CHAIN 1 56855 60692 61236 26 544 1 2
CHAIN 1 56990 3795 4324 26 529 2 2
CHAIN 1 57135 13059 13587 26 528 3 2
CHAIN 1 57261 21126 21654 26 528 4 2
CHAIN 1 57415 30963 31491 26 528 5 2
CHAIN 1 57550 39662 40190 26 528 6 2
CHAIN 1 57691 48672 49395 26 723 1 2
CHAIN 1 57823 57120 57664 26 544 2 2
CHAIN 1 57968 843 1371 26 528 3 2
CHAIN 1 58117 10390 10918 27 528 4 2
CHAIN 1 58254 19157 19701 27 544 5 2
CHAIN 1 58395 28188 28911 27 723 6 2
CHAIN 1 58528 36678 37222 26 544 1 2
CHAIN 1 58670 45763 46291 26 528 2 2
CHAIN 1 58810 54732 55265 26 533 3 2
CHAIN 1 58948 63539 64083 26 544 4 2
CHAIN 1 59090 7096 7640 26 544 5 2
CHAIN 1 59229 16046 16590 26 544 6 2
CHAIN 1 59363 24621 25156 26 535 1 2
CHAIN 1 59508 33848 34555 26 707 2 2
CHAIN 1 59649 42911 43439 27 528 3 2
CHAIN 1 59781 51345 51889 26 544 4 2
CHAIN 1 59934 61154 61682 27 528 5 2
CHAIN 1 60074 4534 5078 27 544 6 2
CHAIN 1 60197 12403 12947 26 544 1 2
CHAIN 1 60343 21802 22330 25 528 2 2
CHAIN 1 60486 30952 31480 26 528 3 2
CHAIN 1 60614 39127 39848 26 721 4 2
CHAIN 1 60768 48947 49475 26 528 5 2
CHAIN 1 60907 57900 58444 27 544 6 2
CHAIN 1 61044 1126 1670 27 544 1 2
CHAIN 1 61178 9658 10202 26 544 2 2
CHAIN 1 61321 18850 19555 26 705 3 2
CHAIN 1 61459 27635 28163 26 528 4 2
CHAIN 1 61608 37179 37707 27 528 5 2
CHAIN 1 61761 46975 47519 27 544 6 2
CHAIN 1 61879 54578 55122 27 544 1 2
CHAIN 1 62030 64240 64962 26 722 2 2
CHAIN 1 62163 7184 7712 26 528 3 2
CHAIN 1 62309 16545 17089 26 544 4 2
CHAIN 1 62457 25988 26532 27 544 5 2
CHAIN 1 62581 33950 34494 26 544 6 2
CHAIN 1 62717 42623 43167 26 544 1 2
CHAIN 1 62866 52151 52679 26 528 2 2
CHAIN 1 62987 59952 60480 26 528 3 2
CHAIN 1 63133 3743 4271 26 528 4 2
CHAIN 1 63277 12927 13455 26 528 5 2
CHAIN 1 63417 21901 22445 27 544 6 2
CHAIN 1 63559 30973 31517 27 544 1 2
CHAIN 1 63698 39874 40418 27 544 2 2
CHAIN 1 63847 49451 50171 27 720 3 2
CHAIN 1 63967 57128 57672 26 544 4 2
CHAIN 1 64112 880 1408 25 528 5 2
CHAIN 1 64251 9734 10439 26 705 6 2
CHAIN 1 64383 18194 18722 26 528 1 2
CHAIN 1 64530 27591 28119 26 528 2 2
CHAIN 1 64683 37410 37938 27 528 3 2
CHAIN 1 64801 44918 45462 26 544 4 2
CHAIN 1 64954 54744 55288 26 544 5 2
CHAIN 1 65101 64115 64643 27 528 6 2
CHAIN 1 65231 6948 7492 27 544 1 2
CHAIN 1 65363 15375 16097 25 722 2 2
CHAIN 1 65508 24637 25165 26 528 3 2
CHAIN 1 119 34092 34620 26 528 4 2
CHAIN 1 271 43810 44354 27 544 5 2
CHAIN 1 389 51357 51901 27 544 6 2
CHAIN 1 531 60448 61169 25 721 1 2
CHAIN 1 661 3231 3759 25 528 2 2
CHAIN 1 805 12424 12952 26 528 3 2
CHAIN 1 954 21947 22476 26 529 4 2
CHAIN 1 1104 31593 32137 27 544 5 2
CHAIN 1 1232 39731 40275 27 544 6 2
CHAIN 1 1367 48413 48957 26 544 1 2
CHAIN 1 1507 57337 57865 26 528 2 2
CHAIN 1 1638 205 733 25 528 3 2
CHAIN 1 1782 9453 9981 26 528 4 2
CHAIN 1 1928 18747 19275 27 528 5 2
CHAIN 1 2065 27551 28095 27 544 6 2
CHAIN 1 2200 36197 36741 26 544 1 2
CHAIN 1 2355 46125 46829 26 704 2 2
CHAIN 1 2486 54496 55040 27 544 3 2
CHAIN 1 2618 62908 63452 26 544 4 2
CHAIN 1 2773 7289 7817 26 528 5 2
CHAIN 1 2902 15599 16143 27 544 6 2
CHAIN 1 3033 23981 24525 25 544 1 2
CHAIN 1 3180 33379 33907 26 528 2 2
CHAIN 1 3320 42352 42880 27 528 3 2
CHAIN 1 3451 50703 51247 26 544 4 2
CHAIN 1 3604 60519 61047 26 528 5 2
CHAIN 1 3736 3394 3938 27 544 6 2
CHAIN 1 3867 11765 12486 25 721 1 2
CHAIN 1 4013 21166 21694 26 528 2 2
CHAIN 1 4157 30352 30880 27 528 3 2
CHAIN 1 4284 38493 39037 26 544 4 2
CHAIN 1 4438 48323 48851 26 528 5 2
CHAIN 1 4574 57060 57766 26 706 6 2
CHAIN 1 4715 524 1068 26 544 1 2
CHAIN 1 4847 8947 9491 26 544 2 2
CHAIN 1 4991 18198 18727 26 529 3 2
CHAIN 1 5132 27202 27730 26 528 4 2
CHAIN 1 5297 37777 38321 28 544 5 2
CHAIN 1 5416 45365 45909 27 544 6 2
CHAIN 1 5551 54064 54608 25 544 1 2
CHAIN 1 5680 62270 62798 25 528 2 2
CHAIN 1 5824 5994 6522 26 528 3 2
CHAIN 1 5973 15508 16036 27 528 4 2
CHAIN 1 6113 24451 24995 27 544 5 2
CHAIN 1 6251 33311 33855 27 544 6 2
CHAIN 1 6385 41897 42441 26 544 1 2
CHAIN 1 6526 50917 51445 26 528 2 2
CHAIN 1 6657 59314 59842 26 528 3 2
CHAIN 1 6802 3052 3758 26 706 4 2
CHAIN 1 6957 12959 13487 27 528 5 2
CHAIN 1 7085 21114 21658 27 544 6 2
CHAIN 1 7230 30407 30951 26 544 1 2
CHAIN 1 7368 39277 39821 27 544 2 2
CHAIN 1 7519 48929 49473 27 544 3 2
CHAIN 1 7636 56430 56974 26 544 4 2
CHAIN 1 7782 206 734 26 528 5 2
CHAIN 1 7920 9069 9597 26 528 6 2
CHAIN 1 8053 17554 18082 26 528 1 2
CHAIN 1 8202 27071 27599 26 528 2 2
CHAIN 1 8340 35944 36472 27 528 3 2
CHAIN 1 8470 44262 44806 26 544 4 2
CHAIN 1 8616 53560 54268 26 708 5 2
CHAIN 1 8753 62350 62878 26 528 6 2
CHAIN 1 8886 5339 5883 26 544 1 2
CHAIN 1 9033 14736 15266 26 530 2 2
CHAIN 1 9172 23663 24191 27 528 3 2
CHAIN 1 9304 32058 32602 26 544 4 2
CHAIN 1 9457 41877 42405 26 528 5 2
CHAIN 1 9596 50790 51334 27 544 6 2
CHAIN 1 9719 58658 59202 26 544 1 2
CHAIN 1 9866 2523 3051 25 528 2 2
CHAIN 1 10017 12167 12695 27 528 3 2
CHAIN 1 10145 20401 20946 27 545 4 2
CHAIN 1 10290 29668 30212 26 544 5 2
CHAIN 1 10429 38575 39103 27 528 6 2
CHAIN 1 10567 47352 47896 26 544 1 2
CHAIN 1 10699 55840 56384 26 544 2 2
CHAIN 1 10852 93 622 26 529 3 2
CHAIN 1 10970 7633 8177 26 544 4 2
CHAIN 1 11124 17461 17989 26 528 5 2
CHAIN 1 11260 26167 26695 27 528 6 2
CHAIN 1 11399 35061 35605 26 544 1 2
CHAIN 1 11532 43624 44152 26 528 2 2
CHAIN 1 11677 52887 53415 26 528 3 2
CHAIN 1 11814 61675 62203 26 528 4 2
CHAIN 1 11958 5352 5897 26 545 5 2
CHAIN 1 12092 13926 14470 26 544 6 2
CHAIN 1 12236 23097 23641 26 544 1 2
CHAIN 1 12366 31411 31958 26 547 2 2
CHAIN 1 12510 40671 41199 26 528 3 2
CHAIN 1 12649 49544 50072 26 528 4 2
CHAIN 1 12796 58960 59504 26 544 5 2
CHAIN 1 12929 1933 2477 27 544 6 2
CHAIN 1 13071 11034 11578 26 544 1 2
CHAIN 1 13212 20078 20606 26 528 2 2
CHAIN 1 13352 29003 29547 26 544 3 2
CHAIN 1 13510 39151 39695 27 544 4 2
CHAIN 1 13629 46756 47300 26 544 5 2
CHAIN 1 13804 57908 58452 27 544 6 2
CHAIN 1 13905 64419 64963 26 544 1 2
CHAIN 1 14045 7829 8373 25 544 2 2
CHAIN 1 14185 16786 17315 25 529 3 2
CHAIN 1 14325 25746 26274 26 528 4 2
CHAIN 1 14462 34519 35047 26 528 5 2
CHAIN 1 14614 44236 44764 27 528 6 2
CHAIN 1 14736 52043 52587 26 544 1 2
CHAIN 1 14878 61162 61867 25 705 2 2
CHAIN 1 15010 4023 4551 26 528 3 2
CHAIN 1 15155 13355 13883 26 528 4 2
CHAIN 1 15309 23206 23734 27 528 5 2
CHAIN 1 15437 31359 31903 27 544 6 2
CHAIN 1 15572 40017 40561 26 544 1 2
CHAIN 1 15720 49477 50005 26 528 2 2
CHAIN 1 15871 59180 59708 27 528 3 2
CHAIN 1 15999 1787 2332 26 545 4 2
CHAIN 1 16134 10419 10963 26 544 5 2
CHAIN 1 16272 19269 19797 26 528 6 2
CHAIN 1 16405 27799 28328 25 529 1 2
CHAIN 1 16553 37263 37791 26 528 2 2
CHAIN 1 16723 48161 48680 28 519 3 2
CHAIN 1 16822 54509 55053 26 544 4 2
CHAIN 1 16967 63778 64322 25 544 5 2
CHAIN 1 17103 6962 7667 25 705 6 2
CHAIN 1 17238 15583 16111 25 528 1 2
CHAIN 1 17384 24901 25429 26 528 2 2
CHAIN 1 17524 33889 34417 27 528 3 2
CHAIN 1 17657 42368 42912 26 544 4 2
CHAIN 1 17801 51596 52124 26 528 5 2
CHAIN 1 17939 60459 60987 26 528 6 2
CHAIN 1 18080 3932 4476 26 544 1 2
CHAIN 1 18216 12644 13366 26 722 2 2
CHAIN 1 18357 21679 22207 26 528 3 2
CHAIN 1 18489 30086 30614 26 528 4 2
CHAIN 1 18642 39897 40425 26 528 5 2
CHAIN 1 18772 48197 48741 27 544 6 2
CHAIN 1 18904 56687 57231 25 544 1 2
CHAIN 1 19051 550 1078 26 528 2 2
CHAIN 1 19191 9476 10004 27 528 3 2
CHAIN 1 19322 17865 18588 26 723 4 2
CHAIN 1 19475 27689 28217 26 528 5 2
CHAIN 1 19615 36603 37147 27 544 6 2
CHAIN 1 19738 44471 45016 26 545 1 2
CHAIN 1 19884 53873 54401 25 528 2 2
CHAIN 1 20027 62973 63501 26 528 3 2
CHAIN 1 20156 5685 6229 26 544 4 2
CHAIN 1 20308 15473 16001 26 528 5 2
CHAIN 1 20449 24435 24963 27 528 6 2
CHAIN 1 20571 32255 32799 26 544 1 2
CHAIN 1 20719 41743 42271 25 528 2 2
CHAIN 1 20870 51403 51931 27 528 3 2
CHAIN 1 20988 58977 59521 26 544 4 2
CHAIN 1 21142 3261 3965 26 704 5 2
CHAIN 1 21282 12213 12741 27 528 6 2
CHAIN 1 21416 20837 21381 26 544 1 2
CHAIN 1 21561 30069 30614 26 545 2 2
CHAIN 1 21695 38662 39206 26 544 3 2
CHAIN 1 21832 47450 47994 26 544 4 2
CHAIN 1 21975 56615 57143 26 528 5 2
CHAIN 1 22115 7 535 26 528 6 2
CHAIN 1 22251 8720 9441 26 721 1 2
CHAIN 1 22384 17223 17751 26 528 2 2
CHAIN 1 22526 26321 26849 26 528 3 2
CHAIN 1 22655 34547 35253 25 706 4 2
CHAIN 1 22808 44383 44911 26 528 5 2
CHAIN 1 22948 53320 53848 27 528 6 2
CHAIN 1 23085 62073 62617 27 544 1 2
CHAIN 1 23217 5007 5551 26 544 2 2
CHAIN 1 23362 14268 14974 26 706 3 2
CHAIN 1 23501 23198 23726 26 528 4 2
CHAIN 1 23641 32173 32717 26 544 5 2
CHAIN 1 23777 40840 41385 26 545 6 2
CHAIN 1 23932 50780 51299 26 519 1 2
CHAIN 1 24050 58326 58870 26 544 2 2
CHAIN 1 24195 2046 2574 26 528 3 2
CHAIN 1 24334 10985 11513 26 528 4 2
CHAIN 1 24480 20330 21037 27 707 5 2
CHAIN 1 24612 28773 29317 26 544 6 2
CHAIN 1 24753 37795 38339 26 544 1 2
CHAIN 1 24893 46732 47260 26 528 2 2
CHAIN 1 25028 55374 55902 26 528 3 2
CHAIN 1 25176 64831 65359 26 528 4 2
CHAIN 1 25314 8138 8682 26 544 5 2
CHAIN 1 25467 17955 18499 27 544 6 2
CHAIN 1 25599 26359 26905 27 546 1 2
CHAIN 1 25730 34761 35305 26 544 2 2
CHAIN 1 25861 43158 43686 25 528 3 2
CHAIN 1 26002 52207 52738 26 531 4 2
CHAIN 1 26147 61467 61995 26 528 5 2
CHAIN 1 26296 5439 6146 27 707 6 2
CHAIN 1 26422 13542 14086 26 544 1 2
CHAIN 1 26563 22566 23110 26 544 2 2
CHAIN 1 26694 30940 31468 26 528 3 2
CHAIN 1 26839 40226 40754 26 528 4 2
CHAIN 1 26994 50126 50645 27 519 5 2
CHAIN 1 27121 58280 58824 27 544 6 2
CHAIN 1 27255 1318 1862 26 544 1 2
CHAIN 1 27404 10852 11559 26 707 2 2
CHAIN 1 27537 19345 19873 26 528 3 2
CHAIN 1 27672 28006 28550 26 544 4 2
CHAIN 1 27819 37422 37950 26 528 5 2
CHAIN 1 27955 46070 46598 26 528 6 2
CHAIN 1 28090 54716 55260 26 544 1 2
CHAIN 1 28239 64245 64773 26 528 2 2
CHAIN 1 28389 8345 8889 27 544 3 2
CHAIN 1 28507 15888 16432 26 544 4 2
CHAIN 1 28651 25093 25637 25 544 5 2
CHAIN 1 28789 33943 34471 26 528 6 2
CHAIN 1 28931 43049 43577 26 528 1 2
CHAIN 1 29067 51742 52286 26 544 2 2
CHAIN 1 29209 60791 61335 26 544 3 2
CHAIN 1 29340 3671 4215 26 544 4 2
CHAIN 1 29485 12956 13484 26 528 5 2
CHAIN 1 29624 21833 22361 26 528 6 2
CHAIN 1 29756 30284 30828 26 544 1 2
CHAIN 1 29911 40210 40738 27 528 2 2
CHAIN 1 30056 49499 50034 27 535 3 2
CHAIN 1 30173 57003 57547 26 544 4 2
CHAIN 1 30318 741 1269 26 528 5 2
CHAIN 1 30458 9652 10180 26 528 6 2
CHAIN 1 30589 18068 18596 26 528 1 2
CHAIN 1 30736 27467 28173 26 706 2 2
CHAIN 1 30887 37112 37640 27 528 3 2
CHAIN 1 31007 44789 45333 26 544 4 2
CHAIN 1 31160 54599 55143 26 544 5 2
CHAIN 1 31300 63568 64096 26 528 6 2
CHAIN 1 31431 6437 6981 26 544 1 2
CHAIN 1 31569 15251 15779 26 528 2 2
CHAIN 1 31712 24419 24947 26 528 3 2
CHAIN 1 31840 32579 33107 26 528 4 2
CHAIN 1 31993 42393 42921 26 528 5 2
CHAIN 1 32133 51348 51876 27 528 6 2
CHAIN 1 32284 61020 61564 27 544 1 2
CHAIN 1 32402 3036 3580 26 544 2 2
CHAIN 1 32546 12257 12785 26 528 3 2
CHAIN 1 32674 20433 20961 25 528 4 2
CHAIN 1 32827 30198 30726 26 528 5 2
CHAIN 1 32963 38917 39621 27 704 6 2
CHAIN 1 33104 47934 48469 26 535 1 2
CHAIN 1 33235 56357 56901 26 544 2 2
CHAIN 1 33379 37 565 26 528 3 2
CHAIN 1 33519 9010 9538 26 528 4 2
CHAIN 1 33660 17985 18529 26 544 5 2
CHAIN 1 33811 27644 28188 27 544 6 2
CHAIN 1 33940 35907 36451 26 544 1 2
CHAIN 1 34069 44199 44921 25 722 2 2
CHAIN 1 34213 53404 53932 25 528 3 2
CHAIN 1 34362 62915 63443 27 528 4 2
CHAIN 1 34513 7040 7584 27 544 5 2
CHAIN 1 34640 15200 15744 27 544 6 2
CHAIN 1 34773 23702 24246 26 544 1 2
CHAIN 1 34902 31968 32496 25 528 2 2
CHAIN 1 35046 41185 41713 26 528 3 2
CHAIN 1 35193 50574 51103 26 529 4 2
CHAIN 1 35332 59500 60044 26 544 5 2
CHAIN 1 35473 2987 3531 27 544 6 2
CHAIN 1 35617 12180 12724 26 544 1 2
CHAIN 1 35756 21099 21643 26 544 2 2
CHAIN 1 35890 29640 30361 26 721 3 2
CHAIN 1 36029 38530 39058 26 528 4 2
CHAIN 1 36170 47564 48083 26 519 5 2
CHAIN 1 36309 56436 56965 26 529 6 2
CHAIN 1 36442 64961 65505 26 544 1 2
CHAIN 1 36590 8884 9412 26 528 2 2
CHAIN 1 36728 17750 18278 27 528 3 2
CHAIN 1 36859 26107 26651 26 544 4 2
CHAIN 1 37012 35945 36473 26 528 5 2
CHAIN 1 37141 44188 44732 27 544 6 2
CHAIN 1 37275 52745 53289 25 544 1 2
CHAIN 1 37421 62074 62603 26 529 2 2
CHAIN 1 37561 5522 6050 27 528 3 2
CHAIN 1 37692 13925 14469 26 544 4 2
CHAIN 1 37838 23226 23754 26 528 5 2
CHAIN 1 37977 32140 32668 26 528 6 2
CHAIN 1 38108 40532 41076 26 544 1 2
CHAIN 1 38255 49927 50455 26 528 2 2
CHAIN 1 38397 58998 59526 26 528 3 2
CHAIN 1 38526 1720 2264 26 544 4 2
CHAIN 1 38679 11535 12063 26 528 5 2
CHAIN 1 38810 19941 20485 27 544 6 2
CHAIN 1 38955 29225 29769 26 544 1 2
CHAIN 1 39088 37713 38257 26 544 2 2
CHAIN 1 39232 46945 47490 26 545 3 2
CHAIN 1 39372 55907 56435 27 528 4 2
CHAIN 1 39514 64958 65502 27 544 5 2
CHAIN 1 39650 8143 8687 26 544 6 2
CHAIN 1 39791 17156 17700 26 544 1 2
CHAIN 1 39921 25497 26025 26 528 2 2
CHAIN 1 40066 34758 35286 26 528 3 2
CHAIN 1 40214 44263 44791 26 528 4 2
CHAIN 1 40352 53066 53610 27 544 5 2
CHAIN 1 40492 62008 62552 27 544 6 2
CHAIN 1 40628 5173 5717 26 544 1 2
CHAIN 1 40768 14145 14689 26 544 2 2
CHAIN 1 40899 22542 23070 26 528 3 2
CHAIN 1 41050 32238 32768 26 530 4 2
CHAIN 1 41199 41723 42251 27 528 5 2
CHAIN 1 41325 49819 50363 27 544 6 2
CHAIN 1 41461 58485 59029 25 544 1 2
CHAIN 1 41609 2456 2984 26 528 2 2
CHAIN 1 41732 10326 10854 26 528 3 2
CHAIN 1 41879 19703 20231 25 528 4 2
CHAIN 1 42022 28867 29395 27 528 5 2
CHAIN 1 42162 37822 38367 27 545 6 2
CHAIN 1 42294 46318 46862 26 544 1 2
CHAIN 1 42439 55583 56111 26 528 2 2
CHAIN 1 42582 64708 65236 26 528 3 2
CHAIN 1 42712 7492 8036 26 544 4 2
CHAIN 1 42857 16803 17508 26 705 5 2
CHAIN 1 42996 25706 26234 26 528 6 2
CHAIN 1 43128 34102 34646 26 544 1 2
CHAIN 1 43274 43502 44030 26 528 2 2
CHAIN 1 43416 52586 53114 26 528 3 2
CHAIN 1 43545 60829 61373 26 544 4 2
CHAIN 1 43700 5199 5727 27 528 5 2
CHAIN 1 43838 14022 14566 27 544 6 2
CHAIN 1 43975 22830 23552 27 722 1 2
CHAIN 1 44108 31285 31829 26 544 2 2
CHAIN 1 44252 40547 41075 26 528 3 2
CHAIN 1 44388 49251 49779 26 528 4 2
CHAIN 1 44552 59717 60245 27 528 5 2
CHAIN 1 44669 1714 2258 27 544 6 2
CHAIN 1 44811 10768 11312 25 544 1 2
CHAIN 1 44941 19068 19596 25 528 2 2
CHAIN 1 45094 28876 29404 26 528 3 2
CHAIN 1 45225 37273 37801 27 528 4 2
CHAIN 1 45385 47504 48224 27 720 5 2
CHAIN 1 45517 55940 56484 27 544 6 2
CHAIN 1 45646 64200 64744 26 544 1 2
CHAIN 1 45775 6934 7462 25 528 2 2
CHAIN 1 45919 16117 16645 26 528 3 2
CHAIN 1 46106 28141 28669 28 528 4 2
CHAIN 1 46217 35190 35734 28 544 5 2
CHAIN 1 46346 43443 43987 26 544 6 2
CHAIN 1 46481 52107 52635 25 528 1 2
CHAIN 1 46629 61564 62092 26 528 2 2
CHAIN 1 46767 4855 5383 27 528 3 2
CHAIN 1 46898 13280 14001 26 721 4 2
CHAIN 1 47043 22557 23085 26 528 5 2
CHAIN 1 47179 31268 31796 26 528 6 2
CHAIN 1 47314 39918 40448 26 530 1 2
CHAIN 1 47459 49166 49694 26 528 2 2
CHAIN 1 47601 58234 58762 27 528 3 2
CHAIN 1 47731 1072 1616 26 544 4 2
CHAIN 1 47885 10888 11416 27 528 5 2
CHAIN 1 48038 20674 21218 28 544 6 2
CHAIN 1 48162 28632 29176 27 544 1 2
CHAIN 1 48294 37072 37616 25 544 2 2
CHAIN 1 48438 46310 46838 26 528 3 2
CHAIN 1 48565 54401 54929 25 528 4 2
CHAIN 1 48718 64227 64932 26 705 5 2
CHAIN 1 48857 7596 8124 26 528 6 2
CHAIN 1 48996 16435 16979 27 544 1 2
CHAIN 1 49137 25479 26023 27 544 2 2
CHAIN 1 49280 34654 35198 26 544 3 2
CHAIN 1 49412 43092 43636 26 544 4 2
CHAIN 1 49558 52417 52961 26 544 5 2
CHAIN 1 49712 62314 62849 27 535 6 2
CHAIN 1 49842 5102 5649 27 547 1 2
CHAIN 1 49981 13970 14514 26 544 2 2
CHAIN 1 50114 22460 22988 26 528 3 2
CHAIN 1 50272 32600 33128 26 528 4 2
CHAIN 1 50405 41082 41626 27 544 5 2
CHAIN 1 50532 49248 49792 26 544 6 2
CHAIN 1 50667 57899 58427 25 528 1 2
CHAIN 1 50815 1818 2346 26 528 2 2
CHAIN 1 50938 9690 10218 26 528 3 2
CHAIN 1 51084 19020 19548 25 528 4 2
CHAIN 1 51229 28320 28848 27 528 5 2
CHAIN 1 51368 37183 37727 26 544 6 2
CHAIN 1 51501 45684 46228 26 544 1 2
CHAIN 1 51657 55708 56238 26 530 2 2
CHAIN 1 51787 63996 64540 27 544 3 2
CHAIN 1 51918 6863 7407 26 544 4 2
CHAIN 1 52063 16136 16664 26 528 5 2
CHAIN 1 52202 25031 25559 26 528 6 2
CHAIN 1 52334 33464 34008 26 544 1 2
CHAIN 1 52482 42953 43481 26 528 2 2
CHAIN 1 52624 52021 52549 26 528 3 2
CHAIN 1 52751 60187 60731 26 544 4 2
CHAIN 1 52905 4473 5001 26 528 5 2
CHAIN 1 53045 13444 13972 27 528 6 2
CHAIN 1 53182 22230 22775 27 545 1 2
CHAIN 1 53314 30646 31190 26 544 2 2
CHAIN 1 53458 39910 40438 26 528 3 2
CHAIN 1 53585 48030 48558 26 528 4 2
CHAIN 1 53738 57807 58335 26 528 5 2
CHAIN 1 53874 971 1678 26 707 6 2
CHAIN 1 54016 10098 10642 27 544 1 2
CHAIN 1 54147 18431 18975 26 544 2 2
CHAIN 1 54290 27577 28106 26 529 3 2
CHAIN 1 54432 36664 37192 26 528 4 2
CHAIN 1 54577 45990 46711 26 721 5 2
CHAIN 1 54731 55810 56354 27 544 6 2
CHAIN 1 54852 63562 64097 26 535 1 2
CHAIN 1 54991 6962 7506 25 544 2 2
CHAIN 1 55125 15480 16008 25 528 3 2
CHAIN 1 55279 25394 25922 26 528 4 2
CHAIN 1 55445 35963 36507 28 544 5 2
CHAIN 1 55551 42794 43338 27 544 6 2
CHAIN 1 55687 51469 52190 25 721 1 2
CHAIN 1 55835 60925 61453 26 528 2 2
CHAIN 1 55958 3261 3789 25 528 3 2
CHAIN 1 56102 12525 13054 26 529 4 2
CHAIN 1 56248 21869 22397 26 528 5 2
CHAIN 1 56386 30689 31233 27 544 6 2
CHAIN 1 56529 39800 40344 27 544 1 2
CHAIN 1 56675 49176 49720 27 544 2 2
CHAIN 1 56809 57729 58275 26 546 3 2
CHAIN 1 56937 433 977 26 544 4 2
CHAIN 1 57083 9715 10243 26 528 5 2
CHAIN 1 57219 18435 18964 26 529 6 2
CHAIN 1 57353 27039 27567 26 528 1 2
CHAIN 1 57500 36436 36964 26 528 2 2
CHAIN 1 57640 45412 45940 27 528 3 2
CHAIN 1 57772 53825 54369 26 544 4 2
CHAIN 1 57926 63680 64199 27 519 5 2
CHAIN 1 58063 6950 7494 27 544 6 2
CHAIN 1 58186 14821 15365 26 544 1 2
CHAIN 1 58333 24223 24751 25 528 2 2
CHAIN 1 58476 33392 33920 27 528 3 2
CHAIN 1 58604 41547 42091 26 544 4 2
CHAIN 1 58757 51368 51896 26 528 5 2
CHAIN 1 58897 60330 60858 27 528 6 2
CHAIN 1 59034 3549 4094 27 545 1 2
CHAIN 1 59166 12003 12547 26 544 2 2
CHAIN 1 59311 21266 21794 26 528 3 2
CHAIN 1 59459 30723 31251 26 528 4 2
CHAIN 1 59611 40440 40984 27 544 5 2
CHAIN 1 59727 47894 48616 26 722 6 2
CHAIN 1 59869 56977 57521 26 544 1 2
CHAIN 1 59999 65329 321 25 528 2 2
CHAIN 1 60144 9052 9580 26 528 3 2
CHAIN 1 60293 18559 19087 26 528 4 2
CHAIN 1 60430 27365 27909 27 544 5 2
CHAIN 1 60566 36025 36569 26 544 6 2
CHAIN 1 60704 44875 45419 26 544 1 2
CHAIN 1 60855 54515 55043 26 528 2 2
CHAIN 1 60986 62924 63459 26 535 3 2
CHAIN 1 61126 6352 6896 26 544 4 2
CHAIN 1 61277 16014 16542 26 528 5 2
CHAIN 1 61404 24166 24710 27 544 6 2
CHAIN 1 61540 32828 33372 25 544 1 2
CHAINSNAP len=512 total=1035801
CHAIN 2 25933 25935 0 2 0 4 3
CHAIN 2 26074 26031 26032 2 0 5 1
CHAIN 2 26074 26076 0 2 0 5 3
CHAIN 2 26222 26176 26178 1 0 6 1
CHAIN 2 26222 26224 0 2 0 6 3
CHAIN 2 26372 26326 26327 2 0 1 1
CHAIN 2 26372 26374 0 2 0 1 3
CHAIN 2 26496 26451 26452 2 0 2 1
CHAIN 2 26496 26498 0 2 0 2 3
CHAIN 2 26636 26592 26593 2 0 3 1
CHAIN 2 26636 26638 0 2 0 3 3
CHAIN 2 26768 26722 26724 1 0 4 1
CHAIN 2 26768 26770 0 2 0 4 3
CHAIN 2 26913 26867 26869 1 0 5 1
CHAIN 2 26913 26915 0 2 0 5 3
CHAIN 2 27070 27024 27026 2 0 6 1
CHAIN 2 27070 27072 0 2 0 6 3
CHAIN 2 27197 27151 27152 2 0 1 1
CHAIN 2 27197 27199 0 2 0 1 3
CHAIN 2 27328 27284 27285 2 0 2 1
CHAIN 2 27328 27330 0 2 0 2 3
CHAIN 2 27479 27433 27435 1 0 3 1
CHAIN 2 27479 27481 0 2 0 3 3
CHAIN 2 27612 27566 27568 2 0 4 1
CHAIN 2 27612 27616 0 4 0 4 3
CHAIN 2 27745 27701 27702 2 0 5 1
CHAIN 2 27745 27747 0 2 0 5 3
CHAIN 2 27893 27848 27849 2 0 6 1
CHAIN 2 27893 27895 0 2 0 6 3
CHAIN 2 28029 27984 27985 2 0 1 1
CHAIN 2 28029 28031 0 2 0 1 3
CHAIN 2 28163 28121 28122 4 0 2 1
CHAIN 2 28163 28165 0 2 0 2 3
CHAIN 2 28313 28268 28269 2 0 3 1
CHAIN 2 28313 28315 0 2 0 3 3
CHAIN 2 28469 28419 28423 2 0 4 1
CHAIN 2 28469 28471 0 2 0 4 3
CHAIN 2 28582 28535 28537 1 0 5 1
CHAIN 2 28582 28584 0 2 0 5 3
CHAIN 2 28724 28679 28681 2 0 6 1
CHAIN 2 28724 28727 0 3 0 6 3
CHAIN 2 28864 28818 28820 1 0 1 1
CHAIN 2 28864 28866 0 2 0 1 3
CHAIN 2 29005 28960 28961 2 0 2 1
CHAIN 2 29005 29007 0 2 0 2 3
CHAIN 2 29141 29096 29097 2 0 3 1
CHAIN 2 29141 29145 0 4 0 3 3
CHAIN 2 29284 29238 29240 2 0 4 1
CHAIN 2 29284 29285 0 1 0 4 3
CHAIN 2 29413 29369 29370 2 0 5 1
CHAIN 2 29413 29415 0 2 0 5 3
CHAIN 2 29559 29513 29515 1 0 6 1
CHAIN 2 29559 29561 0 2 0 6 3
CHAIN 2 29698 29653 29655 2 0 1 1
CHAIN 2 29698 29700 0 2 0 1 3
CHAIN 2 29830 29784 29786 1 0 2 1
CHAIN 2 29830 29832 0 2 0 2 3
CHAIN 2 29987 29941 29943 2 0 3 1
CHAIN 2 29987 29989 0 2 0 3 3
CHAIN 2 30134 30085 30087 1 0 4 1
CHAIN 2 30134 30136 0 2 0 4 3
CHAIN 2 30247 30202 30204 2 0 5 1
CHAIN 2 30247 30249 0 2 0 5 3
CHAIN 2 30391 30346 30348 1 0 6 1
CHAIN 2 30391 30393 0 2 0 6 3
CHAIN 2 30532 30487 30488 2 0 1 1
CHAIN 2 30532 30534 0 2 0 1 3
CHAIN 2 30663 30618 30620 2 0 2 1
CHAIN 2 30663 30665 0 2 0 2 3
CHAIN 2 30810 30765 30767 2 0 3 1
CHAIN 2 30810 30811 0 1 0 3 3
CHAIN 2 30963 30917 30918 2 0 4 1
CHAIN 2 30963 30965 0 2 0 4 3
CHAIN 2 31081 31036 31038 2 0 5 1
CHAIN 2 31081 31083 0 2 0 5 3
CHAIN 2 31234 31189 31191 1 0 6 1
CHAIN 2 31234 31236 0 2 0 6 3
CHAIN 2 31376 31329 31331 2 0 1 1
CHAIN 2 31376 31378 0 2 0 1 3
CHAIN 2 31505 31460 31461 2 0 2 1
CHAIN 2 31505 31507 0 2 0 2 3
CHAIN 2 31643 31598 31600 2 0 3 1
CHAIN 2 31643 31645 0 2 0 3 3
CHAIN 2 31787 31740 31742 1 0 4 1
CHAIN 2 31787 31789 0 2 0 4 3
CHAIN 2 31913 31869 31871 2 0 5 1
CHAIN 2 31913 31915 0 2 0 5 3
CHAIN 2 32068 32022 32024 1 0 6 1
CHAIN 2 32068 32070 0 2 0 6 3
CHAIN 2 32210 32163 32165 2 0 1 1
CHAIN 2 32210 32212 0 2 0 1 3
CHAIN 2 32360 32314 32315 2 0 2 1
CHAIN 2 32360 32363 0 3 0 2 3
CHAIN 2 32476 32431 32432 2 0 3 1
CHAIN 2 32476 32478 0 2 0 3 3
CHAIN 2 32619 32574 32576 1 0 4 1
CHAIN 2 32619 32621 0 2 0 4 3
CHAIN 2 32747 32702 32704 2 0 5 1
CHAIN 2 32747 32749 0 2 0 5 3
CHAIN 2 32900 32856 32858 2 0 6 1
CHAIN 2 32900 32902 0 2 0 6 3
CHAIN 2 33038 32993 32994 2 0 1 1
CHAIN 2 33038 33040 0 2 0 1 3
CHAIN 2 33178 33133 33135 2 0 2 1
CHAIN 2 33178 33180 0 2 0 2 3
CHAIN 2 33308 33264 33265 2 0 3 1
CHAIN 2 33308 33310 0 2 0 3 3
CHAIN 2 33452 33408 33409 2 0 4 1
CHAIN 2 33452 33454 0 2 0 4 3
CHAIN 2 33593 33548 33549 2 0 5 1
CHAIN 2 33593 33595 0 2 0 5 3
CHAIN 2 33735 33690 33692 3 0 6 1
CHAIN 2 33735 33737 0 2 0 6 3
CHAIN 2 33888 33841 33843 2 0 1 1
CHAIN 2 33888 33890 0 2 0 1 3
CHAIN 2 34016 33969 33971 2 0 2 1
CHAIN 2 34016 34018 0 2 0 2 3
CHAIN 2 34141 34097 34098 2 0 3 1
CHAIN 2 34141 34143 0 2 0 3 3
CHAIN 2 34286 34240 34242 1 0 4 1
CHAIN 2 34286 34288 0 2 0 4 3
CHAIN 2 34437 34392 34394 2 0 5 1
CHAIN 2 34437 34439 0 2 0 5 3
CHAIN 2 34591 34543 34545 2 0 6 1
CHAIN 2 34591 34593 0 2 0 6 3
CHAIN 2 34716 34670 34671 2 0 1 1
CHAIN 2 34716 34718 0 2 0 1 3
CHAIN 2 34847 34801 34803 1 0 2 1
CHAIN 2 34847 34849 0 2 0 2 3
CHAIN 2 34974 34929 34931 1 0 3 1
CHAIN 2 34974 34976 0 2 0 3 3
CHAIN 2 35119 35074 35076 1 0 4 1
CHAIN 2 35119 35121 0 2 0 4 3
CHAIN 2 35268 35222 35224 2 0 5 1
CHAIN 2 35268 35270 0 2 0 5 3
CHAIN 2 35407 35361 35363 2 0 6 1
CHAIN 2 35407 35409 0 2 0 6 3
CHAIN 2 35548 35503 35505 2 0 1 1
CHAIN 2 35548 35550 0 2 0 1 3
CHAIN 2 35693 35645 35647 1 0 2 1
CHAIN 2 35693 35697 0 4 0 2 3
CHAIN 2 35831 35785 35787 2 0 3 1
CHAIN 2 35831 35833 0 2 0 3 3
CHAIN 2 35964 35919 35921 2 0 4 1
CHAIN 2 35964 35966 0 2 0 4 3
CHAIN 2 36102 36058 36060 2 0 5 1
CHAIN 2 36102 36104 0 2 0 5 3
CHAIN 2 36244 36202 36203 5 0 6 1
CHAIN 2 36244 36246 0 2 0 6 3
CHAIN 2 36383 36338 36339 2 0 1 1
CHAIN 2 36383 36385 0 2 0 1 3
CHAIN 2 36516 36471 36473 2 0 2 1
CHAIN 2 36516 36519 0 3 0 2 3
CHAIN 2 36664 36620 36621 3 0 3 1
CHAIN 2 36664 36666 0 2 0 3 3
CHAIN 2 36804 36758 36760 1 0 4 1
CHAIN 2 36804 36808 0 4 0 4 3
CHAIN 2 36933 36888 36890 2 0 5 1
CHAIN 2 36933 36935 0 2 0 5 3
CHAIN 2 37086 37041 37042 2 0 6 1
CHAIN 2 37086 37088 0 2 0 6 3
CHAIN 2 37216 37171 37172 2 0 1 1
CHAIN 2 37216 37218 0 2 0 1 3
CHAIN 2 37348 37303 37305 1 0 2 1
CHAIN 2 37348 37350 0 2 0 2 3
CHAIN 2 37494 37450 37452 2 0 3 1
CHAIN 2 37494 37496 0 2 0 3 3
CHAIN 2 37637 37591 37593 2 0 4 1
CHAIN 2 37637 37639 0 2 0 4 3
CHAIN 2 37765 37721 37722 2 0 5 1
CHAIN 2 37765 37767 0 2 0 5 3
CHAIN 2 37911 37867 37869 2 0 6 1
CHAIN 2 37911 37913 0 2 0 6 3
CHAIN 2 38052 38006 38008 2 0 1 1
CHAIN 2 38052 38053 0 1 0 1 3
CHAIN 2 38182 38136 38138 1 0 2 1
CHAIN 2 38182 38184 0 2 0 2 3
CHAIN 2 38329 38284 38286 2 0 3 1
CHAIN 2 38329 38331 0 2 0 3 3
CHAIN 2 38472 38426 38427 2 0 4 1
CHAIN 2 38472 38474 0 2 0 4 3
CHAIN 2 38600 38555 38557 2 0 5 1
CHAIN 2 38600 38602 0 2 0 5 3
CHAIN 2 38754 38708 38710 2 0 6 1
CHAIN 2 38754 38756 0 2 0 6 3
CHAIN 2 38885 38840 38842 2 0 1 1
CHAIN 2 38885 38887 0 2 0 1 3
CHAIN 2 39029 38984 38986 2 0 2 1
CHAIN 2 39029 39031 0 2 0 2 3
CHAIN 2 39163 39116 39118 1 0 3 1
CHAIN 2 39163 39165 0 2 0 3 3
CHAIN 2 39306 39261 39262 2 0 4 1
CHAIN 2 39306 39308 0 2 0 4 3
CHAIN 2 39448 39401 39403 1 0 5 1
CHAIN 2 39448 39450 0 2 0 5 3
CHAIN 2 39590 39544 39546 2 0 6 1
CHAIN 2 39590 39592 0 2 0 6 3
CHAIN 2 39725 39678 39680 1 0 1 1
CHAIN 2 39725 39727 0 2 0 1 3
CHAIN 2 39866 39820 39822 2 0 2 1
CHAIN 2 39866 39868 0 2 0 2 3
CHAIN 2 39995 39950 39952 1 0 3 1
CHAIN 2 39995 39997 0 2 0 3 3
CHAIN 2 40139 40095 40097 2 0 4 1
CHAIN 2 40139 40142 0 3 0 4 3
CHAIN 2 40289 40243 40244 2 0 5 1
CHAIN 2 40289 40291 0 2 0 5 3
CHAIN 2 40429 40382 40384 1 0 6 1
CHAIN 2 40429 40431 0 2 0 6 3
CHAIN 2 40567 40522 40524 2 0 1 1
CHAIN 2 40567 40569 0 2 0 1 3
CHAIN 2 40702 40657 40659 2 0 2 1
CHAIN 2 40702 40704 0 2 0 2 3
CHAIN 2 40843 40797 40799 2 0 3 1
CHAIN 2 40843 40845 0 2 0 3 3
CHAIN 2 40973 40928 40930 2 0 4 1
CHAIN 2 40973 40975 0 2 0 4 3
CHAIN 2 41124 41079 41080 2 0 5 1
CHAIN 2 41124 41126 0 2 0 5 3
CHAIN 2 41276 41229 41231 2 0 6 1
CHAIN 2 41276 41278 0 2 0 6 3
CHAIN 2 41400 41355 41356 2 0 1 1
CHAIN 2 41400 41402 0 2 0 1 3
CHAIN 2 41533 41489 41491 2 0 2 1
CHAIN 2 41533 41535 0 2 0 2 3
CHAIN 2 41684 41638 41640 1 0 3 1
CHAIN 2 41684 41686 0 2 0 3 3
CHAIN 2 41806 41761 41763 1 0 4 1
CHAIN 2 41806 41808 0 2 0 4 3
CHAIN 2 41951 41907 41908 2 0 5 1
CHAIN 2 41951 41953 0 2 0 5 3
CHAIN 2 42097 42052 42054 2 0 6 1
CHAIN 2 42097 42099 0 2 0 6 3
CHAIN 2 42238 42192 42194 2 0 1 1
CHAIN 2 42238 42240 0 2 0 1 3
CHAIN 2 42368 42323 42325 2 0 2 1
CHAIN 2 42368 42370 0 2 0 2 3
CHAIN 2 42514 42467 42469 1 0 3 1
CHAIN 2 42514 42516 0 2 0 3 3
CHAIN 2 42657 42611 42613 2 0 4 1
CHAIN 2 42657 42659 0 2 0 4 3
CHAIN 2 42787 42741 42743 2 0 5 1
CHAIN 2 42787 42789 0 2 0 5 3
CHAIN 2 42931 42885 42887 1 0 6 1
CHAIN 2 42931 42933 0 2 0 6 3
CHAIN 2 43070 43025 43026 2 0 1 1
CHAIN 2 43070 43072 0 2 0 1 3
CHAIN 2 43201 43157 43159 2 0 2 1
CHAIN 2 43201 43203 0 2 0 2 3
CHAIN 2 43348 43303 43304 2 0 3 1
CHAIN 2 43348 43350 0 2 0 3 3
CHAIN 2 43491 43445 43446 2 0 4 1
CHAIN 2 43491 43493 0 2 0 4 3
CHAIN 2 43620 43576 43578 4 0 5 1
CHAIN 2 43620 43621 0 1 0 5 3
CHAIN 2 43776 43730 43732 2 0 6 1
CHAIN 2 43776 43778 0 2 0 6 3
CHAIN 2 43915 43868 43870 1 0 1 1
CHAIN 2 43915 43917 0 2 0 1 3
CHAIN 2 44050 44005 44006 2 0 2 1
CHAIN 2 44050 44052 0 2 0 2 3
CHAIN 2 44181 44137 44139 2 0 3 1
CHAIN 2 44181 44183 0 2 0 3 3
CHAIN 2 44326 44283 44285 4 0 4 1
CHAIN 2 44326 44328 0 2 0 4 3
CHAIN 2 44463 44416 44418 1 0 5 1
CHAIN 2 44463 44465 0 2 0 5 3
CHAIN 2 44632 44582 44586 2 0 6 1
CHAIN 2 44632 44634 0 2 0 6 3
CHAIN 2 44745 44699 44701 2 0 1 1
CHAIN 2 44745 44747 0 2 0 1 3
CHAIN 2 44884 44838 44840 1 0 2 1
CHAIN 2 44884 44889 0 5 0 2 3
CHAIN 2 45013 44969 44971 2 0 3 1
CHAIN 2 45013 45015 0 2 0 3 3
CHAIN 2 45169 45123 45125 2 0 4 1
CHAIN 2 45169 45170 0 1 0 4 3
CHAIN 2 45301 45255 45257 1 0 5 1
CHAIN 2 45301 45303 0 2 0 5 3
CHAIN 2 45462 45415 45417 2 0 6 1
CHAIN 2 45462 45464 0 2 0 6 3
CHAIN 2 45595 45547 45549 2 0 1 1
CHAIN 2 45595 45597 0 2 0 1 3
CHAIN 2 45720 45675 45677 1 0 2 1
CHAIN 2 45720 45722 0 2 0 2 3
CHAIN 2 45847 45803 45805 1 0 3 1
CHAIN 2 45847 45849 0 2 0 3 3
CHAIN 2 45991 45948 45949 2 0 4 1
CHAIN 2 45991 45993 0 2 0 4 3
CHAIN 2 46185 46137 46138 2 0 5 1
CHAIN 2 46185 46187 0 2 0 5 3
CHAIN 2 46296 46248 46250 2 0 6 1
CHAIN 2 46296 46298 0 2 0 6 3
CHAIN 2 46418 46375 46377 2 0 1 1
CHAIN 2 46418 46420 0 2 0 1 3
CHAIN 2 46553 46509 46511 2 0 2 1
CHAIN 2 46553 46554 0 1 0 2 3
CHAIN 2 46702 46658 46660 2 0 3 1
CHAIN 2 46702 46707 0 5 0 3 3
CHAIN 2 46842 46797 46799 2 0 4 1
CHAIN 2 46842 46844 0 2 0 4 3
CHAIN 2 46971 46927 46928 2 0 5 1
CHAIN 2 46971 46973 0 2 0 5 3
CHAIN 2 47117 47071 47073 1 0 6 1
CHAIN 2 47117 47119 0 2 0 6 3
CHAIN 2 47256 47208 47212 2 0 1 1
CHAIN 2 47256 47258 0 2 0 1 3
CHAIN 2 47387 47343 47344 2 0 2 1
CHAIN 2 47387 47389 0 2 0 2 3
CHAIN 2 47534 47488 47490 2 0 3 1
CHAIN 2 47534 47536 0 2 0 3 3
CHAIN 2 47676 47631 47633 2 0 4 1
CHAIN 2 47676 47678 0 2 0 4 3
CHAIN 2 47805 47760 47762 2 0 5 1
CHAIN 2 47805 47807 0 2 0 5 3
CHAIN 2 47963 47915 47920 2 0 6 1
CHAIN 2 47963 47965 0 2 0 6 3
CHAIN 2 48117 48069 48071 2 0 1 1
CHAIN 2 48117 48121 0 4 0 1 3
CHAIN 2 48238 48192 48193 2 0 2 1
CHAIN 2 48238 48240 0 2 0 2 3
CHAIN 2 48366 48324 48326 4 0 3 1
CHAIN 2 48366 48368 0 2 0 3 3
CHAIN 2 48512 48466 48468 1 0 4 1
CHAIN 2 48512 48514 0 2 0 4 3
CHAIN 2 48637 48593 48595 2 0 5 1
CHAIN 2 48637 48641 0 4 0 5 3
CHAIN 2 48792 48747 48749 2 0 6 1
CHAIN 2 48792 48794 0 2 0 6 3
CHAIN 2 48932 48886 48887 2 0 1 1
CHAIN 2 48932 48934 0 2 0 1 3
CHAIN 2 49074 49026 49031 2 0 2 1
CHAIN 2 49074 49076 0 2 0 2 3
CHAIN 2 49213 49167 49169 1 0 3 1
CHAIN 2 49213 49215 0 2 0 3 3
CHAIN 2 49355 49309 49310 2 0 4 1
CHAIN 2 49355 49357 0 2 0 4 3
CHAIN 2 49487 49440 49442 1 0 5 1
CHAIN 2 49487 49489 0 2 0 5 3
CHAIN 2 49633 49587 49589 2 0 6 1
CHAIN 2 49633 49637 0 4 0 6 3
CHAIN 2 49789 49742 49743 2 0 1 1
CHAIN 2 49789 49791 0 2 0 1 3
CHAIN 2 49918 49872 49874 2 0 2 1
CHAIN 2 49918 49920 0 2 0 2 3
CHAIN 2 50056 50009 50011 1 0 3 1
CHAIN 2 50056 50058 0 2 0 3 3
CHAIN 2 50187 50143 50145 2 0 4 1
CHAIN 2 50187 50189 0 2 0 4 3
CHAIN 2 50348 50301 50303 1 0 5 1
CHAIN 2 50348 50350 0 2 0 5 3
CHAIN 2 50482 50435 50437 2 0 6 1
CHAIN 2 50482 50483 0 1 0 6 3
CHAIN 2 50605 50561 50562 2 0 1 1
CHAIN 2 50605 50607 0 2 0 1 3
CHAIN 2 50738 50695 50696 2 0 2 1
CHAIN 2 50738 50740 0 2 0 2 3
CHAIN 2 50892 50844 50849 1 0 3 1
CHAIN 2 50892 50894 0 2 0 3 3
CHAIN 2 51012 50967 50969 1 0 4 1
CHAIN 2 51012 51014 0 2 0 4 3
CHAIN 2 51157 51112 51114 2 0 5 1
CHAIN 2 51157 51159 0 2 0 5 3
CHAIN 2 51305 51258 51260 1 0 6 1
CHAIN 2 51305 51307 0 2 0 6 3
CHAIN 2 51444 51397 51399 2 0 1 1
CHAIN 2 51444 51446 0 2 0 1 3
CHAIN 2 51575 51530 51532 2 0 2 1
CHAIN 2 51575 51577 0 2 0 2 3
CHAIN 2 51733 51685 51687 1 0 3 1
CHAIN 2 51733 51735 0 2 0 3 3
CHAIN 2 51864 51817 51819 2 0 4 1
CHAIN 2 51864 51866 0 2 0 4 3
CHAIN 2 51992 51946 51948 1 0 5 1
CHAIN 2 51992 51994 0 2 0 5 3
CHAIN 2 52136 52092 52094 2 0 6 1
CHAIN 2 52136 52138 0 2 0 6 3
CHAIN 2 52276 52231 52233 2 0 1 1
CHAIN 2 52276 52278 0 2 0 1 3
CHAIN 2 52408 52364 52366 3 0 2 1
CHAIN 2 52408 52410 0 2 0 2 3
CHAIN 2 52556 52511 52513 2 0 3 1
CHAIN 2 52556 52558 0 2 0 3 3
CHAIN 2 52699 52653 52654 2 0 4 1
CHAIN 2 52699 52701 0 2 0 4 3
CHAIN 2 52824 52780 52781 2 0 5 1
CHAIN 2 52824 52826 0 2 0 5 3
CHAIN 2 52979 52934 52936 2 0 6 1
CHAIN 2 52979 52981 0 2 0 6 3
CHAIN 2 53121 53075 53077 2 0 1 1
CHAIN 2 53121 53123 0 2 0 1 3
CHAIN 2 53257 53212 53213 2 0 2 1
CHAIN 2 53257 53259 0 2 0 2 3
CHAIN 2 53387 53343 53345 2 0 3 1
CHAIN 2 53387 53389 0 2 0 3 3
CHAIN 2 53531 53487 53488 2 0 4 1
CHAIN 2 53531 53533 0 2 0 4 3
CHAIN 2 53659 53613 53615 1 0 5 1
CHAIN 2 53659 53661 0 2 0 5 3
CHAIN 2 53813 53767 53769 2 0 6 1
CHAIN 2 53813 53815 0 2 0 6 3
CHAIN 2 53949 53903 53905 2 0 1 1
CHAIN 2 53949 53951 0 2 0 1 3
CHAIN 2 54091 54046 54048 2 0 2 1
CHAIN 2 54091 54093 0 2 0 2 3
CHAIN 2 54224 54176 54178 2 0 3 1
CHAIN 2 54224 54226 0 2 0 3 3
CHAIN 2 54363 54319 54321 2 0 4 1
CHAIN 2 54363 54365 0 2 0 4 3
CHAIN 2 54506 54461 54463 2 0 5 1
CHAIN 2 54506 54508 0 2 0 5 3
CHAIN 2 54652 54606 54607 2 0 6 1
CHAIN 2 54652 54654 0 2 0 6 3
CHAIN 2 54809 54761 54763 2 0 1 1
CHAIN 2 54809 54811 0 2 0 1 3
CHAIN 2 54928 54881 54883 2 0 2 1
CHAIN 2 54928 54930 0 2 0 2 3
CHAIN 2 55063 55019 55021 2 0 3 1
CHAIN 2 55063 55065 0 2 0 3 3
CHAIN 2 55197 55153 55154 2 0 4 1
CHAIN 2 55197 55199 0 2 0 4 3
CHAIN 2 55353 55308 55309 2 0 5 1
CHAIN 2 55353 55355 0 2 0 5 3
CHAIN 2 55525 55476 55478 2 0 6 1
CHAIN 2 55525 55526 0 1 0 6 3
CHAIN 2 55627 55581 55583 2 0 1 1
CHAIN 2 55627 55629 0 2 0 1 3
CHAIN 2 55758 55714 55716 1 0 2 1
CHAIN 2 55758 55760 0 2 0 2 3
CHAIN 2 55908 55864 55866 2 0 3 1
CHAIN 2 55908 55910 0 2 0 3 3
CHAIN 2 56030 55986 55988 2 0 4 1
CHAIN 2 56030 56032 0 2 0 4 3
CHAIN 2 56174 56131 56132 2 0 5 1
CHAIN 2 56174 56176 0 2 0 5 3
CHAIN 2 56322 56277 56278 2 0 6 1
CHAIN 2 56322 56324 0 2 0 6 3
CHAIN 2 56461 56416 56417 2 0 1 1
CHAIN 2 56461 56463 0 2 0 1 3
CHAIN 2 56604 56559 56561 2 0 2 1
CHAIN 2 56604 56607 0 3 0 2 3
CHAIN 2 56752 56707 56709 4 0 3 1
CHAIN 2 56752 56754 0 2 0 3 3
CHAIN 2 56885 56838 56840 2 0 4 1
CHAIN 2 56885 56887 0 2 0 4 3
CHAIN 2 57010 56966 56968 2 0 5 1
CHAIN 2 57010 57012 0 2 0 5 3
CHAIN 2 57157 57112 57114 2 0 6 1
CHAIN 2 57157 57159 0 2 0 6 3
CHAIN 2 57293 57248 57250 2 0 1 1
CHAIN 2 57293 57295 0 2 0 1 3
CHAIN 2 57427 57381 57383 1 0 2 1
CHAIN 2 57427 57429 0 2 0 2 3
CHAIN 2 57574 57530 57532 3 0 3 1
CHAIN 2 57574 57576 0 2 0 3 3
CHAIN 2 57716 57669 57671 1 0 4 1
CHAIN 2 57716 57718 0 2 0 4 3
CHAIN 2 57847 57801 57803 2 0 5 1
CHAIN 2 57847 57849 0 2 0 5 3
CHAIN 2 58001 57956 57957 2 0 6 1
CHAIN 2 58001 58003 0 2 0 6 3
CHAIN 2 58139 58093 58094 2 0 1 1
CHAIN 2 58139 58141 0 2 0 1 3
CHAIN 2 58259 58215 58216 2 0 2 1
CHAIN 2 58259 58261 0 2 0 2 3
CHAIN 2 58406 58360 58362 1 0 3 1
CHAIN 2 58406 58408 0 2 0 3 3
CHAIN 2 58551 58506 58507 2 0 4 1
CHAIN 2 58551 58553 0 2 0 4 3
CHAIN 2 58678 58633 58635 1 0 5 1
CHAIN 2 58678 58680 0 2 0 5 3
CHAIN 2 58831 58786 58787 2 0 6 1
CHAIN 2 58831 58833 0 2 0 6 3
CHAIN 2 58976 58927 58931 2 0 1 1
CHAIN 2 58976 58978 0 2 0 1 3
CHAIN 2 59109 59064 59065 2 0 2 1
CHAIN 2 59109 59111 0 2 0 2 3
CHAIN 2 59239 59195 59196 2 0 3 1
CHAIN 2 59239 59241 0 2 0 3 3
CHAIN 2 59385 59340 59342 2 0 4 1
CHAIN 2 59385 59387 0 2 0 4 3
CHAIN 2 59534 59488 59490 2 0 5 1
CHAIN 2 59534 59537 0 3 0 5 3
CHAIN 2 59689 59641 59643 2 0 6 1
CHAIN 2 59689 59691 0 2 0 6 3
CHAIN 2 59802 59755 59757 1 0 1 1
CHAIN 2 59802 59804 0 2 0 1 3
CHAIN 2 59942 59897 59899 1 0 2 1
CHAIN 2 59942 59944 0 2 0 2 3
CHAIN 2 60071 60027 60028 2 0 3 1
CHAIN 2 60071 60073 0 2 0 3 3
CHAIN 2 60218 60172 60174 1 0 4 1
CHAIN 2 60218 60220 0 2 0 4 3
CHAIN 2 60368 60322 60324 2 0 5 1
CHAIN 2 60368 60370 0 2 0 5 3
CHAIN 2 60506 60460 60461 2 0 6 1
CHAIN 2 60506 60508 0 2 0 6 3
CHAIN 2 60640 60595 60597 2 0 1 1
CHAIN 2 60640 60642 0 2 0 1 3
CHAIN 2 60779 60733 60735 1 0 2 1
CHAIN 2 60779 60781 0 2 0 2 3
CHAIN 2 60930 60884 60885 2 0 3 1
CHAIN 2 60930 60932 0 2 0 3 3
CHAIN 2 61062 61015 61017 2 0 4 1
CHAIN 2 61062 61064 0 2 0 4 3
CHAIN 2 61201 61154 61156 1 0 5 1
CHAIN 2 61201 61203 0 2 0 5 3
CHAIN 2 61353 61306 61308 2 0 6 1
CHAIN 2 61353 61355 0 2 0 6 3
CHAIN 2 61479 61434 61435 2 0 1 1
CHAIN 2 61479 61481 0 2 0 1 3
CHAIN 2 61613 61568 61570 2 0 2 1
CHAINEND
